NAME: lin105Preorder
TYPE: ATSP
DIMENSION: 105
EDGE_WEIGHT_TYPE: EXPLICIT
EDGE_WEIGHT_FORMAT: FULL_MATRIX 
EDGE_WEIGHT_SECTION
9999	0	159	958	907	49	72	400	492	149	176	301	1017	972	288	550	624	601	505	425	383	412	458	535	625	648	559	486	441	507	545	571	627	1177	1149	845	903	1351	1328	966	1087	1132	1145	1096	1050	1194	1148	1108	1088	1160	1198	1242	1297	1250	1211	1266	1306	1353	1366	1698	1691	1558	1589	1642	1875	1872	1704	1722	1772	1798	1736	1770	1791	1814	1840	1816	1799	1801	1820	1837	1861	1823	1849	1852	1890	1907	2004	2005	1973	1982	1989	1998	2009	2059	2061	2029	2037	2045	2048	2068	2053	2060	368	898	1422	
0	9999	153	956	903	33	49	391	482	130	150	282	1008	964	263	531	608	580	485	399	355	383	431	511	605	625	536	459	413	481	517	544	602	1162	1133	821	880	1331	1307	942	1060	1109	1121	1068	1025	1169	1122	1079	1059	1134	1173	1216	1268	1222	1188	1238	1277	1325	1339	1682	1674	1538	1566	1621	1861	1858	1683	1703	1749	1776	1716	1747	1767	1795	1820	1797	1776	1779	1799	1816	1840	1801	1830	1832	1877	1893	1993	1994	1966	1974	1984	1989	1999	2055	2056	2019	2029	2042	2044	2067	2050	2054	340	872	1394	
159	153	9999	681	623	159	166	143	221	209	225	157	736	695	262	321	381	376	321	310	352	378	345	356	408	433	385	374	406	439	488	518	506	930	904	666	704	1117	1103	902	938	966	997	971	968	1047	1026	1024	1027	1078	1082	1104	1155	1138	1134	1188	1191	1207	1299	1535	1534	1460	1476	1568	1731	1734	1649	1671	1678	1693	1690	1707	1708	1718	1743	1733	1731	1751	1754	1756	1766	1775	1802	1799	1855	1859	1950	1951	1930	1940	1975	1984	1983	2027	2032	2010	2018	2017	2024	2057	2046	2049	301	788	1335	
958	956	681	9999	13	956	957	452	361	967	972	718	157	187	929	552	481	563	682	830	971	983	846	703	584	603	717	861	995	958	1003	1028	892	507	539	808	759	789	820	1239	1033	1001	1072	1144	1246	1123	1189	1292	1358	1340	1232	1171	1217	1282	1381	1424	1336	1269	1537	1335	1364	1508	1488	1694	1568	1593	1812	1833	1714	1701	1864	1831	1783	1745	1774	1809	1854	1900	1871	1829	1796	1914	1928	1915	1956	1927	1860	1877	1946	1941	2032	2038	2012	1984	1990	2052	2058	2026	2023	2029	2065	2066	897	1073	1501	
907	903	623	13	9999	900	901	390	300	911	915	656	136	157	865	490	419	500	619	765	911	922	779	636	522	541	654	795	934	896	942	966	828	483	506	748	703	762	788	1186	985	952	1024	1090	1192	1072	1138	1232	1296	1279	1185	1124	1173	1229	1329	1373	1280	1220	1495	1305	1335	1472	1453	1656	1545	1568	1769	1796	1682	1667	1824	1793	1744	1712	1737	1772	1817	1874	1837	1794	1760	1885	1900	1886	1936	1901	1838	1859	1928	1921	2016	2022	2001	1975	1983	2047	2051	2015	2012	2019	2063	2064	833	1019	1457	
49	33	159	956	900	9999	0	370	464	48	72	215	981	935	172	469	550	513	404	303	253	280	332	430	535	554	452	360	305	375	412	438	503	1111	1075	731	794	1258	1232	834	967	1020	1026	971	925	1076	1024	977	956	1030	1075	1128	1176	1129	1086	1141	1180	1222	1228	1611	1599	1460	1489	1534	1792	1790	1596	1618	1669	1696	1632	1666	1686	1711	1736	1712	1692	1695	1714	1732	1759	1715	1743	1746	1800	1824	1971	1970	1922	1936	1947	1958	1968	2040	2041	1989	1998	2011	2018	2062	2028	2037	244	765	1295	
72	49	166	957	901	0	9999	367	461	32	49	203	975	930	147	453	536	498	385	282	230	253	309	410	518	535	430	333	281	348	384	410	479	1097	1061	708	772	1240	1214	806	946	997	1005	948	896	1051	1000	952	933	1007	1048	1103	1151	1103	1058	1114	1153	1201	1203	1593	1583	1437	1470	1515	1773	1767	1571	1595	1649	1676	1609	1643	1665	1691	1717	1691	1671	1673	1692	1712	1736	1695	1722	1725	1778	1803	1964	1963	1907	1923	1935	1947	1961	2033	2034	1984	1989	2006	2011	2059	2018	2029	224	738	1264	
400	391	143	452	390	370	367	9999	26	372	377	160	473	428	343	157	176	202	219	296	410	427	319	246	231	256	272	342	445	436	488	518	436	668	647	506	521	883	876	848	788	801	847	855	894	905	912	949	974	1002	965	960	1017	1021	1052	1108	1075	1069	1225	1359	1365	1334	1345	1487	1572	1581	1579	1601	1567	1574	1629	1627	1612	1608	1637	1639	1657	1688	1678	1664	1662	1709	1734	1726	1793	1777	1851	1861	1859	1866	1947	1957	1945	1978	1980	1988	1995	1983	1986	2020	2025	2035	333	700	1230	
492	482	221	361	300	464	461	26	9999	465	469	228	383	340	426	165	158	202	249	354	484	498	378	277	231	255	300	399	513	495	545	575	475	598	582	506	507	826	822	882	786	789	843	866	921	901	921	969	1007	1022	973	956	1013	1027	1072	1127	1082	1064	1249	1319	1329	1330	1335	1496	1545	1555	1593	1619	1564	1568	1644	1634	1614	1603	1633	1642	1664	1705	1685	1665	1658	1723	1747	1735	1806	1782	1830	1840	1855	1860	1951	1965	1949	1969	1973	1991	2002	1981	1984	2013	2031	2039	407	724	1242	
149	130	209	967	911	48	32	372	465	9999	1	161	961	910	79	405	494	445	317	206	139	164	229	338	461	476	356	248	189	251	283	304	384	1050	1015	622	694	1183	1153	698	853	910	914	848	789	961	902	847	822	904	953	1012	1057	1006	958	1014	1056	1110	1103	1529	1517	1346	1381	1429	1705	1698	1489	1512	1565	1595	1527	1556	1580	1609	1637	1607	1585	1587	1607	1630	1661	1609	1638	1642	1695	1719	1921	1919	1846	1869	1882	1895	1912	2007	2008	1948	1959	1976	1985	2043	1989	1999	140	636	1167	
176	150	225	972	915	72	49	377	469	1	9999	156	958	906	55	395	487	433	304	188	122	139	210	321	448	461	338	229	164	229	256	279	359	1038	1003	602	673	1167	1139	669	827	886	888	821	761	937	876	818	793	876	929	986	1032	978	933	985	1029	1083	1073	1511	1502	1316	1359	1402	1685	1680	1468	1487	1542	1571	1505	1534	1556	1588	1615	1585	1561	1562	1584	1606	1636	1586	1617	1620	1672	1698	1908	1905	1826	1848	1865	1881	1896	1997	1998	1935	1947	1967	1977	2040	1983	1989	124	609	1141	
301	282	157	718	656	215	203	160	228	161	156	9999	681	623	103	143	222	184	103	87	146	165	109	124	203	218	142	128	183	190	233	262	236	773	735	404	457	930	904	621	666	704	727	696	690	781	753	748	757	807	812	839	894	870	866	923	927	950	1032	1333	1326	1198	1220	1335	1535	1534	1427	1451	1460	1476	1474	1485	1488	1503	1530	1516	1515	1533	1534	1537	1549	1554	1582	1578	1640	1643	1800	1803	1747	1765	1841	1862	1859	1950	1951	1918	1933	1930	1940	1996	1972	1980	98	506	1063	
1017	1008	736	157	136	981	975	473	383	961	958	681	9999	13	879	452	361	441	579	744	901	906	750	587	450	460	596	757	911	855	892	916	751	237	266	605	541	507	539	1065	808	759	841	932	1055	888	970	1094	1165	1132	1017	936	984	1057	1171	1209	1104	1029	1354	1063	1093	1271	1242	1501	1335	1364	1622	1648	1508	1488	1681	1635	1577	1537	1562	1602	1663	1729	1683	1625	1584	1748	1768	1745	1822	1757	1644	1668	1785	1770	1960	1967	1927	1860	1877	1992	2003	1946	1941	1944	2030	2036	825	892	1284	
972	964	695	187	157	935	930	428	340	910	906	623	13	9999	819	390	300	377	518	682	840	843	687	526	386	396	532	693	849	789	829	852	685	216	236	543	480	483	506	1008	748	703	782	872	998	833	916	1033	1107	1073	959	883	934	1005	1115	1155	1048	981	1292	1035	1063	1221	1200	1457	1305	1335	1576	1599	1472	1453	1634	1594	1539	1504	1531	1564	1620	1687	1638	1586	1548	1708	1726	1707	1781	1720	1622	1643	1748	1735	1939	1949	1901	1838	1859	1979	1987	1928	1921	1932	2014	2021	764	828	1227	
288	263	262	929	865	172	147	343	426	79	55	103	879	819	9999	291	382	318	195	82	29	45	98	207	327	336	217	112	65	115	139	163	225	931	885	460	532	1037	1010	538	679	737	740	675	623	790	730	681	666	738	783	842	893	840	797	855	894	945	953	1387	1376	1179	1212	1272	1567	1560	1357	1379	1433	1464	1398	1431	1452	1478	1507	1480	1463	1470	1484	1503	1528	1491	1519	1520	1572	1594	1816	1814	1719	1740	1774	1797	1813	1953	1954	1873	1886	1910	1923	2000	1942	1952	25	469	1013	
550	531	321	552	490	469	453	157	165	405	395	143	452	390	291	9999	26	8	46	168	303	307	174	59	22	39	75	182	312	268	307	333	212	505	471	236	251	668	647	596	506	521	565	574	628	620	631	682	722	735	689	679	737	746	791	846	805	796	976	1114	1114	1062	1072	1230	1359	1365	1356	1382	1334	1345	1411	1403	1384	1380	1412	1416	1436	1476	1461	1444	1439	1501	1523	1514	1578	1557	1645	1654	1643	1653	1784	1805	1777	1851	1861	1879	1892	1859	1866	1937	1943	1955	238	436	970	
624	608	381	481	419	550	536	176	158	494	487	222	361	300	382	26	9999	19	113	244	395	398	249	118	30	44	126	255	402	347	389	415	270	423	386	240	236	597	581	642	505	506	561	589	665	619	645	715	764	767	702	675	733	758	819	874	814	791	1007	1067	1071	1058	1062	1241	1318	1329	1372	1399	1329	1334	1431	1415	1386	1376	1407	1419	1448	1494	1471	1446	1433	1515	1536	1526	1594	1563	1619	1628	1638	1643	1798	1818	1781	1829	1839	1885	1900	1854	1859	1924	1950	1964	321	475	988	
601	580	376	563	500	513	498	202	202	445	433	184	441	377	318	8	19	9999	53	183	321	322	184	58	4	13	64	188	325	271	307	330	198	468	427	194	207	617	596	566	458	471	514	529	593	571	586	645	690	698	643	628	687	701	752	806	758	745	941	1060	1060	1017	1024	1191	1303	1310	1313	1346	1281	1291	1375	1366	1343	1335	1368	1373	1393	1445	1420	1397	1392	1467	1490	1478	1544	1524	1598	1609	1600	1610	1748	1771	1738	1812	1821	1850	1870	1822	1828	1911	1926	1938	257	401	932	
505	485	321	682	619	404	385	219	249	317	304	103	579	518	195	46	113	53	9999	73	193	194	76	4	58	64	13	84	199	153	192	216	121	602	557	213	254	731	703	494	471	502	529	514	540	586	571	596	621	652	628	643	701	687	709	764	745	758	892	1132	1127	1021	1038	1170	1366	1366	1277	1310	1287	1305	1342	1345	1335	1343	1373	1368	1376	1410	1400	1392	1397	1436	1465	1456	1521	1512	1641	1646	1605	1620	1723	1743	1728	1843	1849	1828	1847	1824	1834	1931	1909	1925	133	349	905	
425	399	310	830	765	303	282	296	354	206	188	87	744	682	82	168	244	183	73	9999	63	66	4	77	185	189	85	13	74	52	96	117	103	762	714	290	359	873	837	445	523	573	583	535	514	635	591	571	576	628	647	689	743	704	687	745	761	799	862	1221	1210	1047	1079	1167	1441	1435	1257	1286	1311	1341	1313	1335	1345	1366	1393	1376	1368	1387	1392	1400	1421	1413	1446	1443	1504	1510	1696	1696	1622	1639	1706	1725	1727	1883	1884	1810	1831	1836	1853	1954	1897	1913	24	337	899	
383	355	352	971	911	253	230	410	484	139	122	146	901	840	29	303	395	321	193	63	9999	0	68	195	322	326	200	78	10	47	70	93	165	917	869	405	487	1007	968	440	604	669	664	589	528	711	641	584	566	641	695	760	812	748	699	756	803	863	856	1329	1310	1094	1135	1182	1513	1506	1254	1282	1352	1383	1304	1344	1367	1398	1430	1396	1375	1380	1399	1423	1454	1405	1440	1442	1498	1518	1753	1750	1647	1670	1695	1715	1733	1917	1917	1801	1823	1856	1874	1976	1890	1906	16	378	920	
412	383	378	983	922	280	253	427	498	164	139	165	906	843	45	307	398	322	194	66	0	9999	64	193	321	323	195	69	1	37	49	68	146	911	861	388	473	995	956	412	580	647	640	564	502	687	616	557	537	613	669	735	785	721	671	728	774	837	826	1307	1288	1067	1111	1154	1496	1485	1225	1254	1323	1361	1274	1314	1343	1376	1405	1373	1351	1357	1375	1396	1430	1380	1413	1414	1475	1497	1734	1730	1624	1650	1673	1695	1713	1903	1902	1779	1801	1835	1857	1968	1877	1891	25	352	890	
458	431	345	846	779	332	309	319	378	229	210	109	750	687	98	174	249	184	76	4	68	64	9999	72	182	184	75	1	66	40	75	99	80	753	704	266	334	854	817	411	492	544	551	502	480	603	556	536	542	594	612	657	710	670	652	710	725	763	824	1197	1187	1018	1045	1134	1412	1406	1220	1250	1274	1304	1276	1298	1307	1332	1366	1345	1335	1358	1362	1369	1388	1381	1412	1409	1475	1481	1671	1670	1593	1613	1678	1699	1702	1865	1867	1783	1804	1811	1827	1942	1880	1894	33	303	865	
535	511	356	703	636	430	410	246	277	338	321	124	587	526	207	59	118	58	4	77	195	193	72	9999	53	56	1	75	194	142	180	202	101	592	545	185	229	710	678	463	435	470	496	480	505	552	536	562	590	618	594	607	665	652	673	730	710	721	860	1104	1097	988	1009	1139	1336	1335	1242	1272	1251	1268	1304	1307	1298	1305	1343	1335	1345	1378	1369	1362	1367	1403	1434	1426	1494	1483	1616	1620	1577	1591	1697	1718	1704	1819	1824	1802	1823	1798	1809	1915	1888	1904	139	313	871	
625	605	408	584	522	535	518	231	231	461	448	203	450	386	327	22	30	4	58	185	322	321	182	53	9999	1	56	184	322	264	298	318	181	455	412	164	177	594	569	537	424	434	480	496	561	536	552	612	660	666	607	594	652	665	717	771	721	710	909	1029	1029	981	990	1156	1269	1275	1276	1310	1245	1255	1346	1332	1305	1298	1335	1343	1366	1411	1388	1367	1362	1437	1464	1450	1519	1497	1573	1581	1573	1581	1722	1742	1712	1786	1795	1825	1845	1796	1801	1892	1905	1921	261	370	895	
648	625	433	603	541	554	535	256	255	476	461	218	460	396	336	39	44	13	64	189	326	323	184	56	1	9999	53	182	321	258	291	310	168	446	400	138	151	575	550	513	393	405	451	469	535	506	523	586	634	637	578	565	620	635	691	744	693	679	882	1008	1007	953	963	1131	1242	1248	1249	1280	1216	1225	1315	1301	1274	1266	1304	1312	1338	1386	1365	1342	1334	1410	1440	1427	1500	1474	1551	1558	1550	1557	1703	1721	1689	1762	1772	1805	1825	1772	1778	1878	1890	1905	267	344	869	
559	536	385	717	654	452	430	272	300	356	338	142	596	532	217	75	126	64	13	85	200	195	75	1	56	53	9999	72	193	135	170	191	85	584	536	161	210	694	662	436	407	442	469	451	479	523	506	533	564	589	565	578	635	620	645	702	679	693	830	1080	1072	959	980	1111	1308	1308	1213	1244	1221	1239	1274	1276	1266	1274	1312	1304	1314	1355	1344	1334	1342	1377	1408	1397	1473	1461	1594	1597	1553	1566	1675	1696	1682	1799	1804	1779	1801	1775	1788	1898	1876	1888	145	288	840	
486	459	374	861	795	360	333	342	399	248	229	128	757	693	112	182	255	188	84	13	78	69	1	75	184	182	72	9999	64	28	57	85	54	747	697	246	317	840	802	382	466	519	526	474	451	576	528	506	512	565	583	628	682	639	620	679	697	735	796	1178	1164	989	1021	1107	1390	1384	1196	1220	1245	1274	1247	1266	1276	1301	1338	1314	1304	1328	1334	1344	1365	1357	1385	1383	1450	1458	1652	1651	1569	1590	1656	1677	1679	1844	1846	1758	1782	1790	1806	1929	1863	1880	43	277	834	
441	413	406	995	934	305	281	445	513	189	164	183	911	849	65	312	402	325	199	74	10	1	66	194	322	321	193	64	9999	25	34	46	132	906	854	372	458	983	945	382	558	624	617	538	474	664	589	528	507	584	641	711	760	695	641	699	748	812	797	1286	1265	1040	1085	1130	1476	1469	1200	1224	1294	1334	1245	1283	1312	1352	1380	1349	1320	1327	1350	1372	1404	1356	1386	1388	1450	1474	1715	1712	1598	1627	1651	1672	1690	1889	1887	1755	1778	1814	1835	1962	1860	1877	37	326	864	
507	481	439	958	896	375	348	436	495	251	229	190	855	789	115	268	347	271	153	52	47	37	40	142	264	258	135	28	25	9999	7	20	68	825	771	286	369	897	857	321	471	534	528	457	404	575	506	462	453	517	561	622	674	615	574	631	671	725	737	1198	1181	966	1008	1063	1399	1389	1146	1172	1218	1253	1194	1219	1239	1272	1309	1274	1256	1268	1284	1304	1337	1299	1336	1335	1400	1417	1651	1647	1543	1566	1606	1630	1641	1839	1839	1714	1734	1758	1780	1926	1820	1842	53	250	792	
545	517	488	1003	942	412	384	488	545	283	256	233	892	829	139	307	389	307	192	96	70	49	75	180	298	291	170	57	34	7	9999	3	78	851	795	292	379	910	867	283	456	525	511	430	365	556	481	424	408	480	531	603	652	584	535	592	638	702	695	1191	1170	939	981	1026	1385	1375	1106	1132	1190	1221	1152	1185	1205	1239	1273	1237	1214	1225	1242	1264	1302	1254	1290	1290	1363	1382	1632	1628	1518	1540	1570	1595	1608	1821	1820	1682	1703	1729	1752	1911	1787	1808	93	228	755	
571	544	518	1028	966	438	410	518	575	304	279	262	916	852	163	333	415	330	216	117	93	68	99	202	318	310	191	85	46	20	3	9999	88	865	808	296	385	913	870	256	444	516	501	413	339	543	463	397	378	454	511	588	634	564	508	566	617	683	666	1183	1161	919	962	1003	1375	1363	1076	1105	1168	1204	1126	1158	1184	1217	1251	1212	1192	1199	1215	1239	1277	1223	1259	1260	1334	1359	1620	1614	1501	1524	1547	1569	1587	1807	1806	1660	1681	1710	1732	1899	1761	1786	114	211	728	
627	602	506	892	828	503	479	436	475	384	359	236	751	685	225	212	270	198	121	103	165	146	80	101	181	168	85	54	132	68	78	88	9999	681	623	143	222	736	695	269	321	381	383	328	319	433	385	376	396	434	441	486	537	497	492	547	553	591	670	1048	1032	848	881	974	1254	1245	1071	1102	1113	1140	1130	1142	1145	1164	1196	1178	1174	1202	1200	1203	1219	1225	1259	1253	1335	1335	1536	1534	1461	1477	1551	1572	1568	1732	1734	1662	1684	1679	1694	1848	1764	1789	144	157	696	
1177	1162	930	507	483	1111	1097	668	598	1050	1038	773	237	216	931	505	423	468	602	762	917	911	753	592	455	446	584	747	906	825	851	865	681	9999	12	452	361	157	186	894	552	480	567	686	853	602	717	880	967	908	752	641	682	787	938	967	826	725	1103	695	726	958	921	1208	973	1005	1373	1400	1192	1162	1442	1376	1289	1223	1257	1322	1401	1491	1424	1349	1282	1509	1525	1500	1573	1500	1335	1363	1508	1488	1766	1788	1693	1568	1592	1856	1871	1714	1701	1701	1920	1934	855	718	1013	
1149	1133	904	539	506	1075	1061	647	582	1015	1003	735	266	236	885	471	386	427	557	714	869	861	704	545	412	400	536	697	854	771	795	808	623	12	9999	390	300	137	157	831	490	419	503	620	787	541	654	815	908	843	688	579	620	725	877	909	764	667	1039	669	696	907	871	1157	950	974	1317	1350	1145	1119	1387	1323	1235	1181	1209	1267	1354	1446	1373	1294	1233	1464	1480	1454	1532	1457	1306	1335	1473	1454	1724	1741	1656	1546	1568	1815	1833	1683	1668	1680	1893	1906	807	656	953	
845	821	666	808	748	731	708	506	506	622	602	404	605	543	460	236	240	194	213	290	405	388	266	185	164	138	161	246	372	286	292	296	143	452	390	9999	26	474	428	320	157	176	208	226	312	256	272	356	425	403	323	308	365	379	452	501	435	424	639	808	797	695	708	883	1033	1032	1013	1038	973	985	1074	1055	1028	1023	1056	1062	1089	1146	1116	1090	1084	1170	1198	1183	1265	1230	1360	1365	1335	1346	1505	1525	1487	1573	1581	1603	1626	1568	1575	1700	1708	1728	368	160	611	
903	880	704	759	703	794	772	521	507	694	673	457	541	480	532	251	236	207	254	359	487	473	334	229	177	151	210	317	458	369	379	385	222	361	300	26	9999	383	339	398	164	157	207	254	375	254	299	414	492	456	349	306	362	401	499	544	456	421	685	746	740	693	695	902	988	991	1035	1066	969	973	1105	1072	1033	1019	1050	1067	1108	1172	1132	1096	1078	1196	1219	1203	1292	1241	1319	1329	1330	1335	1522	1540	1495	1545	1554	1623	1643	1564	1568	1673	1721	1742	444	228	638	
1351	1331	1117	789	762	1258	1240	883	826	1183	1167	930	507	483	1037	668	597	617	731	873	1007	995	854	710	594	575	694	840	983	897	910	913	736	157	137	474	383	9999	12	836	452	361	443	580	766	459	596	776	883	792	614	482	506	635	812	832	661	537	960	416	447	734	680	1013	695	726	1176	1203	958	921	1245	1163	1063	989	1020	1092	1188	1302	1206	1115	1040	1323	1341	1300	1394	1283	1063	1092	1271	1242	1589	1604	1500	1335	1363	1676	1694	1508	1488	1480	1763	1783	958	681	839	
1328	1307	1103	820	788	1232	1214	876	822	1153	1139	904	539	506	1010	647	581	596	703	837	968	956	817	678	569	550	662	802	945	857	867	870	695	186	157	428	339	12	9999	774	390	300	379	519	705	396	532	715	820	729	550	419	444	570	746	767	597	475	897	389	417	675	622	953	669	696	1119	1147	907	871	1190	1108	1013	940	967	1036	1133	1239	1152	1060	994	1260	1278	1240	1345	1227	1036	1063	1222	1201	1541	1559	1457	1306	1335	1631	1652	1473	1454	1459	1720	1737	927	623	773	
966	942	902	1239	1186	834	806	848	882	698	669	621	1065	1008	538	596	642	566	494	445	440	412	411	463	537	513	436	382	382	321	283	256	269	894	831	320	398	836	774	9999	249	335	276	153	36	288	172	63	46	104	199	308	334	229	141	190	267	367	275	948	912	553	614	609	1091	1065	687	716	800	849	739	772	806	857	889	841	810	820	838	870	915	849	885	884	955	976	1345	1329	1142	1176	1197	1221	1238	1532	1527	1333	1361	1397	1428	1639	1455	1477	467	89	337	
1087	1060	938	1033	985	967	946	788	786	853	827	666	808	748	679	506	505	458	471	523	604	580	492	435	424	393	407	466	558	471	456	444	321	552	490	157	164	452	390	249	9999	26	11	47	187	39	75	201	287	221	106	81	120	139	245	281	185	164	420	605	580	416	429	611	808	797	755	786	695	708	826	792	755	746	781	790	826	898	854	819	812	925	951	932	1019	970	1114	1114	1063	1073	1261	1289	1230	1360	1365	1387	1411	1335	1346	1492	1499	1519	588	143	353	
1132	1109	966	1001	952	1020	997	801	789	910	886	704	759	703	737	521	506	471	502	573	669	647	544	470	434	405	442	519	624	534	525	516	381	480	419	176	157	361	300	335	26	9999	21	114	265	44	126	276	374	292	147	87	123	182	313	344	220	165	485	530	510	417	416	638	746	740	792	824	693	695	868	818	764	741	776	800	852	935	879	827	807	957	982	957	1046	988	1068	1071	1059	1063	1292	1319	1241	1319	1329	1411	1436	1330	1335	1462	1516	1535	646	222	399	
1145	1121	997	1072	1024	1026	1005	847	843	914	888	727	841	782	740	565	561	514	529	583	664	640	551	496	480	451	469	526	617	528	511	501	383	567	503	208	207	443	379	276	11	21	9999	53	202	10	62	205	298	217	91	38	80	116	236	263	147	119	397	554	527	358	369	565	748	735	713	745	636	648	785	744	702	688	724	735	776	857	806	764	753	881	909	885	975	924	1055	1054	1011	1019	1217	1242	1184	1298	1303	1348	1370	1274	1284	1443	1461	1482	650	188	314	
1096	1068	971	1144	1090	971	948	855	866	848	821	696	932	872	675	574	589	529	514	535	589	564	502	480	496	469	451	474	538	457	430	413	328	686	620	226	254	580	519	153	47	114	53	9999	92	62	10	97	173	113	38	91	116	80	134	171	119	147	296	675	641	371	409	526	847	827	655	685	646	673	721	705	688	702	735	724	739	797	768	753	764	823	855	838	928	897	1128	1120	1017	1033	1174	1199	1164	1361	1360	1300	1329	1280	1299	1486	1425	1449	588	108	258	
1050	1025	968	1246	1192	925	896	894	921	789	761	690	1055	998	623	628	665	593	540	514	528	502	480	505	561	535	479	451	474	404	365	339	319	853	787	312	375	766	705	36	187	265	202	92	9999	205	97	10	41	38	113	217	236	134	80	119	171	263	217	844	805	445	503	519	987	961	612	642	697	741	671	688	710	752	785	744	724	749	753	771	813	776	813	807	886	893	1230	1216	1046	1080	1135	1160	1161	1447	1440	1260	1290	1309	1340	1552	1391	1418	546	95	248	
1194	1169	1047	1123	1072	1076	1051	905	901	961	937	781	888	833	790	620	619	571	586	635	711	687	603	552	536	506	523	576	664	575	556	543	433	602	541	256	254	459	396	288	39	44	10	62	205	9999	53	202	296	205	62	10	38	91	217	236	116	80	363	522	493	302	312	510	704	689	663	695	578	590	735	690	644	629	667	678	723	806	750	707	695	830	857	831	928	869	1009	1007	954	964	1170	1194	1131	1243	1248	1291	1318	1217	1226	1392	1412	1438	701	218	274	
1148	1122	1026	1189	1138	1024	1000	912	921	902	876	753	970	916	730	631	645	586	571	591	641	616	556	536	552	523	506	528	589	506	481	463	385	717	654	272	299	596	532	172	75	126	62	10	97	53	9999	92	169	97	10	62	91	38	113	134	80	116	256	648	611	315	355	471	808	785	600	630	589	618	669	648	629	644	678	667	682	742	711	695	707	769	799	780	873	840	1081	1072	960	981	1123	1148	1111	1309	1308	1243	1270	1222	1240	1447	1374	1398	642	142	211	
1108	1079	1024	1292	1232	977	952	949	969	847	818	748	1094	1033	681	682	715	645	596	571	584	557	536	562	612	586	533	506	528	462	424	397	376	880	815	356	414	776	715	63	201	276	205	97	10	202	92	9999	32	10	97	205	217	113	38	80	134	236	170	821	777	397	461	464	953	928	555	585	642	690	613	629	653	699	732	687	667	692	695	716	759	720	755	749	827	836	1192	1178	996	1028	1079	1108	1108	1402	1393	1206	1231	1252	1282	1517	1342	1368	604	131	203	
1088	1059	1027	1358	1296	956	933	974	1007	822	793	757	1165	1107	666	722	764	690	621	576	566	537	542	590	660	634	564	512	507	453	408	378	396	967	908	425	492	883	820	46	287	374	298	173	41	296	169	32	9999	42	176	299	310	191	70	105	212	328	163	926	882	471	541	493	1040	1014	559	586	698	754	609	649	692	754	784	725	683	689	712	753	811	717	754	755	825	858	1265	1247	1032	1073	1073	1102	1125	1465	1455	1203	1228	1286	1324	1566	1338	1366	595	167	239	
1160	1134	1078	1340	1279	1030	1007	1002	1022	904	876	807	1132	1073	738	735	767	698	652	628	641	613	594	618	666	637	589	565	584	517	480	454	434	908	843	403	456	792	729	104	221	292	217	113	38	205	97	10	42	9999	92	202	205	97	10	38	113	217	126	802	757	351	420	406	924	891	499	528	590	639	557	572	597	646	677	630	608	634	636	659	705	664	698	691	770	776	1151	1136	943	977	1025	1051	1050	1362	1354	1153	1181	1199	1226	1479	1282	1312	662	178	152	
1198	1173	1082	1232	1185	1075	1048	965	973	953	929	812	1017	959	783	689	702	643	628	647	695	669	612	594	607	578	565	583	641	561	531	511	441	752	688	323	349	614	550	199	106	147	91	38	113	62	10	97	176	92	9999	53	62	10	97	113	38	91	224	622	583	267	305	414	770	745	546	577	532	563	616	592	572	587	620	608	625	688	655	636	650	715	744	726	816	781	1034	1026	906	929	1069	1096	1054	1258	1255	1193	1216	1171	1190	1398	1321	1351	698	189	166	
1242	1216	1104	1171	1124	1128	1103	960	956	1012	986	839	936	883	842	679	675	628	643	689	760	735	657	607	594	565	578	628	711	622	603	588	486	641	579	308	306	482	419	308	81	87	38	91	217	10	62	205	299	202	53	9999	10	62	205	217	91	38	332	494	459	249	261	460	662	644	613	645	522	532	687	636	587	572	608	620	671	755	697	650	636	778	805	777	876	812	960	956	898	909	1121	1146	1075	1196	1198	1236	1263	1166	1175	1347	1366	1388	752	252	235	
1297	1268	1155	1217	1173	1176	1151	1017	1013	1057	1032	894	984	934	893	737	733	687	701	743	812	785	710	665	652	620	635	682	760	674	652	634	537	682	620	365	362	506	444	334	120	123	80	116	236	38	91	217	310	205	62	10	9999	53	202	205	62	10	310	471	430	202	212	409	620	601	566	598	466	477	640	583	530	515	551	566	617	706	642	594	578	730	754	726	823	756	913	909	841	851	1070	1096	1023	1148	1150	1190	1211	1112	1121	1291	1312	1341	805	294	204	
1250	1222	1138	1282	1229	1129	1103	1021	1027	1006	978	870	1057	1005	840	746	758	701	687	704	748	721	670	652	665	635	620	639	695	615	584	564	497	787	725	379	401	635	570	229	139	182	116	80	134	91	38	113	191	97	10	62	53	9999	92	97	10	62	195	604	560	219	260	357	734	707	494	526	478	507	564	535	515	530	566	551	569	635	598	578	594	662	690	672	762	724	994	982	848	872	1019	1041	1001	1209	1206	1143	1167	1118	1137	1355	1263	1293	753	234	125	
1211	1188	1134	1381	1329	1086	1058	1052	1072	958	933	866	1171	1115	797	791	819	752	709	687	699	671	652	673	717	691	645	620	641	574	535	508	492	938	877	452	499	812	746	141	245	313	236	134	80	217	113	38	70	10	97	205	202	92	9999	10	97	205	94	784	736	307	380	349	893	860	443	473	538	591	502	515	541	594	624	575	551	577	578	603	652	606	639	632	713	719	1113	1095	888	928	970	1000	998	1315	1304	1101	1129	1148	1178	1441	1224	1254	719	226	114	
1266	1238	1188	1424	1373	1141	1114	1108	1127	1014	985	923	1209	1155	855	846	874	806	764	745	756	728	710	730	771	744	702	679	699	631	592	566	547	967	909	501	544	832	767	190	281	344	263	171	119	236	134	80	105	38	113	217	205	97	10	9999	92	202	51	771	721	271	344	295	867	828	385	417	489	544	445	459	488	543	573	520	494	522	522	547	599	550	582	575	657	663	1074	1053	833	875	918	945	944	1268	1257	1044	1071	1095	1127	1395	1174	1201	775	275	75	
1306	1277	1191	1336	1280	1180	1153	1075	1082	1056	1029	927	1104	1048	894	805	814	758	745	761	803	774	725	710	721	693	679	697	748	671	638	617	553	826	764	435	456	661	597	267	185	220	147	119	171	116	80	134	212	113	38	91	62	10	97	92	9999	53	174	587	541	173	220	302	703	672	443	475	423	456	513	481	459	477	509	494	514	583	542	522	537	609	636	616	709	668	952	938	790	815	965	992	947	1166	1161	1090	1116	1062	1082	1302	1210	1236	810	284	94	
1353	1325	1207	1269	1220	1222	1201	1069	1064	1110	1083	950	1029	981	945	796	791	745	758	799	863	837	763	721	710	679	693	735	812	725	702	683	591	725	667	424	421	537	475	367	164	165	119	147	263	80	116	236	328	217	91	38	10	62	205	202	53	9999	295	450	406	150	165	358	584	560	520	551	408	421	595	532	477	459	494	509	565	658	590	537	522	680	705	675	772	701	867	859	781	792	1022	1044	967	1098	1099	1141	1165	1056	1064	1236	1257	1284	858	338	174	
1366	1339	1299	1537	1495	1228	1203	1225	1249	1103	1073	1032	1354	1292	953	976	1007	941	892	862	856	826	824	860	909	882	830	796	797	737	695	666	670	1103	1039	639	685	960	897	275	420	485	397	296	217	363	256	170	163	126	224	332	310	195	94	51	174	295	9999	851	795	292	379	228	910	867	276	301	456	525	323	364	426	506	534	457	399	403	427	481	556	431	468	468	537	569	1077	1049	767	819	796	824	847	1251	1231	934	959	1022	1061	1371	1060	1089	884	398	78	
1698	1682	1535	1335	1305	1611	1593	1359	1319	1529	1511	1333	1063	1035	1387	1114	1067	1060	1132	1221	1329	1307	1197	1104	1029	1008	1080	1178	1286	1198	1191	1183	1048	695	669	808	746	416	389	948	605	530	554	675	844	522	648	821	926	802	622	494	471	604	784	771	587	450	851	9999	13	452	361	718	157	187	892	916	552	480	962	830	682	563	584	703	846	992	861	717	602	1004	1008	958	1050	892	507	539	808	759	1235	1254	1073	789	820	1327	1348	1033	1001	954	1413	1432	1300	873	681	
1691	1674	1534	1364	1335	1599	1583	1365	1329	1517	1502	1326	1093	1063	1376	1114	1071	1060	1127	1210	1310	1288	1187	1097	1029	1007	1072	1164	1265	1181	1170	1161	1032	726	696	797	740	447	417	912	580	510	527	641	805	493	611	777	882	757	583	459	430	560	736	721	541	406	795	13	9999	390	300	656	136	157	828	852	489	418	900	764	619	500	522	636	779	932	794	654	540	942	946	896	990	828	483	506	748	703	1179	1195	1019	762	788	1262	1282	985	952	930	1361	1377	1285	843	623	
1558	1538	1460	1508	1472	1460	1437	1334	1330	1346	1316	1198	1271	1221	1179	1062	1058	1017	1021	1047	1094	1067	1018	988	981	953	959	989	1040	966	939	919	848	958	907	695	693	734	675	553	416	417	358	371	445	302	315	397	471	351	267	249	202	219	307	271	173	150	292	452	390	9999	26	161	474	428	316	344	157	176	393	296	220	203	232	247	320	442	342	272	256	460	476	437	536	437	669	648	507	522	778	804	701	884	877	897	923	789	802	1019	1014	1035	1098	576	143	
1589	1566	1476	1488	1453	1489	1470	1345	1335	1381	1359	1220	1242	1200	1212	1072	1062	1024	1038	1079	1135	1111	1045	1009	990	963	980	1021	1085	1008	981	962	881	921	871	708	695	680	622	614	429	416	369	409	503	312	355	461	541	420	305	261	212	260	380	344	220	165	379	361	300	26	9999	228	383	340	394	422	164	157	470	354	249	202	231	277	378	508	398	299	254	527	538	495	596	475	598	582	506	507	828	852	724	826	822	939	961	786	789	968	1047	1071	1134	619	221	
1642	1621	1568	1694	1656	1534	1515	1487	1496	1429	1402	1335	1501	1457	1272	1230	1241	1191	1170	1167	1182	1154	1134	1139	1156	1131	1111	1107	1130	1063	1026	1003	974	1208	1157	883	902	1013	953	609	611	638	565	526	519	510	471	464	493	406	414	460	409	357	349	295	302	358	228	718	656	161	228	9999	681	623	84	102	143	221	132	87	103	184	203	124	109	179	127	141	217	196	214	190	273	236	773	735	404	457	524	549	506	930	904	651	676	666	704	1033	779	809	1200	696	157	
1875	1861	1731	1568	1545	1792	1773	1572	1545	1705	1685	1535	1335	1305	1567	1359	1318	1303	1366	1441	1513	1496	1412	1336	1269	1242	1308	1390	1476	1399	1385	1375	1254	973	950	1033	988	695	669	1091	808	746	748	847	987	704	808	953	1040	924	770	662	620	734	893	867	703	584	910	157	136	474	383	681	9999	13	835	853	452	361	897	743	579	441	450	587	750	910	757	596	459	915	910	855	942	751	237	266	605	541	1094	1108	892	507	539	1159	1175	808	759	673	1231	1250	1500	1048	736	
1872	1858	1734	1593	1568	1790	1767	1581	1555	1698	1680	1534	1364	1335	1560	1365	1329	1310	1366	1435	1506	1485	1406	1335	1275	1248	1308	1384	1469	1389	1375	1363	1245	1005	974	1032	991	726	696	1065	797	740	735	827	961	689	785	928	1014	891	745	644	601	707	860	828	672	560	867	187	157	428	340	623	13	9999	774	791	390	300	837	681	518	377	386	526	687	847	693	531	395	853	847	789	880	685	216	236	543	480	1031	1042	828	483	506	1099	1115	748	703	646	1175	1192	1493	1032	695	
1704	1683	1649	1812	1769	1596	1571	1579	1593	1489	1468	1427	1622	1576	1357	1356	1372	1313	1277	1257	1254	1225	1220	1242	1276	1249	1213	1196	1200	1146	1106	1076	1071	1373	1317	1013	1035	1176	1119	687	755	792	713	655	612	663	600	555	559	499	546	613	566	494	443	385	443	520	276	892	828	316	394	84	835	774	9999	2	249	335	16	43	154	276	284	165	60	50	82	176	291	75	99	97	148	190	881	836	414	487	386	415	435	995	962	520	547	638	696	1083	655	682	1282	802	262	
1722	1703	1671	1833	1796	1618	1595	1601	1619	1512	1487	1451	1648	1599	1379	1382	1399	1346	1310	1286	1282	1254	1250	1272	1310	1280	1244	1220	1224	1172	1132	1105	1102	1400	1350	1038	1066	1203	1147	716	786	824	745	685	642	695	630	585	586	528	577	645	598	526	473	417	475	551	301	916	852	344	422	102	853	791	2	9999	262	350	6	42	160	285	290	168	53	35	69	177	297	49	76	76	126	175	887	841	404	480	355	384	412	993	959	491	517	620	680	1077	622	653	1312	832	291	
1772	1749	1678	1714	1682	1669	1649	1567	1564	1565	1542	1460	1508	1472	1433	1334	1329	1281	1287	1311	1352	1323	1274	1251	1245	1216	1221	1245	1294	1218	1190	1168	1113	1192	1145	973	969	958	907	800	695	693	636	646	697	578	589	642	698	590	532	522	466	478	538	489	423	408	456	552	489	157	164	143	452	390	249	262	9999	26	302	167	46	9	23	59	174	311	182	75	39	317	316	269	359	213	506	471	237	252	562	581	437	669	648	663	684	507	522	790	772	798	1359	848	320	
1798	1776	1693	1701	1667	1696	1676	1574	1568	1595	1571	1476	1488	1453	1464	1345	1334	1291	1305	1341	1383	1361	1304	1268	1255	1225	1239	1274	1334	1253	1221	1204	1140	1162	1119	985	973	921	871	849	708	695	648	673	741	590	618	690	754	639	563	532	477	507	591	544	456	421	525	480	418	176	157	221	361	300	335	350	26	9999	393	243	113	20	31	119	249	401	255	126	44	407	403	348	441	270	423	387	241	237	626	645	475	598	582	719	740	506	507	729	822	846	1386	881	380	
1736	1716	1690	1864	1824	1632	1609	1629	1644	1527	1505	1474	1681	1634	1398	1411	1431	1375	1342	1313	1304	1274	1276	1304	1346	1315	1274	1247	1245	1194	1152	1126	1130	1442	1387	1074	1105	1245	1190	739	826	868	785	721	671	735	669	613	609	557	616	687	640	564	502	445	513	595	323	962	900	393	470	132	897	837	16	6	302	393	9999	67	194	322	326	200	78	17	90	205	329	32	54	67	110	183	924	876	424	502	326	354	406	1020	984	463	492	626	690	1100	597	624	1337	864	326	
1770	1747	1707	1831	1793	1666	1643	1627	1634	1556	1534	1485	1635	1594	1431	1403	1415	1366	1345	1335	1344	1314	1298	1307	1332	1301	1276	1266	1283	1219	1185	1158	1142	1376	1323	1055	1072	1163	1108	772	792	818	744	705	688	690	648	629	649	572	592	636	583	535	515	459	481	532	364	830	764	296	354	87	743	681	43	42	167	243	67	9999	72	182	184	76	4	73	12	84	188	83	91	53	129	103	761	714	289	358	346	371	337	872	836	472	498	522	572	961	599	625	1366	872	310	
1791	1767	1708	1783	1744	1686	1665	1612	1614	1580	1556	1488	1577	1539	1452	1384	1386	1343	1335	1345	1367	1343	1307	1298	1305	1274	1266	1276	1312	1239	1205	1184	1145	1289	1235	1028	1033	1063	1013	806	755	764	702	688	710	644	629	653	692	597	572	587	530	515	541	488	459	477	426	682	619	220	249	103	579	518	154	160	46	113	194	72	9999	53	58	4	76	197	84	12	64	203	201	153	236	121	602	557	213	254	441	463	349	731	703	548	571	471	502	837	665	691	1380	878	321	
1814	1795	1718	1745	1712	1711	1691	1608	1603	1609	1588	1503	1537	1504	1478	1380	1376	1335	1343	1366	1398	1376	1332	1305	1298	1266	1274	1301	1352	1272	1239	1217	1164	1223	1181	1023	1019	989	940	857	746	741	688	702	752	629	644	699	754	646	587	572	515	530	594	543	477	459	506	563	500	203	202	184	441	377	276	285	9	20	322	182	53	9999	4	58	184	324	188	64	12	327	322	271	357	198	468	427	194	207	545	563	401	617	596	638	660	458	471	736	743	767	1406	903	376	
1840	1820	1743	1774	1737	1736	1717	1637	1633	1637	1615	1530	1562	1531	1507	1412	1407	1368	1373	1393	1430	1405	1366	1343	1335	1304	1312	1338	1380	1309	1273	1251	1196	1257	1209	1056	1050	1020	967	889	781	776	724	735	785	667	678	732	784	677	620	608	551	566	624	573	509	494	534	584	522	232	231	203	450	386	284	290	23	31	326	184	58	4	9999	53	182	321	183	56	0	323	314	264	345	181	455	412	164	177	523	540	370	594	569	613	632	424	434	710	715	738	1439	937	408	
1816	1797	1733	1809	1772	1712	1691	1639	1642	1607	1585	1516	1602	1564	1480	1416	1419	1373	1368	1376	1396	1373	1345	1335	1343	1312	1304	1314	1349	1274	1237	1212	1178	1322	1267	1062	1067	1092	1036	841	790	800	735	724	744	678	667	687	725	630	608	620	566	551	575	520	494	509	457	703	636	247	277	124	587	526	165	168	59	119	200	76	4	58	53	9999	72	193	75	0	56	196	191	142	223	101	592	545	185	229	416	435	313	710	678	519	542	435	470	813	632	659	1411	912	356	
1799	1776	1731	1854	1817	1692	1671	1657	1664	1585	1561	1515	1663	1620	1463	1436	1448	1393	1376	1368	1375	1351	1335	1345	1366	1338	1314	1304	1320	1256	1214	1192	1174	1401	1354	1089	1108	1188	1133	810	826	852	776	739	724	723	682	667	683	608	625	671	617	569	551	494	514	565	399	846	779	320	378	109	750	687	60	53	174	249	78	4	76	184	182	72	9999	65	0	75	183	70	71	40	111	80	753	704	266	334	314	339	303	854	817	439	466	492	544	942	566	593	1394	907	345	
1801	1779	1751	1900	1874	1695	1673	1688	1705	1587	1562	1533	1729	1687	1470	1476	1494	1445	1410	1387	1380	1357	1358	1378	1411	1386	1355	1328	1327	1268	1225	1199	1202	1491	1446	1146	1172	1302	1239	820	898	935	857	797	749	806	742	692	689	634	688	755	706	635	577	522	583	658	403	992	932	442	508	179	910	847	50	35	311	401	17	73	197	324	321	193	65	9999	65	193	321	0	14	27	48	135	907	856	376	462	253	280	331	986	948	384	412	564	630	1057	518	547	1408	940	399	
1820	1799	1754	1871	1837	1714	1692	1678	1685	1607	1584	1534	1683	1638	1484	1461	1471	1420	1400	1392	1399	1375	1362	1369	1388	1365	1344	1334	1350	1284	1242	1215	1200	1424	1373	1116	1132	1206	1152	838	854	879	806	768	753	750	711	695	712	636	655	697	642	598	578	522	542	590	427	861	794	342	398	127	757	693	82	69	182	255	90	12	84	188	183	75	0	65	9999	72	182	65	61	28	100	55	747	697	247	318	293	314	278	840	803	414	439	467	520	927	538	567	1422	935	373	
1837	1816	1756	1829	1794	1732	1712	1664	1665	1630	1606	1537	1625	1586	1503	1444	1446	1397	1392	1400	1423	1396	1369	1362	1367	1342	1334	1344	1372	1304	1264	1239	1203	1349	1294	1090	1096	1115	1060	870	819	827	764	753	771	707	695	716	753	659	636	650	594	578	603	547	522	537	481	717	654	272	299	141	596	531	176	177	75	126	205	84	12	64	56	0	75	193	72	9999	53	193	186	136	213	86	584	536	162	210	395	416	289	695	663	497	519	408	443	793	609	633	1438	940	384	
1861	1840	1766	1796	1760	1759	1736	1662	1658	1661	1636	1549	1584	1548	1528	1439	1433	1392	1397	1421	1454	1430	1388	1367	1362	1334	1342	1365	1404	1337	1302	1277	1219	1282	1233	1084	1078	1040	994	915	812	807	753	764	813	695	707	759	811	705	650	636	578	594	652	599	537	522	556	602	540	256	254	217	459	395	291	297	39	44	329	188	64	12	0	56	183	321	182	53	9999	321	311	259	336	168	446	400	139	152	504	523	345	575	550	593	613	394	406	688	693	716	1462	963	432	
1823	1801	1775	1914	1885	1715	1695	1709	1723	1609	1586	1554	1748	1708	1491	1501	1515	1467	1436	1413	1405	1380	1381	1403	1437	1410	1377	1357	1356	1299	1254	1223	1225	1509	1464	1170	1196	1323	1260	849	925	957	881	823	776	830	769	720	717	664	715	778	730	662	606	550	609	680	431	1004	942	460	527	196	915	853	75	49	317	407	32	83	203	327	323	196	70	0	65	193	321	9999	5	18	32	126	902	850	363	449	230	253	307	974	936	355	384	542	610	1042	492	519	1434	965	426	
1849	1830	1802	1928	1900	1743	1722	1734	1747	1638	1617	1582	1768	1726	1519	1523	1536	1490	1465	1446	1440	1413	1412	1434	1464	1440	1408	1385	1386	1336	1290	1259	1259	1525	1480	1198	1219	1341	1278	885	951	982	909	855	813	857	799	755	754	698	744	805	754	690	639	582	636	705	468	1008	946	476	538	214	910	847	99	76	316	403	54	91	201	322	314	191	71	14	61	186	311	5	9999	10	15	107	884	830	332	424	204	227	273	951	909	321	349	504	575	1018	457	486	1466	999	455	
1852	1832	1799	1915	1886	1746	1725	1726	1735	1642	1620	1578	1745	1707	1520	1514	1526	1478	1456	1443	1442	1414	1409	1426	1450	1427	1397	1383	1388	1335	1290	1260	1253	1500	1454	1183	1203	1300	1240	884	932	957	885	838	807	831	780	749	755	691	726	777	726	672	632	575	616	675	468	958	896	437	495	190	855	789	97	76	269	348	67	53	153	271	264	142	40	27	28	136	259	18	10	9999	28	68	825	771	286	369	218	240	250	897	857	333	362	471	534	967	467	494	1465	990	439	
1890	1877	1855	1956	1936	1800	1778	1793	1806	1695	1672	1640	1822	1781	1572	1578	1594	1544	1521	1504	1498	1475	1475	1494	1519	1500	1473	1450	1450	1400	1363	1334	1335	1573	1532	1265	1292	1394	1345	955	1019	1046	975	928	886	928	873	827	825	770	816	876	823	762	713	657	709	772	537	1050	990	536	596	273	942	880	148	126	359	441	110	129	236	357	345	223	111	48	100	213	336	32	15	28	9999	104	891	836	320	413	139	164	227	940	894	254	281	466	539	998	384	413	1521	1066	526	
1907	1893	1859	1927	1901	1824	1803	1777	1782	1719	1698	1643	1757	1720	1594	1557	1563	1524	1512	1510	1518	1497	1481	1483	1497	1474	1461	1458	1474	1417	1382	1359	1335	1500	1457	1230	1241	1283	1227	976	970	988	924	897	893	869	840	836	858	776	781	812	756	724	719	663	668	701	569	892	828	437	475	236	751	685	190	175	213	270	183	103	121	198	181	101	80	135	55	86	168	126	107	68	104	9999	681	623	143	222	228	242	157	736	695	318	341	321	381	810	434	460	1533	1063	506	
2004	1993	1950	1860	1838	1971	1964	1851	1830	1921	1908	1800	1644	1622	1816	1645	1619	1598	1641	1696	1753	1734	1671	1616	1573	1551	1594	1652	1715	1651	1632	1620	1536	1335	1306	1360	1319	1063	1036	1345	1114	1068	1055	1128	1230	1009	1081	1192	1265	1151	1034	960	913	994	1113	1074	952	867	1077	507	483	669	598	773	237	216	881	887	506	423	924	761	602	468	455	592	753	907	747	584	446	902	884	825	891	681	9999	12	452	361	973	979	718	157	186	1008	1016	552	480	301	1050	1062	1745	1334	930	
