NAME: rd100Preorder
TYPE: ATSP
DIMENSION: 100
EDGE_WEIGHT_TYPE: EXPLICIT
EDGE_WEIGHT_FORMAT: FULL_MATRIX 
EDGE_WEIGHT_SECTION
9999	1044	385	323	483	589	660	29	461	509	551	290	199	243	97	721	698	56	796	478	222	513	997	721	787	474	618	765	876	408	840	355	482	619	918	464	779	760	809	730	563	696	753	828	749	715	508	341	225	711	208	656	553	787	828	708	536	929	776	5	528	62	126	334	280	800	150	181	71	803	98	746	718	488	246	836	783	440	548	339	367	253	211	892	260	140	139	887	1049	186	276	631	827	656	757	848	133	728	506	782	
1044	9999	769	915	721	565	715	1025	965	721	603	1012	890	1020	995	342	886	1065	693	877	955	787	55	835	832	927	725	574	336	915	239	930	761	687	282	604	602	853	504	687	779	772	804	307	319	722	563	963	925	725	970	434	562	790	607	698	523	273	460	1034	678	1054	978	727	911	317	947	1038	988	931	1065	916	750	892	940	333	500	877	608	894	827	967	992	204	996	976	1047	217	75	953	825	756	495	449	471	491	972	379	605	378	
385	769	9999	114	479	189	658	380	221	97	456	231	160	247	262	403	346	426	386	159	168	563	696	778	831	197	214	346	672	559	496	139	82	601	694	291	361	389	687	707	606	723	789	597	473	309	194	540	144	307	435	442	175	395	758	299	281	544	367	380	494	365	233	214	437	429	206	505	331	454	503	399	319	178	147	448	368	129	144	479	445	174	465	539	210	223	324	529	757	394	326	235	408	287	348	721	225	361	131	584	
323	915	114	9999	571	323	758	338	129	192	569	87	152	112	198	549	341	340	449	124	70	645	842	866	922	128	276	445	812	610	642	20	154	703	837	410	450	402	814	814	692	817	883	740	619	368	336	574	74	363	448	579	317	430	876	365	417	680	490	326	594	274	170	304	475	572	161	491	306	446	451	391	367	135	47	585	482	86	279	526	509	49	473	683	72	155	214	673	899	406	382	283	521	429	471	850	164	503	276	722	
483	721	479	571	9999	510	157	430	723	570	85	643	408	622	475	425	850	571	814	671	526	61	635	263	318	705	680	713	405	160	541	612	579	107	459	193	745	878	300	219	95	214	278	391	384	763	354	217	494	762	273	260	451	863	309	742	279	694	647	462	26	555	474	238	193	560	444	373	386	952	494	903	784	689	531	623	682	639	502	154	95	565	294	594	603	482	595	600	778	275	185	713	722	475	634	338	470	510	433	325	
589	565	189	323	510	9999	653	574	371	124	439	441	359	463	472	232	354	641	270	280	387	603	499	789	831	331	170	176	545	648	297	335	163	597	552	287	204	358	609	685	634	725	788	461	325	228	125	653	362	228	581	348	32	327	702	207	214	324	155	580	504	580	444	301	557	218	411	671	517	441	698	400	253	296	367	230	168	277	24	580	528	391	615	331	423	436	544	319	541	544	437	207	212	88	136	635	436	156	59	472	
660	715	658	758	157	653	9999	606	907	737	181	832	598	812	663	502	1001	748	953	849	716	118	634	107	145	887	839	844	353	256	598	798	751	30	410	344	878	1013	198	41	73	43	102	376	428	914	499	333	684	914	431	317	596	1000	153	892	406	763	761	639	131	737	663	419	351	642	633	518	565	1052	653	1027	934	868	720	710	802	819	654	298	261	755	444	645	792	672	782	655	791	442	370	874	838	592	751	227	660	608	588	305	
29	1025	380	338	430	574	606	9999	484	507	501	320	191	277	112	688	713	109	797	492	238	458	969	666	732	493	620	758	830	355	810	373	483	566	874	423	774	772	758	675	508	641	698	785	711	718	481	288	234	714	153	614	534	794	775	709	501	908	761	12	475	112	138	299	225	774	151	137	34	819	93	763	723	504	261	814	771	453	535	284	312	274	158	862	287	153	184	858	1033	131	227	636	815	632	742	797	144	703	487	736	
461	965	221	129	723	371	907	484	9999	216	710	150	310	198	341	628	218	458	384	61	217	801	906	1004	1032	20	237	420	919	771	700	87	178	851	935	544	414	289	940	956	846	964	1012	842	711	303	436	735	230	299	608	694	388	335	998	311	531	702	498	467	743	394	316	450	636	618	314	646	458	313	591	260	292	50	198	614	476	67	331	688	668	180	632	733	172	301	317	720	934	567	540	223	507	489	482	969	311	557	357	835	
509	721	97	192	570	124	737	507	216	9999	525	305	287	333	384	383	245	545	257	125	275	659	656	865	914	177	86	226	686	672	450	193	19	679	699	359	236	275	730	779	698	805	871	605	470	184	217	660	258	181	561	471	147	272	813	172	316	463	270	505	577	480	355	315	558	371	329	634	458	349	632	298	196	142	251	373	260	123	85	595	555	267	592	484	294	343	429	471	692	520	441	114	299	242	251	760	347	309	127	606	
551	603	456	569	85	439	181	501	710	525	9999	657	430	644	518	317	804	637	743	646	544	163	517	314	356	686	625	633	302	276	427	608	542	125	352	136	666	824	226	219	176	251	314	278	268	700	288	330	509	700	366	145	384	801	272	678	198	584	555	530	50	611	510	237	289	453	476	470	448	905	582	856	723	665	543	519	594	618	440	261	198	579	391	479	619	516	638	486	659	358	242	660	632	386	544	265	506	410	376	216	
290	1012	231	87	643	441	832	320	150	305	657	9999	202	25	182	667	398	278	542	200	84	708	957	928	981	176	375	553	919	651	762	81	264	780	945	507	555	466	910	893	757	887	949	851	734	458	449	603	116	453	467	686	436	507	959	460	527	799	606	299	673	216	164	387	511	692	178	486	307	494	415	440	452	202	81	705	595	171	397	568	563	48	486	803	19	150	137	793	1004	429	435	374	633	549	588	944	162	624	393	828	
199	890	160	152	408	359	598	191	310	287	430	202	9999	182	88	512	508	253	575	294	85	473	809	696	756	308	399	535	718	427	625	194	265	546	753	297	551	562	688	659	522	652	717	657	556	497	294	391	56	493	268	485	325	578	735	487	342	704	544	192	439	199	66	166	293	576	32	321	142	617	313	560	504	308	93	608	551	255	317	345	333	125	294	674	162	64	190	668	895	226	207	417	594	430	525	726	58	504	278	624	
243	1020	247	112	622	463	812	277	198	333	644	25	182	9999	142	678	443	230	583	240	70	683	968	905	962	219	411	587	918	619	777	118	296	760	946	500	591	512	900	874	732	864	926	852	739	498	457	567	104	494	430	684	453	551	947	499	528	823	635	254	654	169	127	375	478	712	148	443	268	542	370	487	494	244	77	728	626	211	418	536	536	46	447	821	19	115	89	811	1014	394	410	412	665	566	616	935	127	642	408	826	
97	995	262	198	475	472	663	112	341	384	518	182	88	142	9999	631	570	136	667	352	96	526	926	745	809	351	489	641	824	449	746	229	356	615	862	401	653	631	779	729	576	709	771	767	672	586	411	395	97	582	258	594	442	657	815	580	456	824	659	98	513	78	10	267	311	697	35	275	95	676	224	619	589	362	120	728	662	313	429	370	378	131	275	795	146	21	87	789	1001	223	260	502	705	550	639	818	16	625	395	729	
721	342	403	549	425	232	502	688	628	383	317	667	512	678	631	9999	610	793	474	539	584	510	263	642	667	590	426	349	291	608	92	572	418	454	291	250	385	602	388	510	523	573	628	207	70	463	190	644	551	465	624	154	209	556	492	438	157	235	243	706	396	742	609	358	569	107	571	731	627	689	802	653	491	556	569	175	290	530	266	566	501	601	657	146	640	607	730	148	357	598	468	462	316	116	239	405	602	85	243	233	
698	886	346	341	850	354	1001	713	218	245	804	398	508	443	570	610	9999	705	185	188	441	935	839	1059	1070	194	154	279	930	938	641	310	237	955	933	636	255	44	985	1023	970	1037	1062	848	709	132	486	920	444	128	808	734	400	103	1038	155	586	586	390	701	857	639	542	587	818	547	531	864	677	77	828	28	105	177	417	518	351	225	337	861	827	411	836	658	413	527	565	641	829	766	707	117	364	462	380	1006	536	507	396	862	
56	1065	426	340	571	641	748	109	458	545	637	278	253	230	136	793	705	9999	824	491	242	600	1039	806	872	478	646	806	956	491	909	364	514	707	989	544	816	772	896	817	650	782	839	910	826	741	575	419	255	737	290	738	611	805	916	737	611	982	827	76	615	38	164	410	365	864	197	246	156	806	128	751	741	498	267	896	830	455	598	422	452	263	289	956	257	173	111	951	1067	271	362	655	872	718	808	932	172	792	563	866	
796	693	386	449	814	270	953	797	384	257	743	542	575	583	667	474	185	824	9999	312	547	907	656	1043	1056	346	146	96	798	940	472	433	280	900	790	589	62	132	891	976	936	1008	1041	712	576	53	424	937	537	57	850	632	327	65	981	56	512	388	214	794	809	757	638	584	839	380	615	924	750	209	920	199	62	313	522	335	167	341	279	870	823	529	882	477	545	625	696	459	625	809	720	138	164	340	211	913	630	360	347	741	
478	877	159	124	671	280	849	492	61	125	646	200	294	240	352	539	188	491	312	9999	224	753	814	964	1005	27	152	335	838	739	608	96	88	793	853	477	332	247	869	898	797	914	973	758	625	228	358	712	227	224	593	615	301	280	942	232	454	609	406	481	686	424	324	400	610	525	312	644	457	293	608	236	222	4	202	521	388	17	241	657	630	199	620	640	207	309	357	627	844	551	504	146	418	399	391	901	318	465	274	754	
222	955	168	70	526	387	716	238	217	275	544	84	85	70	96	584	441	242	547	224	9999	591	882	814	875	223	372	533	818	539	688	102	241	663	849	400	541	503	799	777	640	770	835	752	641	464	363	494	13	460	364	583	369	532	850	460	429	745	565	225	557	177	70	275	400	627	70	396	212	547	351	490	465	234	6	649	563	188	342	455	447	20	386	733	45	55	126	725	950	324	321	381	604	480	546	837	65	556	322	725	
513	787	563	645	61	603	118	458	801	659	163	708	473	683	526	510	935	600	907	753	591	9999	701	190	249	785	770	806	448	114	623	687	666	93	505	284	838	963	317	188	26	151	213	447	460	855	445	189	561	853	284	337	544	951	297	834	371	780	739	492	82	593	528	319	205	647	502	370	420	1016	502	981	875	772	598	712	775	720	594	149	118	632	296	675	667	538	642	682	850	297	238	803	815	567	726	353	526	600	525	379	
997	55	696	842	635	499	634	969	906	656	517	957	809	968	926	263	839	1039	656	814	882	701	9999	758	759	866	670	532	265	828	173	862	695	605	216	518	563	811	430	611	696	694	729	225	233	677	483	880	849	680	890	348	490	751	537	652	438	248	414	984	592	1013	907	642	823	259	868	986	915	895	1036	872	705	829	867	289	458	810	541	807	740	898	919	149	933	904	1008	166	128	869	738	703	460	382	423	422	899	313	531	298	
721	835	778	866	263	789	107	666	1004	865	314	928	696	905	745	642	1059	806	1043	964	814	190	758	9999	37	990	965	974	464	282	735	908	876	160	521	472	1001	1064	299	115	141	39	23	500	565	1019	633	358	784	1018	481	454	731	1060	214	1007	543	901	901	700	253	806	749	533	407	782	724	550	634	1076	690	1072	1029	978	821	849	938	934	787	349	334	854	485	781	890	760	860	792	917	503	457	991	970	732	890	319	747	749	720	429	
787	832	831	922	318	831	145	732	1032	914	356	981	756	962	809	667	1070	872	1056	1005	875	249	759	37	9999	1024	1001	1004	461	347	753	960	925	202	516	519	1022	1074	294	124	202	76	20	506	584	1042	677	422	844	1042	547	481	773	1070	196	1028	583	919	930	765	303	871	812	589	472	806	786	615	699	1078	756	1075	1051	1015	881	874	968	981	832	412	396	915	551	796	948	822	922	809	919	568	519	1021	995	766	922	308	810	778	765	438	
474	927	197	128	705	331	887	493	20	177	686	176	308	219	351	590	194	478	346	27	223	785	866	990	1024	9999	197	381	887	763	660	90	140	830	903	518	375	261	914	935	830	947	1002	808	676	264	405	731	232	259	607	662	351	303	978	271	500	660	456	479	723	412	324	432	631	577	318	651	463	294	605	238	254	17	203	572	434	39	293	680	657	191	633	692	191	309	340	679	895	566	529	185	465	450	439	944	319	517	322	803	
618	725	214	276	680	170	839	620	237	86	625	375	399	411	489	426	154	646	146	152	372	770	670	965	1001	197	9999	154	747	789	467	264	104	781	751	460	150	166	810	876	807	909	967	662	524	66	306	779	361	63	680	547	217	155	901	59	403	440	237	615	682	580	459	429	677	378	437	752	573	246	743	202	76	159	346	360	212	174	154	713	671	355	712	490	374	446	520	475	680	639	560	15	238	280	223	838	452	330	217	674	
765	574	346	445	713	176	844	758	420	226	633	553	535	587	641	349	279	806	96	335	533	806	532	974	1004	381	154	9999	670	856	346	439	261	790	661	488	14	244	767	869	835	917	971	584	449	116	327	862	515	120	785	511	231	187	869	95	404	275	86	760	703	741	611	506	764	252	583	870	705	327	884	307	144	343	508	213	44	354	200	789	737	523	818	353	547	600	689	336	515	746	644	171	57	220	82	788	603	233	263	614	
876	336	672	812	405	545	353	830	919	686	302	919	718	918	824	291	930	956	798	838	818	448	265	464	461	887	747	670	9999	590	314	843	718	336	31	388	705	925	137	319	430	404	433	54	191	789	447	655	782	790	701	201	507	882	240	764	359	470	557	856	357	923	810	522	623	395	772	807	773	999	917	971	817	856	810	456	605	821	571	590	528	845	726	341	886	812	936	357	423	692	569	784	626	434	557	127	804	403	529	62	
408	915	559	610	160	648	256	355	771	672	276	651	427	619	449	608	938	491	940	739	539	114	828	282	347	763	789	856	590	9999	728	652	670	238	646	343	884	973	462	325	152	269	318	581	574	881	495	48	513	879	172	449	590	970	438	864	440	875	805	389	205	496	458	324	108	738	440	237	330	1020	376	983	898	756	551	799	836	702	629	53	87	580	173	781	611	471	557	786	965	199	202	819	878	637	790	499	458	682	561	513	
840	239	496	642	541	297	598	810	700	450	427	762	625	777	746	92	641	909	472	608	688	623	173	735	753	660	467	346	314	728	9999	660	490	555	293	374	379	619	447	596	631	667	717	235	137	482	300	767	657	484	749	255	291	564	558	457	280	134	228	826	508	857	722	478	694	63	684	856	749	705	923	678	510	623	671	113	275	605	338	690	624	701	782	28	738	718	839	32	236	723	593	501	288	181	233	456	714	110	334	289	
355	930	139	20	612	335	798	373	87	193	608	81	194	118	229	572	310	364	433	96	102	687	862	908	960	90	264	439	843	652	660	9999	153	743	866	446	442	374	850	854	733	858	922	769	645	350	364	616	113	346	488	611	336	406	914	351	449	688	493	358	635	298	204	343	517	586	199	529	343	412	483	358	347	103	80	595	481	62	291	569	551	72	513	699	80	189	230	687	912	447	422	265	519	446	475	885	199	519	297	754	
482	761	82	154	579	163	751	483	178	19	542	264	265	296	356	418	237	514	280	88	241	666	695	876	925	140	104	261	718	670	490	153	9999	693	732	374	269	276	755	796	707	818	884	637	504	202	242	654	227	198	549	498	181	283	835	194	340	504	310	479	589	448	326	317	551	410	304	617	437	344	607	291	209	106	217	413	299	82	123	591	555	230	579	525	255	314	395	512	734	508	437	123	336	281	292	786	318	349	156	636	
619	687	601	703	107	597	30	566	851	679	125	780	546	760	615	454	955	707	900	793	663	93	605	160	202	830	781	790	336	238	555	743	693	9999	393	288	823	973	195	81	65	95	159	348	387	858	442	312	631	857	398	270	539	954	178	835	352	718	708	598	75	693	613	366	316	594	583	490	522	1025	621	997	881	811	667	661	748	763	597	266	221	702	412	603	740	622	734	613	759	405	322	816	785	538	698	229	610	558	530	276	
918	282	694	837	459	552	410	874	935	699	352	945	753	946	862	291	933	989	790	853	849	505	216	521	516	903	751	661	31	646	293	866	732	393	9999	423	696	924	193	376	488	461	489	65	196	787	467	710	814	788	751	233	519	877	293	761	385	440	546	900	410	960	846	559	674	381	808	858	817	997	961	971	815	871	840	437	594	839	582	644	580	875	777	312	915	848	968	329	374	740	616	787	611	436	547	179	840	397	545	106	
464	604	291	410	193	287	344	423	544	359	136	507	297	500	401	250	636	544	589	477	400	284	518	472	519	518	460	488	388	343	374	446	374	288	423	9999	519	659	368	387	314	411	477	331	254	540	131	367	365	539	342	161	228	640	432	518	68	504	428	446	190	505	388	103	288	367	350	447	365	739	528	689	561	496	395	422	460	450	281	291	229	430	374	426	471	390	515	427	635	318	189	494	502	261	413	404	382	308	215	295	
779	602	361	450	745	204	878	774	414	236	666	555	551	591	653	385	255	816	62	332	541	838	563	1001	1022	375	150	14	705	884	379	442	269	823	696	519	9999	216	803	903	867	947	997	620	485	95	357	888	526	99	808	546	261	155	905	77	436	301	119	774	736	751	623	531	790	286	597	891	723	297	900	280	120	338	517	243	73	354	223	816	765	530	840	385	552	612	697	367	540	769	670	161	76	255	117	823	616	268	289	650	
760	853	389	402	878	358	1013	772	289	275	824	466	562	512	631	602	44	772	132	247	503	963	811	1064	1074	261	166	244	925	973	619	374	276	973	924	659	216	9999	990	1031	991	1047	1066	842	703	106	502	960	503	104	858	740	409	41	1044	131	599	548	361	762	881	705	603	623	863	524	589	918	733	55	890	38	78	239	479	488	317	285	349	902	865	475	887	630	480	588	633	613	789	816	748	132	323	456	354	1008	596	492	412	861	
809	504	687	814	300	609	198	758	940	730	226	910	688	900	779	388	985	896	891	869	799	317	430	299	294	914	810	767	137	462	447	850	755	195	193	368	803	990	9999	154	288	240	266	188	292	868	479	534	764	869	605	228	560	961	79	843	381	613	664	788	251	871	771	489	523	515	736	706	707	1040	829	1017	895	888	796	582	710	846	625	480	425	832	626	484	873	776	899	498	591	605	498	847	738	515	659	18	766	504	570	129	
730	687	707	814	219	685	41	675	956	779	219	893	659	874	729	510	1023	817	976	898	777	188	611	115	124	935	876	869	319	325	596	854	796	81	376	387	903	1031	154	9999	143	56	88	356	427	945	535	402	744	945	502	327	629	1018	86	923	438	763	779	708	187	805	727	475	420	649	697	589	633	1063	724	1048	966	917	780	717	821	870	690	367	329	815	514	640	853	736	848	652	770	512	434	912	855	614	770	179	724	622	625	287	
563	779	606	692	95	634	73	508	846	698	176	757	522	732	576	523	970	650	936	797	640	26	696	141	202	830	807	835	430	152	631	733	707	65	488	314	867	991	288	143	9999	101	163	438	464	889	476	228	610	888	331	343	575	979	256	868	395	792	762	541	99	643	578	362	252	662	552	413	471	1035	549	1011	910	815	647	728	800	764	628	197	168	680	342	682	716	588	693	690	847	346	288	840	839	591	750	322	576	619	559	368	
696	772	723	817	214	725	43	641	964	805	251	887	652	864	709	573	1037	782	1008	914	770	151	694	39	76	947	909	917	404	269	667	858	818	95	461	411	947	1047	240	56	101	9999	37	435	497	977	570	348	739	976	460	388	667	1038	168	958	478	833	833	674	196	777	711	481	383	713	684	538	605	1069	676	1058	993	930	776	781	874	883	725	325	300	810	468	713	847	721	826	724	852	477	417	941	910	665	823	265	709	681	658	365	
753	804	789	883	278	788	102	698	1012	871	314	949	717	926	771	628	1062	839	1041	973	835	213	729	23	20	1002	967	971	433	318	717	922	884	159	489	477	997	1066	266	88	163	37	9999	474	547	1020	634	395	804	1019	515	441	731	1061	175	1007	541	883	892	732	260	836	774	547	438	767	747	587	664	1077	727	1073	1030	988	841	835	931	947	789	381	360	875	521	760	911	784	888	772	889	534	480	994	964	725	883	284	772	738	723	405	
828	307	597	740	391	461	376	785	842	605	278	851	657	852	767	207	848	910	712	758	752	447	225	500	506	808	662	584	54	581	235	769	637	348	65	331	620	842	188	356	438	435	474	9999	106	703	372	640	717	705	670	140	425	796	298	678	289	396	472	810	345	872	751	465	596	313	713	778	726	927	880	892	731	776	743	376	520	743	489	570	505	777	697	267	818	752	879	283	381	656	529	699	542	351	471	192	745	319	450	43	
749	319	473	619	384	325	428	711	711	470	268	734	556	739	672	70	709	826	576	625	641	460	233	565	584	676	524	449	191	574	137	645	504	387	196	254	485	703	292	427	464	497	547	106	9999	565	250	620	607	566	622	93	293	658	398	539	184	301	342	732	347	781	653	381	557	194	615	731	650	790	817	753	593	643	629	259	389	612	355	545	478	663	653	185	703	653	779	195	361	601	470	560	413	215	339	307	646	186	321	135	
715	722	309	368	763	228	914	718	303	184	700	458	497	498	586	463	132	741	53	228	464	855	677	1019	1042	264	66	116	789	881	482	350	202	858	787	540	95	106	868	945	889	977	1020	703	565	9999	380	874	455	0	778	606	284	68	959	6	472	421	228	713	762	674	556	521	772	389	534	850	672	193	841	163	9	230	439	356	189	257	227	806	763	445	809	495	461	543	612	478	664	737	654	54	203	320	218	892	548	355	295	724	
508	563	194	336	354	125	499	481	436	217	288	449	294	457	411	190	486	575	424	358	363	445	483	633	677	405	306	327	447	495	300	364	242	442	467	131	357	502	479	535	476	570	634	372	250	380	9999	508	330	379	452	224	67	478	563	358	68	392	278	495	349	522	390	169	416	258	352	551	421	584	601	537	402	377	350	301	306	339	122	432	378	382	486	348	420	386	507	343	567	419	302	341	347	122	262	510	382	189	60	363	
341	963	540	574	217	653	333	288	735	660	330	603	391	567	395	644	920	419	937	712	494	189	880	358	422	731	779	862	655	48	767	616	654	312	710	367	888	960	534	402	228	348	395	640	620	874	508	9999	473	871	107	497	598	962	516	858	466	907	821	321	265	430	407	321	71	768	395	160	272	1010	299	967	888	728	509	826	847	674	630	46	110	536	100	821	564	421	496	824	1002	142	187	806	891	656	805	572	408	708	564	574	
225	925	144	74	494	362	684	234	230	258	509	116	56	104	97	551	444	255	537	227	13	561	849	784	844	232	361	515	782	513	657	113	227	631	814	365	526	503	764	744	610	739	804	717	607	455	330	473	9999	451	345	548	340	527	816	450	395	718	542	225	523	192	69	240	377	598	55	386	201	551	352	495	458	239	16	622	542	190	317	430	419	41	369	703	77	56	152	695	921	305	293	373	583	451	523	802	62	527	294	689	
711	725	307	363	762	228	914	714	299	181	700	453	493	494	582	465	128	737	57	224	460	853	680	1018	1042	259	63	120	790	879	484	346	198	857	788	539	99	104	869	945	888	976	1019	705	566	0	379	871	451	9999	775	606	283	69	959	8	472	425	231	709	761	670	552	519	770	392	531	847	668	191	837	160	7	225	435	359	193	253	226	804	761	441	806	498	457	539	607	481	668	734	652	51	207	321	221	893	545	357	294	725	
208	970	435	448	273	581	431	153	608	561	366	467	268	430	258	624	808	290	850	593	364	284	890	481	547	607	680	785	701	172	749	488	549	398	751	342	808	858	605	502	331	460	515	670	622	778	452	107	345	775	9999	508	530	866	608	764	435	873	760	187	321	294	273	253	52	734	263	76	134	917	192	861	789	608	381	785	781	554	551	104	148	404	12	804	428	287	358	804	998	20	124	704	825	607	743	645	275	668	490	612	
656	434	442	579	260	348	317	614	694	471	145	686	485	684	594	154	734	738	632	615	583	337	348	454	481	662	547	511	201	449	255	611	498	270	233	161	546	740	228	327	343	388	441	140	93	606	224	497	548	606	508	9999	300	704	323	581	130	414	416	638	223	699	579	295	440	292	541	617	555	825	712	783	632	634	576	359	460	596	364	423	358	611	538	306	652	580	707	313	483	491	364	584	492	259	408	256	572	262	312	110	
553	562	175	317	451	32	596	534	388	147	384	436	325	453	442	209	400	611	327	301	369	544	490	731	773	351	217	231	507	590	291	336	181	539	519	228	261	409	560	629	575	667	731	425	293	284	67	598	340	283	530	300	9999	383	650	261	158	346	198	543	446	552	416	247	502	225	382	623	476	493	658	448	308	317	350	251	217	291	36	524	470	379	563	332	413	409	523	323	549	494	385	252	261	81	180	588	407	156	25	429	
787	790	395	430	863	327	1000	794	335	272	801	507	578	551	657	556	103	805	65	280	532	951	751	1060	1070	303	155	187	882	970	564	406	283	954	877	640	155	41	961	1018	979	1038	1061	796	658	68	478	962	527	69	866	704	383	9999	1026	91	572	483	304	787	862	738	628	617	865	469	610	931	752	112	915	105	49	276	506	428	258	314	326	901	859	507	897	571	517	614	670	553	723	825	748	129	259	414	299	980	621	443	393	820	
828	607	758	876	309	702	153	775	998	813	272	959	735	947	815	492	1038	916	981	942	850	297	537	214	196	978	901	869	240	438	558	914	835	178	293	432	905	1044	79	86	256	168	175	298	398	959	563	516	816	959	608	323	650	1026	9999	936	462	724	769	807	267	899	810	541	525	624	778	700	729	1068	832	1057	979	959	850	691	815	918	714	474	429	886	623	595	924	818	932	609	698	615	523	934	844	615	763	83	806	610	655	237	
708	698	299	365	742	207	892	709	311	172	678	460	487	499	580	438	155	737	56	232	460	834	652	1007	1028	271	59	95	764	864	457	351	194	835	761	518	77	131	843	923	868	958	1007	678	539	6	358	858	450	8	764	581	261	91	936	9999	449	400	206	706	740	671	550	504	757	364	527	839	662	217	833	188	28	235	435	332	166	259	208	790	745	443	796	471	461	537	610	454	642	724	638	57	183	296	196	868	542	330	274	699	
536	523	281	417	279	214	406	501	531	316	198	527	342	528	456	157	586	611	512	454	429	371	438	543	583	500	403	404	359	440	280	449	340	352	385	68	436	599	381	438	395	478	541	289	184	472	68	466	395	472	435	130	158	572	462	449	9999	405	335	520	265	565	437	172	386	267	399	541	440	683	612	637	496	472	419	324	370	433	218	391	328	453	468	333	494	436	562	332	545	408	282	438	408	166	322	410	429	210	159	271	
929	273	544	680	694	324	763	908	702	463	584	799	704	823	824	235	586	982	388	609	745	780	248	901	919	660	440	275	470	875	134	688	504	718	440	504	301	548	613	763	792	833	883	396	301	421	392	907	718	425	873	414	346	483	724	400	405	9999	172	919	665	931	797	590	826	107	762	969	848	628	1009	613	449	621	724	64	205	617	370	829	766	749	907	98	782	791	903	82	210	843	717	466	194	241	188	619	789	173	393	452	
776	460	367	490	647	155	761	761	498	270	555	606	544	635	659	243	390	827	214	406	565	739	414	901	930	456	237	86	557	805	228	493	310	708	546	428	119	361	664	779	762	833	892	472	342	228	278	821	542	231	760	416	198	304	769	206	335	172	9999	768	630	765	630	473	728	136	598	854	704	443	886	420	256	418	543	97	25	417	196	745	688	564	794	236	594	622	724	219	408	725	611	264	46	139	4	682	622	127	240	507	
5	1034	380	326	462	580	639	12	467	505	530	299	192	254	98	706	701	76	794	481	225	492	984	700	765	479	615	760	856	389	826	358	479	598	900	446	774	762	788	708	541	674	732	810	732	713	495	321	225	709	187	638	543	787	807	706	520	919	768	9999	507	79	126	318	259	787	146	164	52	806	95	750	717	491	249	825	776	442	540	317	345	257	191	878	267	141	155	874	1045	165	256	630	819	644	748	828	133	716	496	763	
528	678	494	594	26	504	131	475	743	577	50	673	439	654	513	396	857	615	809	686	557	82	592	253	303	723	682	703	357	205	508	635	589	75	410	190	736	881	251	187	99	196	260	345	347	762	349	265	523	761	321	223	446	862	267	740	265	665	630	507	9999	597	510	259	241	533	478	421	427	956	543	910	784	705	559	598	668	655	500	204	145	594	343	560	633	518	633	567	737	321	224	716	707	459	618	290	506	488	432	278	
62	1054	365	274	555	580	737	112	394	480	611	216	199	169	78	742	639	38	757	424	177	593	1013	806	871	412	580	741	923	496	857	298	448	693	960	505	751	705	871	805	643	777	836	872	781	674	522	430	192	670	294	699	552	738	899	671	565	931	765	79	597	9999	103	371	363	808	140	272	140	740	175	685	674	431	202	837	766	390	536	421	443	198	301	906	194	111	53	900	1055	268	340	588	809	661	746	911	112	736	504	831	
126	978	233	170	474	444	663	138	316	355	510	164	66	127	10	609	542	164	638	324	70	528	907	749	812	324	459	611	810	458	722	204	326	613	846	388	623	603	771	727	578	711	774	751	653	556	390	407	69	552	273	579	416	628	810	550	437	797	630	126	510	103	9999	253	320	671	16	298	114	648	253	592	559	335	92	701	633	286	402	378	381	106	292	771	126	3	96	764	982	236	260	472	676	524	611	810	1	599	370	715	
334	727	214	304	238	301	419	299	450	315	237	387	166	375	267	358	587	410	584	400	275	319	642	533	589	432	429	506	522	324	478	343	317	366	559	103	531	623	489	475	362	481	547	465	381	521	169	321	240	519	253	295	247	617	541	504	172	590	473	318	259	371	253	9999	223	452	217	351	238	695	409	641	538	417	274	500	496	368	277	251	209	309	287	532	349	256	381	529	748	219	106	459	540	322	456	527	247	386	213	427	
280	911	437	475	193	557	351	225	636	558	289	511	293	478	311	569	818	365	839	610	400	205	823	407	472	631	677	764	623	108	694	517	551	316	674	288	790	863	523	420	252	383	438	596	557	772	416	71	377	770	52	440	502	865	525	757	386	826	728	259	241	363	320	223	9999	687	303	151	196	926	272	872	786	626	413	741	753	572	532	33	66	441	71	748	471	333	418	750	949	64	87	704	797	568	712	563	320	624	466	536	
800	317	429	572	560	218	642	774	618	371	453	692	576	712	697	107	547	864	380	525	627	647	259	782	806	577	378	252	395	738	63	586	410	594	381	367	286	524	515	649	662	713	767	313	194	389	258	768	598	392	734	292	225	469	624	364	267	107	136	787	533	808	671	452	687	9999	635	837	714	610	894	583	416	539	608	39	184	525	263	690	627	636	767	83	672	666	782	70	292	704	578	409	200	114	140	528	663	42	272	356	
150	947	206	161	444	411	633	151	314	329	476	178	32	148	35	571	531	197	615	312	70	502	868	724	786	318	437	583	772	440	684	199	304	583	808	350	597	589	736	697	552	684	747	713	615	534	352	395	55	531	263	541	382	610	778	527	399	762	598	146	478	140	16	217	303	635	9999	300	114	638	271	581	539	325	87	666	603	274	371	359	357	110	286	733	138	18	134	727	952	224	232	452	646	488	579	775	11	563	334	678	
181	1038	505	491	373	671	518	137	646	634	470	486	321	443	275	731	864	246	924	644	396	370	986	550	615	651	752	870	807	237	856	529	617	490	858	447	891	918	706	589	413	538	587	778	731	850	551	160	386	847	76	617	623	931	700	839	541	969	854	164	421	272	298	351	151	837	300	9999	155	966	108	915	859	657	416	886	872	605	638	194	247	433	50	910	451	312	349	910	1053	100	228	773	916	706	836	745	302	770	581	719	
71	988	331	306	386	517	565	34	458	458	448	307	142	268	95	627	677	156	750	457	212	420	915	634	699	463	573	705	773	330	749	343	437	522	817	365	723	733	707	633	471	605	664	726	650	672	421	272	201	668	134	555	476	752	729	662	440	848	704	52	427	140	114	238	196	714	114	155	9999	785	149	728	679	470	231	754	716	418	479	254	273	250	150	801	270	129	195	797	1003	102	176	591	760	573	685	746	117	643	430	679	
803	931	454	446	952	441	1052	819	313	349	905	494	617	542	676	689	77	806	209	293	547	1016	895	1076	1078	294	246	327	999	1020	705	412	344	1025	997	739	297	55	1040	1063	1035	1069	1077	927	790	193	584	1010	551	191	917	825	493	112	1068	217	683	628	443	806	956	740	648	695	926	610	638	966	785	9999	930	30	164	281	523	572	400	331	430	965	932	515	943	714	514	634	664	697	867	876	816	212	402	543	437	1050	642	579	493	944	
98	1065	503	451	494	698	653	93	591	632	582	415	313	370	224	802	828	128	920	608	351	502	1036	690	756	605	743	884	917	376	923	483	607	621	961	528	900	890	829	724	549	676	727	880	817	841	601	299	352	837	192	712	658	915	832	833	612	1009	886	95	543	175	253	409	272	894	271	108	149	930	9999	877	845	618	375	933	897	570	660	322	369	382	176	971	389	267	257	968	1071	193	315	758	937	754	867	869	259	824	612	826	
746	916	399	391	903	400	1027	763	260	298	856	440	560	487	619	653	28	751	199	236	490	981	872	1072	1075	238	202	307	971	983	678	358	291	997	971	689	280	38	1017	1048	1011	1058	1073	892	753	163	537	967	495	160	861	783	448	105	1057	188	637	613	420	750	910	685	592	641	872	583	581	915	728	30	877	9999	134	224	467	549	380	275	386	915	881	459	889	691	458	577	609	674	854	819	761	166	388	506	411	1030	586	547	446	908	
718	750	319	367	784	253	934	723	292	196	723	452	504	494	589	491	105	741	62	222	465	875	705	1029	1051	254	76	144	817	898	510	347	209	881	815	561	120	78	895	966	910	993	1030	731	593	9	402	888	458	7	789	632	308	49	979	28	496	449	256	717	784	674	559	538	786	416	539	859	679	164	845	134	9999	222	440	385	216	254	249	822	780	444	820	524	458	546	609	507	691	748	669	55	227	348	247	918	552	384	315	751	
488	892	178	135	689	296	868	504	50	142	665	202	308	244	362	556	177	498	313	4	234	772	829	978	1015	17	159	343	856	756	623	103	106	811	871	496	338	239	888	917	815	930	988	776	643	230	377	728	239	225	608	634	317	276	959	235	472	621	418	491	705	431	335	417	626	539	325	657	470	281	618	224	222	9999	213	534	396	28	258	674	647	207	635	655	212	320	362	641	857	566	521	149	427	414	402	919	329	480	292	773	
246	940	147	47	531	367	720	261	198	251	543	81	93	77	120	569	417	267	522	202	6	598	867	821	881	203	346	508	810	551	671	80	217	667	840	395	517	479	796	780	647	776	841	743	629	439	350	509	16	435	381	576	350	506	850	435	419	724	543	249	559	202	92	274	413	608	87	416	231	523	375	467	440	213	9999	629	539	164	321	467	457	14	403	716	46	77	149	707	932	340	330	356	580	462	524	833	86	538	305	717	
836	333	448	585	623	230	710	814	614	373	519	705	608	728	728	175	518	896	335	521	649	712	289	849	874	572	360	213	456	799	113	595	413	661	437	422	243	488	582	717	728	781	835	376	259	356	301	826	622	359	785	359	251	428	691	332	324	64	97	825	598	837	701	500	741	39	666	886	754	572	933	549	385	534	629	9999	140	526	275	748	686	654	819	110	687	694	807	92	288	753	630	390	146	149	107	594	693	85	299	421	
783	500	368	482	682	168	802	771	476	260	594	595	551	626	662	290	351	830	167	388	563	775	458	938	968	434	212	44	605	836	275	481	299	748	594	460	73	317	710	821	800	874	931	520	389	189	306	847	542	193	781	460	217	258	815	166	370	205	25	776	668	766	633	496	753	184	603	872	716	400	897	380	216	396	539	140	9999	401	204	773	717	558	814	281	586	624	722	263	443	744	634	233	22	177	27	729	625	173	256	554	
440	877	129	86	639	277	819	453	67	123	618	171	255	211	313	530	225	455	341	17	188	720	810	934	981	39	174	354	821	702	605	62	82	763	839	450	354	285	846	870	764	883	947	743	612	257	339	674	190	253	554	596	291	314	918	259	433	617	417	442	655	390	286	368	572	525	274	605	418	331	570	275	254	28	164	526	401	9999	235	620	594	162	581	640	174	272	323	627	848	512	468	173	435	394	400	879	280	462	259	736	
548	608	144	279	502	24	654	535	331	85	440	397	317	418	429	266	337	598	279	241	342	594	541	787	832	293	154	200	571	629	338	291	123	597	582	281	223	349	625	690	628	725	789	489	355	227	122	630	317	226	551	364	36	326	714	208	218	370	196	540	500	536	402	277	532	263	371	638	479	430	660	386	249	258	321	275	204	235	9999	559	510	346	584	375	379	394	499	363	586	513	412	191	246	128	177	653	394	198	40	494	
339	894	479	526	154	580	298	284	688	595	261	568	345	536	370	566	861	422	870	657	455	149	807	349	412	680	713	789	590	53	690	569	591	266	644	291	816	902	480	367	197	325	381	570	545	806	432	46	430	804	104	423	524	901	474	790	391	829	745	317	204	421	378	251	33	690	359	194	254	965	322	915	822	674	467	748	773	620	559	9999	38	497	116	744	528	391	479	747	939	123	121	741	816	580	729	519	378	631	492	507	
367	827	445	509	95	528	261	312	668	555	198	563	333	536	378	501	827	452	823	630	447	118	740	334	396	657	671	737	528	87	624	551	555	221	580	229	765	865	425	329	168	300	360	505	478	763	378	110	419	761	148	358	470	859	429	745	328	766	688	345	145	443	381	209	66	627	357	247	273	932	369	881	780	647	457	686	717	594	510	38	9999	488	168	678	523	392	492	681	875	153	96	702	760	520	672	464	379	569	441	442	
253	967	174	49	565	391	755	274	180	267	579	48	125	46	131	601	411	263	529	199	20	632	898	854	915	191	355	523	845	580	701	72	230	702	875	430	530	475	832	815	680	810	875	777	663	445	382	536	41	441	404	611	379	507	886	443	453	749	564	257	594	198	106	309	441	636	110	433	250	515	382	459	444	207	14	654	558	162	346	497	488	9999	425	745	19	91	134	735	958	365	362	361	598	490	545	869	102	566	333	753	
211	992	465	473	294	615	444	158	632	592	391	486	294	447	275	657	836	289	882	620	386	296	919	485	551	633	712	818	726	173	782	513	579	412	777	374	840	887	626	514	342	468	521	697	653	809	486	100	369	806	12	538	563	897	623	796	468	907	794	191	343	301	292	287	71	767	286	50	150	943	176	889	820	635	403	819	814	581	584	116	168	425	9999	836	448	307	369	837	1016	42	157	735	859	641	776	665	295	702	523	638	
892	204	539	683	594	331	645	862	733	484	479	803	674	821	795	146	658	956	477	640	733	675	149	781	796	692	490	353	341	781	28	699	525	603	312	426	385	630	484	640	682	713	760	267	185	495	348	821	703	498	804	306	332	571	595	471	333	98	236	878	560	906	771	532	748	83	733	910	801	714	971	691	524	655	716	110	281	640	375	744	678	745	836	9999	781	766	886	4	188	777	647	522	286	219	245	489	763	147	377	326	
260	996	210	72	603	423	792	287	172	294	619	19	162	19	146	640	413	257	545	207	45	667	933	890	948	191	374	547	886	611	738	80	255	740	915	471	552	480	873	853	716	847	911	818	703	461	420	564	77	457	428	652	413	517	924	461	494	782	594	267	633	194	126	349	471	672	138	451	270	514	389	458	458	212	46	687	586	174	379	528	523	19	448	781	9999	111	120	771	987	392	396	377	624	527	575	910	124	602	370	794	
140	976	223	155	482	436	672	153	301	343	516	150	64	115	21	607	527	173	625	309	55	538	904	760	822	309	446	600	812	471	718	189	314	622	848	390	612	588	776	736	588	721	784	752	653	543	386	421	56	539	287	580	409	614	818	537	436	791	622	141	518	111	3	256	333	666	18	312	129	634	267	577	546	320	77	694	624	272	394	391	392	91	307	766	111	9999	94	760	978	249	269	459	666	519	602	815	2	594	363	718	
139	1047	324	214	595	544	782	184	317	429	638	137	190	89	87	730	565	111	696	357	126	642	1008	860	922	340	520	689	936	557	839	230	395	734	968	515	697	633	899	848	693	826	888	879	779	612	507	496	152	607	358	707	523	670	932	610	562	903	724	155	633	53	96	381	418	782	134	349	195	664	257	609	609	362	149	807	722	323	499	479	492	134	369	886	120	94	9999	878	1046	327	378	526	762	635	705	935	102	711	476	844	
887	217	529	673	600	319	655	858	720	471	486	793	668	811	789	148	641	951	459	627	725	682	166	792	809	679	475	336	357	786	32	687	512	613	329	427	367	613	498	652	690	724	772	283	195	478	343	824	695	481	804	313	323	553	609	454	332	82	219	874	567	900	764	529	750	70	727	910	797	697	968	674	507	641	707	92	263	627	363	747	681	735	837	4	771	760	878	9999	196	777	647	506	268	212	228	504	756	136	368	339	
1049	75	757	899	778	541	791	1033	934	692	659	1004	895	1014	1001	357	829	1067	625	844	950	850	128	917	919	895	680	515	423	965	236	912	734	759	374	635	540	789	591	770	847	852	889	381	361	664	567	1002	921	668	998	483	549	723	698	642	545	210	408	1045	737	1055	982	748	949	292	952	1053	1003	867	1071	854	691	857	932	288	443	848	586	939	875	958	1016	188	987	978	1046	196	9999	979	857	708	430	435	423	583	975	361	595	451	
186	953	394	406	275	544	442	131	567	520	358	429	226	394	223	598	766	271	809	551	324	297	869	503	568	566	639	746	692	199	723	447	508	405	740	318	769	816	605	512	346	477	534	656	601	737	419	142	305	734	20	491	494	825	615	724	408	843	725	165	321	268	236	219	64	704	224	100	102	876	193	819	748	566	340	753	744	512	513	123	153	365	42	777	392	249	327	777	979	9999	99	663	788	574	707	645	237	637	453	601	
276	825	326	382	185	437	370	227	540	441	242	435	207	410	260	468	707	362	720	504	321	238	738	457	519	529	560	644	569	202	593	422	437	322	616	189	670	748	498	434	288	417	480	529	470	654	302	187	293	652	124	364	385	748	523	638	282	717	611	256	224	340	260	106	87	578	232	228	176	816	315	761	669	521	330	630	634	468	412	121	96	362	157	647	396	269	378	647	857	99	9999	588	678	453	594	537	257	512	349	477	
631	756	235	283	713	207	874	636	223	114	660	374	417	412	502	462	117	655	138	146	381	803	703	991	1021	185	15	171	784	819	501	265	123	816	787	494	161	132	847	912	840	941	994	699	560	54	341	806	373	51	704	584	252	129	934	57	438	466	264	630	716	588	472	459	704	409	452	773	591	212	758	166	55	149	356	390	233	173	191	741	702	361	735	522	377	459	526	506	708	663	588	9999	258	315	251	875	465	365	252	711	
827	495	408	521	722	212	838	815	507	299	632	633	594	665	705	316	364	872	164	418	604	815	460	970	995	465	238	57	626	878	288	519	336	785	611	502	76	323	738	855	839	910	964	542	413	203	347	891	583	207	825	492	261	259	844	183	408	194	46	819	707	809	676	540	797	200	646	916	760	402	937	388	227	427	580	146	22	435	246	816	760	598	859	286	624	666	762	268	430	788	678	258	9999	215	57	755	668	202	301	580	
656	449	287	429	475	88	592	632	489	242	386	549	430	566	550	116	462	718	340	399	480	567	382	732	766	450	280	220	434	637	181	446	281	538	436	261	255	456	515	614	591	665	725	351	215	320	122	656	451	321	607	259	81	414	615	296	166	241	139	644	459	661	524	322	568	114	488	706	573	543	754	506	348	414	462	149	177	394	128	580	520	490	641	219	527	519	635	212	435	574	453	315	215	9999	127	538	516	45	127	370	
757	471	348	471	634	136	751	742	482	251	544	588	525	616	639	239	380	808	211	391	546	726	423	890	922	439	223	82	557	790	233	475	292	698	547	413	117	354	659	770	750	823	883	471	339	218	262	805	523	221	743	408	180	299	763	196	322	188	4	748	618	746	611	456	712	140	579	836	685	437	867	411	247	402	524	107	27	400	177	729	672	545	776	245	575	602	705	228	423	707	594	251	57	127	9999	678	603	123	222	504	
848	491	721	850	338	635	227	797	969	760	265	944	726	935	818	405	1006	932	913	901	837	353	422	319	308	944	838	788	127	499	456	885	786	229	179	404	823	1008	18	179	322	265	284	192	307	892	510	572	802	893	645	256	588	980	83	868	410	619	682	828	290	911	810	527	563	528	775	745	746	1050	869	1030	918	919	833	594	729	879	653	519	464	869	665	489	910	815	935	504	583	645	537	875	755	538	678	9999	805	522	600	142	
133	972	225	164	470	436	660	144	311	347	506	162	58	127	16	602	536	172	630	318	65	526	899	747	810	319	452	603	804	458	714	199	318	610	840	382	616	596	766	724	576	709	772	745	646	548	382	408	62	545	275	572	407	621	806	542	429	789	622	133	506	112	1	247	320	663	11	302	117	642	259	586	552	329	86	693	625	280	394	378	379	102	295	763	124	2	102	756	975	237	257	465	668	516	603	805	9999	591	361	709	
728	379	361	503	510	156	608	703	557	309	410	624	504	642	625	85	507	792	360	465	556	600	313	749	778	517	330	233	403	682	110	519	349	558	397	308	268	492	504	622	619	681	738	319	186	355	189	708	527	357	668	262	156	443	610	330	210	173	127	716	488	736	599	386	624	42	563	770	643	579	824	547	384	480	538	85	173	462	198	631	569	566	702	147	602	594	711	136	361	637	512	365	202	45	123	522	591	9999	203	350	
506	605	131	276	433	59	588	487	357	127	376	393	278	408	395	243	396	563	347	274	322	525	531	720	765	322	217	263	529	561	334	297	156	530	545	215	289	412	570	625	559	658	723	450	321	295	60	564	294	294	490	312	25	393	655	274	159	393	240	496	432	504	370	213	466	272	334	581	430	493	612	446	315	292	305	299	256	259	40	492	441	333	523	377	370	363	476	368	595	453	349	252	301	127	222	600	361	203	9999	447	
