NAME: swiss42Preorder
TYPE: ATSP
DIMENSION: 42
EDGE_WEIGHT_TYPE: EXPLICIT
EDGE_WEIGHT_FORMAT: FULL_MATRIX 
EDGE_WEIGHT_SECTION
9999	4	17	10	18	40	19	23	77	99	77	95	81	75	59	61	67	52	57	63	67	143	107	116	187	97	42	15	28	55	50	51	23	88	69	110	114	57	111	126	165	109	
4	9999	20	10	14	26	6	18	78	102	73	85	72	60	48	52	56	54	47	48	81	148	117	116	193	91	29	19	36	62	60	57	37	103	84	117	117	52	124	132	167	107	
17	20	9999	2	5	42	22	50	47	69	49	74	61	78	80	85	89	83	42	73	84	115	85	86	161	71	36	0	5	28	30	80	30	100	78	136	143	85	97	99	137	79	
10	10	2	9999	2	33	13	39	55	79	54	74	60	69	69	74	77	74	39	63	84	126	96	94	171	74	29	2	16	39	41	74	32	103	81	131	135	75	107	111	147	86	
18	14	5	2	9999	26	7	43	52	77	46	63	50	61	68	74	76	80	28	57	95	126	101	90	171	66	20	6	21	42	48	82	43	114	92	140	142	77	114	112	145	80	
40	26	42	33	26	9999	10	40	81	108	63	60	47	22	41	51	48	80	23	20	122	157	140	114	203	75	4	44	60	81	88	90	76	142	124	148	140	63	152	147	172	100	
19	6	22	13	7	10	9999	30	70	96	60	67	54	45	48	55	56	70	29	37	100	145	121	107	191	76	12	23	39	63	66	75	53	121	101	134	131	61	132	131	162	96	
23	18	50	39	43	40	30	9999	109	133	103	111	98	65	27	27	34	26	72	45	79	176	142	147	211	120	50	48	64	91	86	35	51	103	89	94	88	22	144	160	198	137	
77	78	47	55	52	81	70	109	9999	15	16	53	48	107	132	139	140	143	52	114	132	63	65	25	114	31	67	50	40	26	46	141	82	143	120	193	200	143	95	57	80	21	
99	102	69	79	77	108	96	133	15	9999	39	76	73	134	157	163	164	163	80	141	143	35	50	14	87	50	95	72	58	35	53	159	97	149	127	204	210	166	84	31	54	24	
77	73	49	54	46	63	60	103	16	39	9999	25	20	84	119	127	126	141	29	95	145	88	94	37	138	9	48	53	51	46	66	142	92	158	135	196	199	134	122	85	100	23	
95	85	74	74	63	60	67	111	53	76	25	9999	3	65	114	124	120	150	25	83	168	121	132	66	167	15	46	77	82	83	102	156	119	185	163	207	204	137	159	122	128	47	
81	72	61	60	50	47	54	98	48	73	20	3	9999	57	102	113	109	137	13	73	157	121	127	67	168	18	33	64	70	74	91	143	106	172	151	199	196	125	151	119	129	49	
75	60	78	69	61	22	45	65	107	134	84	65	57	9999	44	56	48	101	41	12	153	182	170	135	217	89	29	80	96	115	123	115	112	173	157	167	155	75	186	174	194	120	
59	48	80	69	68	41	48	27	132	157	119	114	102	44	9999	2	1	48	78	21	120	202	176	166	224	130	56	80	98	123	123	66	92	143	130	117	98	18	181	190	212	154	
61	52	85	74	74	51	55	27	139	163	127	124	113	56	2	9999	2	39	88	31	115	205	179	173	226	139	65	84	102	128	126	59	92	139	128	107	87	9	183	195	215	161	
67	56	89	77	76	48	56	34	140	164	126	120	109	48	1	2	9999	50	85	25	125	207	184	173	227	137	63	88	106	131	130	70	100	148	136	118	97	19	189	198	216	160	
52	54	83	74	80	80	70	26	143	163	141	150	137	101	48	39	50	9999	112	77	68	203	162	180	223	158	91	80	94	120	110	8	65	92	85	56	48	19	156	186	214	172	
57	47	42	39	28	23	29	72	52	80	29	25	13	41	78	88	85	112	9999	52	137	129	124	81	177	38	10	45	55	66	80	119	86	155	133	175	171	100	144	123	143	65	
63	48	73	63	57	20	37	45	114	141	95	83	73	12	21	31	25	77	52	9999	136	188	169	146	219	104	33	74	92	114	119	93	99	159	143	147	131	51	181	178	203	131	
67	81	84	84	95	122	100	79	132	143	145	168	157	153	120	115	125	68	137	136	9999	169	113	166	201	165	124	80	80	95	76	47	39	11	10	66	95	98	93	148	197	166	
143	148	115	126	126	157	145	176	63	35	88	121	121	182	202	205	207	203	129	188	169	9999	50	42	36	94	144	117	101	75	87	197	132	169	151	222	227	206	85	13	17	60	
107	117	85	96	101	140	121	142	65	50	94	132	127	170	176	179	184	162	124	169	113	50	9999	76	79	111	129	85	67	45	42	150	84	111	91	189	205	175	22	25	79	88	
116	116	86	94	90	114	107	147	25	14	37	66	67	135	166	173	173	180	81	146	166	42	76	9999	91	38	100	89	79	59	79	177	119	173	151	216	221	178	111	49	49	6	
187	193	161	171	171	203	191	211	114	87	138	167	168	217	224	226	227	223	177	219	201	36	79	91	9999	142	192	162	147	121	129	220	171	198	181	229	231	225	105	50	34	109	
97	91	71	74	66	75	76	120	31	50	9	15	18	89	130	139	137	158	38	104	165	94	111	38	142	9999	60	74	73	68	88	160	114	178	156	208	209	149	140	96	100	20	
42	29	36	29	20	4	12	50	67	95	48	46	33	29	56	65	63	91	10	33	124	144	129	100	192	60	9999	38	53	71	80	99	75	144	124	156	151	77	146	134	159	86	
15	19	0	2	6	44	23	48	50	72	53	77	64	80	80	84	88	80	45	74	80	117	85	89	162	74	38	9999	5	29	30	77	27	97	74	133	140	84	96	101	139	82	
28	36	5	16	21	60	39	64	40	58	51	82	70	96	98	102	106	94	55	92	80	101	67	79	147	73	53	5	9999	14	14	88	27	94	70	141	151	100	79	83	125	75	
55	62	28	39	42	81	63	91	26	35	46	83	74	115	123	128	131	120	66	114	95	75	45	59	121	68	71	29	14	9999	8	113	47	104	81	161	173	127	64	57	100	59	
50	60	30	41	48	88	66	86	46	53	66	102	91	123	123	126	130	110	80	119	76	87	42	79	129	88	80	30	14	8	9999	100	31	83	60	147	161	121	52	66	114	80	
51	57	80	74	82	90	75	35	141	159	142	156	143	115	66	59	70	8	119	93	47	197	150	177	220	160	99	77	88	113	100	9999	54	71	66	45	50	39	142	176	212	171	
23	37	30	32	43	76	53	51	82	97	92	119	106	112	92	92	100	65	86	99	39	132	84	119	171	114	75	27	27	47	31	54	9999	56	34	102	118	83	80	112	158	117	
88	103	100	103	114	142	121	103	143	149	158	185	172	173	143	139	148	92	155	159	11	169	111	173	198	178	144	97	94	104	83	71	56	9999	11	79	112	122	85	147	198	175	
69	84	78	81	92	124	101	89	120	127	135	163	151	157	130	128	136	85	133	143	10	151	91	151	181	156	124	74	70	81	60	66	34	11	9999	89	118	112	70	128	178	153	
110	117	136	131	140	148	134	94	193	204	196	207	199	167	117	107	118	56	175	147	66	222	189	216	229	208	156	133	141	161	147	45	102	79	89	9999	25	85	171	210	228	213	
114	117	143	135	142	140	131	88	200	210	199	204	196	155	98	87	97	48	171	131	95	227	205	221	231	209	151	140	151	173	161	50	118	112	118	25	9999	66	196	220	230	218	
57	52	85	75	77	63	61	22	143	166	134	137	125	75	18	9	19	19	100	51	98	206	175	178	225	149	77	84	100	127	121	39	83	122	112	85	66	9999	174	194	218	168	
111	124	97	107	114	152	132	144	95	84	122	159	151	186	181	183	189	156	144	181	93	85	22	111	105	140	146	96	79	64	52	142	80	85	70	171	196	174	9999	59	114	122	
126	132	99	111	112	147	131	160	57	31	85	122	119	174	190	195	198	186	123	178	148	13	25	49	50	96	134	101	83	57	66	176	112	147	128	210	220	194	59	9999	40	65	
165	167	137	147	145	172	162	198	80	54	100	128	129	194	212	215	216	214	143	203	197	17	79	49	34	100	159	139	125	100	114	212	158	198	178	228	230	218	114	40	9999	66	
109	107	79	86	80	100	96	137	21	24	23	47	49	120	154	161	160	172	65	131	166	60	88	6	109	20	86	82	75	59	80	171	117	175	153	213	218	168	122	65	66	9999	
EOF