NAME: tsp225Preorder
TYPE: ATSP
DIMENSION: 225
EDGE_WEIGHT_TYPE: EXPLICIT
EDGE_WEIGHT_FORMAT: FULL_MATRIX 
EDGE_WEIGHT_SECTION
9999	214	22	43	47	67	72	84	104	127	152	171	191	185	181	174	172	144	142	170	199	201	209	216	228	239	225	256	240	234	214	199	216	222	221	203	184	166	150	129	115	101	95	116	134	114	214	147	193	178	194	183	189	205	199	205	203	224	223	244	245	259	261	275	279	266	270	249	252	232	238	232	235	216	224	215	247	254	265	280	288	326	319	330	339	350	331	318	305	315	303	307	289	296	280	272	261	248	259	252	270	264	283	280	299	294	308	306	313	306	302	288	286	279	278	258	258	278	292	314	314	335	337	340	347	355	363	373	381	358	369	392	185	429	447	470	466	475	479	477	473	481	474	464	459	440	438	425	411	393	397	414	428	430	437	441	453	439	461	449	452	446	451	407	398	392	386	372	368	365	364	385	385	406	314	442	461	461	434	413	392	370	459	328	306	285	264	242	208	200	179	165	140	115	94	154	52	31	177	8	478	230	156	252	194	224	201	222	285	339	363	376	426	379	416	227	236	132	232	286	304	369	268	169	206	
214	9999	186	164	164	143	144	148	159	173	190	204	220	234	245	240	251	233	252	268	285	265	241	228	213	203	24	193	173	166	140	149	178	184	174	202	185	169	155	137	127	117	114	93	74	93	7	61	14	32	16	45	61	54	34	31	19	16	9	25	29	41	49	60	74	64	76	67	74	72	85	86	93	97	111	114	161	159	173	171	182	187	176	180	193	198	165	140	133	153	149	155	151	163	162	149	150	129	128	114	116	102	108	101	111	100	109	104	109	92	83	70	66	59	57	37	39	59	73	94	93	114	117	124	137	155	169	188	202	188	207	220	25	246	260	280	271	282	288	284	275	287	267	254	246	226	223	210	197	181	187	203	216	219	226	232	245	245	259	248	252	247	256	220	204	194	183	157	151	145	143	164	165	186	93	221	242	244	215	195	173	152	270	111	90	70	51	33	22	13	39	50	72	97	117	59	159	180	33	215	276	160	259	195	28	153	6	220	162	178	197	165	235	171	236	133	147	80	140	104	183	195	47	40	9	
22	186	9999	15	23	40	48	64	88	114	141	162	183	179	178	171	171	142	145	173	201	199	202	207	216	225	197	239	222	216	194	181	200	206	204	191	171	152	133	110	93	76	67	88	106	86	185	118	165	149	166	155	163	178	171	178	175	196	195	215	216	231	233	247	252	238	243	223	226	206	213	206	210	192	201	192	227	234	245	260	268	304	296	307	316	327	307	292	280	291	279	283	266	274	258	250	239	225	236	228	246	238	257	254	273	268	281	279	286	278	274	260	258	251	250	230	229	249	264	285	286	307	309	312	319	329	337	348	357	334	346	368	157	404	423	447	442	454	459	457	452	464	451	439	433	412	411	397	383	366	370	387	401	403	409	414	427	413	437	424	426	420	426	381	372	366	359	344	340	337	335	357	356	378	285	413	434	434	406	385	363	342	435	299	278	257	235	214	180	171	150	136	112	87	65	126	25	9	148	25	457	211	159	236	165	205	173	211	264	315	340	349	400	352	392	206	216	103	211	260	283	345	240	140	178	
43	164	15	9999	14	23	34	53	81	108	137	158	179	178	179	171	173	145	150	177	205	200	199	202	209	216	176	228	210	204	180	168	190	197	193	185	164	143	124	98	80	58	47	67	84	64	164	97	143	128	144	135	144	159	150	157	153	175	173	194	195	209	212	226	231	218	223	203	206	187	194	188	192	175	184	176	214	220	232	245	254	288	280	291	300	311	289	274	261	273	262	266	250	258	243	234	224	209	219	210	228	220	238	235	254	248	261	259	265	257	253	239	237	229	228	208	208	228	242	264	264	285	288	291	299	309	317	329	338	316	329	350	135	386	404	429	422	435	442	439	433	446	432	418	412	391	390	376	362	345	349	366	380	382	389	393	407	394	417	404	407	400	407	363	352	346	339	323	319	316	314	335	335	356	264	392	413	413	384	363	342	320	416	278	256	235	214	193	159	150	129	115	91	65	45	104	9	14	127	45	438	198	164	225	144	192	151	205	248	298	322	328	381	332	374	191	202	82	196	241	268	327	218	119	156	
47	164	23	14	9999	14	19	34	60	88	116	137	158	157	158	150	152	124	130	157	185	179	179	181	189	197	178	210	192	186	164	151	171	178	175	164	144	124	105	80	63	47	43	64	86	67	165	99	143	126	143	129	135	151	145	152	150	172	171	192	193	207	208	222	226	212	216	195	198	178	184	178	181	162	171	162	197	204	215	230	238	274	267	278	286	298	277	264	251	261	250	254	236	244	228	220	209	195	206	198	216	209	229	226	245	240	254	252	259	253	250	236	235	228	228	208	209	228	243	264	264	285	285	288	293	301	309	319	327	305	316	338	137	375	394	419	413	427	433	430	425	438	426	412	407	386	385	371	357	340	343	360	374	376	383	387	400	385	409	396	399	392	398	353	343	338	331	319	316	314	313	335	335	357	264	392	413	414	386	365	343	322	407	280	258	238	216	195	162	151	133	119	96	72	54	109	29	31	128	54	432	181	144	206	147	175	151	185	234	285	310	322	372	325	363	175	186	88	181	232	253	315	218	120	157	
67	143	40	23	14	9999	8	29	57	85	114	135	157	158	161	153	157	130	139	165	191	183	178	179	183	189	158	200	181	175	151	140	162	169	165	159	138	117	97	70	51	29	22	43	66	47	144	78	122	105	122	109	116	131	125	131	129	151	150	171	172	186	188	201	205	192	196	176	178	159	165	159	163	145	155	146	184	191	202	216	224	258	250	261	270	281	260	245	232	244	233	237	220	229	213	204	195	179	190	181	199	191	210	207	226	220	234	232	239	232	229	215	214	207	207	187	188	208	222	243	243	264	264	267	273	281	289	300	309	287	299	321	116	357	375	400	394	407	414	411	406	419	406	392	387	366	364	351	337	319	323	340	354	356	363	367	380	366	389	376	379	373	379	334	324	318	312	298	295	293	292	314	314	336	243	371	392	393	365	344	322	301	388	259	238	217	196	175	141	130	112	99	76	54	39	89	31	43	107	72	412	169	152	197	127	163	130	180	219	268	293	302	353	305	345	161	172	69	167	213	239	297	197	100	137	
72	144	48	34	19	8	9999	14	43	71	99	121	142	144	147	139	143	117	127	152	178	169	164	164	169	175	162	187	169	162	139	127	149	156	152	145	124	103	83	57	39	22	25	45	71	54	147	83	123	106	122	106	110	126	122	129	129	150	150	171	171	186	186	200	203	189	192	171	173	153	159	152	155	137	145	137	173	180	191	205	213	248	241	252	261	272	252	238	225	236	224	228	211	219	203	194	184	170	181	173	191	184	204	201	220	216	230	228	235	230	228	214	214	207	207	187	190	209	224	245	243	264	264	265	269	277	284	294	302	279	291	313	119	350	368	394	388	402	408	406	401	414	402	388	384	363	362	348	334	316	319	336	351	352	359	363	376	359	385	371	374	367	373	327	318	313	307	296	293	292	292	314	315	337	244	372	393	395	366	346	324	303	381	261	240	220	199	178	145	133	117	105	84	64	51	96	45	54	111	80	407	157	139	184	131	151	131	166	208	260	285	299	347	301	337	150	161	77	156	207	228	290	197	103	139	
84	148	64	53	34	29	14	9999	22	50	78	100	121	123	126	119	124	98	110	133	159	148	143	143	149	156	169	169	151	145	124	110	130	137	134	125	104	83	64	39	25	25	39	54	83	68	153	93	128	110	126	105	106	122	122	129	130	151	152	173	172	187	186	200	200	186	188	166	168	147	151	144	146	127	134	124	157	164	175	190	197	235	228	240	248	260	242	230	217	226	213	217	199	206	189	181	170	157	169	162	181	176	196	194	214	211	225	224	231	228	228	214	216	208	210	190	195	214	228	249	245	266	264	264	266	271	277	285	292	269	279	302	127	340	359	386	380	394	401	398	394	407	398	384	381	359	359	345	330	312	315	332	347	348	355	358	371	351	378	365	367	360	365	318	311	306	301	293	292	292	294	315	318	340	247	375	395	398	370	349	328	307	373	266	245	225	205	185	154	140	127	116	97	80	70	107	65	72	119	93	402	140	121	165	140	134	136	145	195	249	274	295	338	297	327	136	146	91	141	200	214	280	200	112	146	
104	159	88	81	60	57	43	22	9999	21	50	71	93	95	99	92	98	74	89	110	133	121	114	115	121	130	182	145	129	124	105	89	105	112	110	97	77	57	39	22	25	44	63	74	103	92	165	111	140	121	135	110	106	122	126	133	137	158	160	180	178	192	189	203	200	186	186	164	164	143	144	137	138	117	121	111	137	145	155	171	178	219	213	226	232	245	230	221	207	214	201	204	184	190	172	165	153	143	156	151	171	168	189	188	208	207	221	221	228	229	232	218	221	214	217	198	204	223	236	257	251	271	267	264	264	266	269	276	281	257	265	289	141	329	349	376	371	385	392	390	387	401	394	380	378	357	356	342	328	310	311	329	343	344	351	352	366	342	371	358	359	352	356	308	302	299	296	292	293	295	299	320	325	345	254	380	400	404	376	356	335	315	362	275	255	235	216	197	168	153	144	134	118	104	97	127	93	99	134	115	397	119	99	141	156	114	147	117	178	236	261	292	329	293	316	120	128	113	124	195	196	268	208	128	158	
127	173	114	108	88	85	71	50	21	9999	22	43	65	68	73	66	74	54	72	89	110	95	86	87	95	105	199	124	110	105	92	73	84	89	89	70	51	33	22	28	44	70	90	98	126	117	181	133	156	136	150	122	113	128	137	143	149	168	172	190	187	201	196	209	204	190	188	166	165	144	143	136	136	114	115	104	120	130	137	156	161	205	201	214	219	233	221	216	201	205	192	194	173	178	158	153	140	133	147	144	165	164	186	186	207	207	221	222	229	233	238	225	230	223	227	209	217	235	248	267	259	279	273	268	264	264	265	269	273	247	254	279	159	320	340	368	364	379	385	384	382	396	392	378	378	356	356	342	328	310	310	328	342	342	349	350	364	335	366	352	354	347	349	300	296	294	293	294	296	300	306	327	333	353	263	387	407	412	385	365	345	325	354	286	267	248	230	212	186	170	164	155	142	130	124	149	122	126	153	139	393	102	80	119	175	98	162	90	165	225	250	292	321	292	306	108	113	137	111	193	181	259	218	147	175	
152	190	141	137	116	114	99	78	50	22	9999	15	36	41	49	43	54	43	64	72	89	70	57	59	70	84	218	105	95	92	86	65	66	70	73	45	29	22	28	50	70	97	117	124	151	144	199	157	174	156	167	138	126	140	151	157	165	183	187	204	200	213	207	219	211	198	194	173	171	150	147	140	138	117	115	104	109	119	124	144	148	195	192	205	209	223	216	214	200	201	187	188	166	169	148	145	131	129	143	143	164	165	187	188	208	211	225	226	233	241	248	235	241	235	240	223	233	249	262	280	270	289	281	275	268	264	264	265	267	241	245	271	180	313	334	362	359	374	381	380	379	393	392	378	379	358	358	345	330	312	311	329	343	343	350	349	363	330	364	350	350	343	345	295	293	292	292	298	302	308	316	336	344	363	275	396	416	421	395	375	356	337	348	299	281	264	247	230	206	189	187	179	167	157	152	173	150	153	174	165	392	90	67	100	196	88	180	63	155	218	243	295	316	294	299	103	105	163	104	195	169	253	232	169	194	
171	204	162	158	137	135	121	100	71	43	15	9999	15	23	35	31	44	45	65	65	76	53	36	38	53	70	233	95	88	87	87	66	59	61	66	29	22	29	44	70	90	117	138	144	171	164	215	176	190	172	183	153	138	151	165	170	179	196	200	216	212	224	217	229	219	207	201	181	178	159	153	146	144	124	119	109	104	115	117	138	141	190	188	201	204	218	214	215	201	200	186	186	164	165	144	143	129	129	143	145	166	169	190	192	212	216	230	232	238	248	257	245	252	246	252	236	246	262	274	291	280	299	289	281	273	267	264	264	264	238	241	267	196	309	330	358	357	372	379	378	378	392	393	379	382	360	362	348	334	316	313	331	346	345	352	350	364	328	363	349	349	342	343	293	292	292	294	303	308	316	324	344	353	372	286	404	424	429	404	385	366	347	345	311	293	277	260	245	222	205	204	197	186	178	173	192	172	175	191	185	392	86	64	88	213	86	195	44	151	215	239	299	314	297	295	104	103	183	103	199	163	250	244	187	210	
191	220	183	179	158	157	142	121	93	65	36	15	9999	14	29	29	43	54	73	64	67	40	15	19	41	60	249	88	86	86	92	73	57	57	65	22	29	45	63	90	111	138	159	164	191	185	231	196	207	189	199	169	153	165	180	185	195	210	215	230	225	237	228	240	229	217	210	191	187	169	162	156	152	134	127	117	103	114	114	136	137	186	186	200	201	215	214	218	204	201	187	186	165	164	143	143	129	133	147	151	171	176	196	198	218	223	237	239	246	257	268	256	264	258	265	249	261	276	287	304	292	309	299	289	279	271	267	264	264	237	238	264	214	307	328	357	356	371	378	378	378	392	396	382	385	364	366	352	338	321	317	335	349	348	355	352	366	328	364	350	349	342	342	292	293	294	297	309	316	324	334	353	363	382	298	413	432	439	413	395	376	358	343	324	307	291	275	260	239	222	223	216	206	199	195	212	193	196	210	205	393	87	67	81	231	88	212	28	150	214	237	304	314	301	293	109	105	203	107	205	159	250	257	205	226	
185	234	179	178	157	158	144	123	95	68	41	23	14	9999	8	9	22	39	55	44	47	23	18	34	60	81	263	108	107	107	112	92	78	78	86	43	47	59	74	98	117	144	164	172	199	191	245	205	220	202	213	183	168	181	195	200	209	225	230	246	242	254	246	258	247	235	229	209	206	187	181	174	171	152	146	136	124	135	135	157	157	207	207	221	221	236	235	239	225	222	208	207	186	185	164	164	150	154	167	171	191	195	216	218	238	243	256	259	265	276	286	274	281	275	281	265	276	292	303	321	309	327	317	309	299	291	288	285	285	258	259	285	226	328	349	378	377	392	399	399	399	413	416	402	406	385	386	373	359	341	338	356	370	368	375	373	387	349	385	371	370	363	363	313	314	315	318	329	335	343	353	372	381	400	315	432	450	457	432	413	395	376	364	340	323	307	290	275	252	235	234	226	215	205	199	221	193	193	221	199	414	107	47	102	243	109	225	47	171	235	258	324	335	322	314	129	126	211	127	225	180	271	273	217	240	
181	245	178	179	158	161	147	126	99	73	49	35	29	8	9999	1	9	32	44	29	34	15	28	47	74	95	273	123	121	121	126	106	93	93	100	57	61	70	84	105	124	149	169	178	206	197	255	212	230	211	223	193	179	193	206	211	220	237	241	258	254	266	258	270	261	248	242	222	219	200	194	188	185	165	160	149	139	150	150	171	172	222	221	235	236	250	250	253	239	236	222	221	200	200	178	179	165	168	181	185	205	209	230	232	252	256	270	272	279	289	299	286	293	287	293	277	287	303	315	333	322	340	331	322	313	306	302	300	299	273	273	300	235	343	364	392	392	406	413	413	413	427	431	417	420	399	401	387	373	355	352	370	384	383	390	388	402	363	399	385	385	378	378	328	328	329	332	343	349	357	366	385	394	413	327	446	463	469	445	426	407	389	378	352	335	318	301	285	261	245	242	234	221	210	203	228	194	192	230	196	428	122	35	116	252	123	236	60	186	250	273	338	349	336	328	143	140	217	141	239	194	285	285	225	249	
174	240	171	171	150	153	139	119	92	66	43	31	29	9	1	9999	7	25	39	29	39	22	33	51	77	97	268	124	121	121	124	104	93	93	100	57	59	66	78	99	117	142	162	171	199	190	249	206	225	206	218	188	175	189	201	207	215	232	236	253	249	262	254	267	257	245	239	219	216	197	191	185	182	162	157	147	139	150	150	172	173	222	221	235	237	251	250	252	238	235	221	221	200	200	178	178	164	166	180	183	204	207	228	230	250	254	268	270	277	286	295	283	290	283	289	273	283	299	311	329	318	337	327	319	311	304	301	299	299	273	274	300	230	343	364	393	392	406	413	413	413	427	430	416	419	398	399	385	371	354	351	368	383	382	389	387	401	363	399	385	385	378	378	328	328	329	331	341	346	354	362	382	391	410	324	443	460	466	442	423	404	385	379	348	330	313	296	280	256	239	236	228	215	203	195	222	186	185	224	188	428	121	31	117	246	122	230	63	186	250	273	336	349	334	329	141	139	211	140	237	195	285	281	219	244	
172	251	171	173	152	157	143	124	98	74	54	44	43	22	9	7	9999	22	29	15	29	22	44	63	90	110	278	138	135	135	138	117	107	107	114	71	72	79	89	108	125	149	168	178	207	196	260	214	235	216	228	199	186	200	212	218	226	244	248	265	261	274	267	279	270	257	252	232	229	209	204	198	195	175	171	160	153	164	164	186	187	236	235	249	251	265	264	266	251	249	235	235	214	214	192	192	178	180	194	196	218	221	242	243	264	267	281	283	290	299	308	295	302	295	301	284	294	310	322	341	330	349	340	333	324	318	315	313	313	287	288	314	239	357	378	406	406	420	427	427	427	441	444	430	433	412	413	399	385	367	365	382	397	395	402	401	415	377	413	399	399	392	392	342	342	343	345	354	360	367	375	395	403	423	336	454	472	474	453	435	416	397	393	360	342	325	307	291	266	249	245	236	222	209	200	230	188	186	233	186	442	135	19	131	255	136	241	76	200	264	287	350	363	348	343	155	153	218	154	250	209	299	293	228	254	
144	233	142	145	124	130	117	98	74	54	43	45	54	39	32	25	22	9999	15	29	54	50	64	79	102	120	260	146	139	138	135	114	110	112	117	79	72	71	76	89	103	125	143	155	184	172	242	192	216	197	211	183	172	187	197	203	210	229	232	250	247	260	255	268	261	247	243	223	221	200	196	190	188	167	165	154	155	166	169	190	192	241	239	253	255	269	264	264	249	249	235	236	215	216	195	193	179	178	192	192	214	215	237	238	258	261	275	276	283	290	297	284	289	282	287	270	278	295	308	327	318	338	330	324	318	314	313	313	315	289	292	318	219	360	381	409	408	422	429	428	428	442	441	428	429	408	408	395	380	362	361	379	393	392	399	399	413	379	413	399	399	392	393	343	342	342	342	348	352	357	364	385	392	412	323	445	463	468	443	424	404	384	396	346	327	309	291	273	246	231	224	215	199	184	174	208	160	157	213	158	441	137	19	140	235	136	223	90	202	266	290	345	365	344	346	153	153	194	153	245	214	301	278	207	236	
142	252	145	150	130	139	127	110	89	72	64	65	73	55	44	39	29	15	9999	22	50	57	79	96	120	140	277	166	160	159	157	136	131	133	138	99	94	93	96	107	119	139	155	169	198	185	259	207	234	215	228	201	192	207	216	222	229	248	251	270	267	280	275	288	281	268	264	243	242	221	218	211	209	188	186	175	176	187	190	211	213	262	260	274	276	291	286	285	271	271	257	257	236	237	216	215	201	200	214	214	235	237	258	259	280	282	296	297	304	311	317	304	309	302	307	289	297	314	327	346	338	358	351	345	339	336	335	335	336	310	313	339	236	382	402	431	429	444	450	449	448	461	461	448	449	429	430	416	402	384	382	400	414	414	421	420	434	400	434	420	421	414	415	365	363	363	363	369	373	378	385	405	412	432	342	464	478	480	461	444	424	404	417	365	346	328	309	291	263	248	240	230	213	196	184	222	166	160	229	156	461	158	8	160	251	157	241	108	224	287	311	366	386	365	367	174	175	207	174	266	235	322	298	223	253	
170	268	173	177	157	165	152	133	110	89	72	65	64	44	29	29	15	29	22	9999	22	33	63	83	111	131	294	159	157	157	159	138	128	128	136	93	93	99	107	124	139	161	178	191	220	208	276	228	251	232	245	216	205	219	230	236	244	262	265	283	280	292	286	299	290	277	272	252	249	229	225	218	216	195	191	181	174	185	186	207	208	258	257	271	272	286	285	287	273	271	257	257	235	235	214	214	200	201	215	218	239	242	262	264	285	288	302	304	311	319	327	315	321	314	320	302	312	328	341	359	350	369	360	353	345	339	336	335	335	308	309	336	254	379	400	428	427	442	448	448	448	461	463	450	453	433	434	420	406	388	386	404	418	417	424	422	436	399	434	420	420	413	413	363	363	364	366	375	380	387	395	415	423	443	355	472	482	484	471	454	435	416	414	379	360	342	325	307	281	265	260	250	235	220	209	243	193	188	248	185	461	157	7	152	270	157	257	97	221	285	308	371	385	369	364	176	175	229	175	271	230	321	311	243	270	
199	285	201	205	185	191	178	159	133	110	89	76	67	47	34	39	29	54	50	22	9999	22	57	79	107	128	313	157	158	159	166	146	131	130	138	95	101	111	124	144	161	184	203	214	243	232	295	250	270	251	263	234	220	234	247	252	261	278	282	299	295	307	299	312	302	289	283	264	260	241	235	229	226	206	200	190	176	187	186	207	207	257	257	271	271	285	287	292	278	274	260	259	238	236	215	216	203	207	221	225	245	249	270	272	292	297	310	313	319	330	340	328	335	328	335	318	328	344	356	374	363	381	372	363	353	345	340	337	335	309	308	335	275	378	399	427	427	442	448	448	449	462	467	454	458	438	440	426	412	395	391	409	423	422	428	426	440	399	436	422	421	414	414	364	365	367	371	383	389	398	407	426	435	454	369	479	485	486	478	465	447	430	413	394	376	359	342	326	301	285	281	272	258	245	235	266	221	216	269	213	464	160	36	150	291	162	276	93	222	286	308	378	385	375	363	183	179	253	181	279	229	321	326	264	289	
201	265	199	200	179	183	169	148	121	95	70	53	40	23	15	22	22	50	57	33	22	9999	29	50	79	100	293	128	130	131	140	120	103	102	111	67	76	89	104	127	146	171	191	200	228	219	275	234	250	232	243	213	198	211	225	230	239	255	260	276	272	283	275	287	276	264	257	238	235	216	209	203	200	181	174	164	148	159	157	179	178	228	228	242	242	257	259	264	250	246	232	231	209	208	186	188	175	180	193	198	218	223	243	246	265	270	284	286	293	305	315	303	311	305	311	295	306	322	333	350	339	357	346	337	326	317	312	308	307	280	280	306	256	349	370	399	399	413	420	421	421	435	441	427	431	411	412	399	385	367	364	381	395	394	400	398	412	371	408	394	393	386	385	335	337	339	343	356	363	372	381	400	410	429	345	459	474	478	459	442	424	405	385	370	353	337	320	305	282	265	263	256	243	232	225	250	215	214	251	215	438	132	44	121	272	135	255	64	194	257	280	351	357	348	335	156	152	239	154	252	201	293	303	246	270	
209	241	202	199	179	178	164	143	114	86	57	36	15	18	28	33	44	64	79	63	57	29	9999	15	43	64	270	93	95	97	108	90	70	67	77	34	48	66	85	112	133	160	181	187	213	207	252	218	228	210	220	190	173	184	200	205	215	230	235	249	245	255	247	258	246	234	226	208	204	186	178	173	169	151	143	134	113	124	122	143	143	193	193	207	207	221	224	230	216	211	197	196	175	172	151	153	140	146	160	165	185	190	210	213	232	238	251	254	260	274	285	274	282	276	283	269	280	295	306	322	309	327	315	305	293	283	278	273	271	245	244	271	236	314	335	363	363	378	385	385	386	400	406	392	397	376	378	365	351	334	329	347	361	359	366	363	377	335	372	358	358	351	350	300	302	304	308	323	330	340	351	369	380	398	316	429	447	454	430	412	394	376	349	342	326	310	295	281	260	243	245	238	228	221	216	234	214	215	231	223	402	98	70	86	252	101	233	29	159	222	244	317	321	314	299	124	118	226	120	219	165	257	276	227	247	
216	228	207	202	181	179	164	143	115	87	59	38	19	34	47	51	63	79	96	83	79	50	15	9999	22	43	258	71	74	76	90	74	50	47	57	18	38	59	79	107	129	157	179	181	206	202	239	210	216	199	208	177	160	170	187	191	202	215	221	234	229	239	230	241	228	216	208	191	186	169	161	155	151	134	125	116	93	103	100	122	121	171	172	186	185	200	203	209	195	190	176	175	153	151	130	133	119	127	140	146	165	171	190	194	212	219	232	235	241	255	268	256	265	260	267	253	266	279	290	306	292	309	297	286	273	263	257	252	250	223	223	249	225	292	313	342	342	356	363	364	365	379	385	371	376	355	357	344	330	313	309	326	340	338	345	342	356	314	351	337	336	329	328	278	281	283	287	303	311	321	332	351	362	380	299	410	429	436	411	394	376	359	328	326	310	295	281	268	249	232	235	229	222	216	214	226	215	219	221	229	381	78	88	64	241	82	220	7	137	201	223	297	300	293	278	105	98	220	101	200	144	236	260	218	235	
228	213	216	209	189	183	169	149	121	95	70	53	41	60	74	77	90	102	120	111	107	79	43	22	9999	14	243	43	47	50	68	57	28	23	33	19	38	59	79	107	129	157	179	178	201	199	225	203	203	188	194	164	145	153	171	175	187	198	204	216	210	220	209	219	205	194	185	169	164	149	139	134	129	114	103	96	66	76	72	93	93	143	143	157	157	171	175	182	169	162	148	147	126	123	102	105	92	102	114	121	139	147	165	169	187	194	206	210	216	232	245	235	244	239	248	235	248	260	270	285	270	286	273	261	247	236	229	224	221	195	194	221	213	263	284	313	313	328	335	335	336	350	357	343	349	328	330	317	303	287	282	299	313	311	317	314	328	285	323	309	308	301	300	250	253	255	260	277	286	297	309	327	339	356	278	386	404	411	387	370	353	336	299	305	290	276	263	252	236	219	225	221	216	214	214	218	221	227	210	241	353	54	115	36	230	58	207	8	109	172	194	270	271	266	249	82	73	215	77	175	115	208	241	208	222	
239	203	225	216	197	189	175	156	130	105	84	70	60	81	95	97	110	120	140	131	128	100	64	43	14	9999	234	22	28	33	57	50	22	14	22	34	48	66	85	112	133	160	181	179	199	199	216	200	196	181	186	157	136	143	162	165	178	187	193	204	198	207	195	205	189	179	170	155	149	135	124	120	114	102	90	84	47	57	52	73	72	122	122	136	136	150	154	163	149	142	128	126	106	102	82	86	73	84	96	104	121	130	147	151	169	177	189	192	198	215	230	220	230	225	234	222	236	248	256	270	255	270	256	244	229	216	209	203	201	174	173	200	207	242	263	292	292	307	314	314	315	329	336	323	329	308	310	297	284	267	262	279	293	290	297	294	307	264	302	288	287	280	279	229	232	235	240	258	268	279	292	309	322	339	263	368	386	394	370	353	337	320	278	290	276	264	252	241	228	211	219	216	214	214	216	215	227	235	205	252	332	38	135	15	223	44	198	29	89	151	173	251	250	247	228	67	56	214	61	157	94	187	228	203	213	
225	24	197	176	178	158	162	169	182	199	218	233	249	263	273	268	278	260	277	294	313	293	270	258	243	234	9999	224	204	197	170	179	208	215	205	232	215	198	183	163	151	137	130	110	85	105	12	73	36	55	43	74	92	84	65	62	49	43	36	39	46	52	64	72	90	84	97	93	100	101	115	115	122	127	141	144	192	189	203	200	211	213	202	204	218	222	187	161	156	177	174	181	178	191	191	178	180	158	157	143	143	129	132	125	131	119	125	119	123	101	86	76	67	61	54	38	29	47	62	83	88	108	116	128	146	167	184	205	221	209	229	239	36	261	274	292	282	292	297	293	283	294	270	258	247	228	225	213	201	186	194	209	220	225	230	239	250	257	268	257	262	257	267	236	218	207	194	162	152	142	135	156	153	175	85	210	231	230	202	181	159	138	283	96	74	53	32	10	10	22	40	54	79	104	126	65	168	190	44	225	281	191	285	226	25	184	31	250	191	201	218	172	248	179	253	163	177	87	170	127	211	214	46	51	17	
256	193	239	228	210	200	187	169	145	124	105	95	88	108	123	124	138	146	166	159	157	128	93	71	43	22	224	9999	14	22	50	54	33	28	28	60	70	84	99	123	142	169	189	183	200	203	207	199	188	176	179	151	129	133	154	155	169	175	182	190	184	191	179	187	170	161	150	137	131	120	108	104	98	90	76	73	26	33	25	45	43	93	94	108	107	122	126	137	124	115	102	99	79	75	54	60	49	64	74	84	99	109	124	129	145	154	165	170	175	194	210	201	212	208	217	207	222	232	240	252	236	250	235	221	204	190	182	175	172	146	145	171	201	214	235	263	264	278	285	286	287	301	309	295	301	281	284	271	257	241	235	252	266	263	270	266	279	236	274	260	259	252	250	201	204	207	213	234	244	256	270	287	300	317	244	345	362	370	347	331	315	300	249	272	259	248	238	229	219	203	215	214	214	218	223	214	238	248	200	268	304	28	162	0	217	36	190	57	61	123	145	225	222	221	199	54	40	215	46	134	66	158	212	199	205	
240	173	222	210	192	181	169	151	129	110	95	88	86	107	121	121	135	139	160	157	158	130	95	74	47	28	204	14	9999	1	29	35	22	22	15	57	61	70	84	105	124	149	169	162	179	183	187	178	168	155	158	130	109	113	133	135	149	156	162	171	165	173	161	170	154	145	134	120	114	102	90	86	80	70	57	53	12	22	22	43	46	95	93	107	109	123	122	129	115	109	95	94	73	72	50	52	38	49	60	69	86	94	112	116	134	141	153	157	163	180	195	185	195	191	200	189	204	214	222	236	220	235	221	208	194	182	176	172	171	145	146	172	180	215	236	264	264	278	285	285	285	299	304	291	295	275	277	263	250	233	228	245	259	257	264	261	275	235	271	257	257	250	249	199	201	203	206	224	232	244	257	274	287	304	228	333	351	358	335	318	301	285	250	256	242	230	219	210	199	183	194	193	193	197	203	193	219	230	179	251	301	7	158	15	196	15	170	60	58	122	145	217	221	213	201	34	22	194	27	122	68	157	194	178	185	
234	166	216	204	186	175	162	145	124	105	92	87	86	107	121	121	135	138	159	157	159	131	97	76	50	33	197	22	1	9999	22	28	22	22	14	57	59	66	78	99	117	142	162	155	172	176	179	171	160	148	151	122	101	105	126	128	141	149	155	165	159	167	155	164	149	139	129	114	109	95	84	80	74	63	50	46	11	22	25	45	49	96	94	108	111	125	122	126	112	108	94	93	72	72	50	50	37	45	57	64	82	90	108	112	130	137	149	153	159	175	189	179	190	185	194	183	197	208	216	230	215	230	216	204	190	180	175	171	171	145	147	173	173	216	237	265	264	278	285	285	285	299	303	289	294	273	275	261	247	230	226	243	257	256	262	260	274	235	271	257	257	250	250	200	200	201	205	220	229	240	252	270	282	299	223	329	347	354	330	313	296	280	251	250	236	224	213	203	192	176	186	185	186	190	195	185	213	224	172	245	300	0	157	22	188	7	162	63	58	122	146	214	221	210	201	27	16	187	21	118	70	157	188	171	177	
214	140	194	180	164	151	139	124	105	92	86	87	92	112	126	124	138	135	157	159	166	140	108	90	68	57	170	50	29	22	9999	14	33	39	28	66	59	57	63	78	94	117	136	128	144	148	153	142	133	120	123	94	73	79	99	101	114	124	130	141	135	144	134	144	131	120	112	94	90	73	64	59	54	39	28	20	26	33	45	59	67	107	102	115	120	134	123	122	107	108	94	95	74	79	59	54	41	36	50	52	73	76	97	99	119	124	137	140	146	159	171	160	169	164	172	159	173	185	194	209	196	212	200	190	180	173	171	172	175	149	155	180	145	221	242	269	267	281	288	287	286	300	300	286	288	267	268	254	240	222	220	238	252	251	258	257	271	238	271	257	257	250	252	203	200	199	200	210	216	225	236	254	265	284	203	315	333	340	315	297	279	262	256	230	215	201	188	178	164	148	158	157	157	162	169	157	188	201	143	224	299	15	157	50	161	8	135	79	66	126	151	205	224	203	207	11	15	158	12	106	83	161	165	142	150	
199	149	181	168	151	140	127	110	89	73	65	66	73	92	106	104	117	114	136	138	146	120	90	74	57	50	179	54	35	28	14	9999	22	30	22	49	38	37	44	64	82	108	128	123	142	144	161	142	140	124	130	100	81	90	108	111	123	135	141	154	149	159	150	161	149	137	130	111	107	89	82	76	72	54	47	37	41	50	59	76	82	126	121	135	140	153	144	143	128	129	115	116	95	98	78	74	61	57	71	72	93	96	117	119	139	143	157	159	166	177	188	177	185	179	187	173	186	199	209	225	212	230	219	209	200	194	192	193	195	169	175	200	150	242	262	290	288	302	309	308	307	321	321	307	309	288	289	275	261	243	241	258	273	272	279	278	292	258	292	278	278	271	273	223	221	220	221	230	236	244	254	273	283	302	219	333	352	359	333	315	297	279	276	245	229	215	201	188	172	155	162	159	157	158	162	157	178	188	148	210	320	23	136	52	166	19	143	64	85	147	172	226	245	224	228	32	34	157	32	126	101	181	180	146	158	
216	178	200	190	171	162	149	130	105	84	66	59	57	78	93	93	107	110	131	128	131	103	70	50	28	22	208	33	22	22	33	22	9999	1	1	29	31	43	60	85	105	133	153	150	171	171	190	171	169	154	160	130	110	118	136	140	152	163	169	181	175	185	174	185	171	160	151	134	130	114	104	99	94	79	68	61	39	50	52	73	76	124	122	136	138	153	150	154	140	136	122	122	100	100	79	79	65	70	83	88	108	114	133	137	156	162	175	178	184	198	211	200	209	204	212	199	213	225	235	250	236	252	240	229	216	207	203	200	200	173	175	201	179	244	265	293	292	307	314	314	314	328	331	317	321	300	302	288	275	257	253	271	285	284	290	288	302	264	299	285	285	278	278	228	228	230	233	246	254	264	275	293	305	323	243	353	372	379	354	337	319	302	279	270	255	241	228	216	201	184	191	188	185	186	188	187	200	209	177	228	329	22	129	29	196	25	172	39	86	150	174	241	250	237	230	48	41	185	44	143	97	186	206	175	187	
222	184	206	197	178	169	156	137	112	89	70	61	57	78	93	93	107	112	133	128	130	102	67	47	23	14	215	28	22	22	39	30	1	9999	4	29	35	49	66	92	112	140	161	158	178	179	197	179	176	161	166	137	117	124	143	146	159	169	175	187	181	190	180	190	175	165	156	139	134	119	109	104	99	84	74	66	40	50	50	72	74	123	122	136	137	151	151	156	142	137	123	122	101	100	79	80	66	73	86	92	111	118	137	140	159	165	178	181	187	202	216	205	215	209	218	205	219	231	240	255	241	257	244	232	219	209	204	200	200	173	174	201	187	243	264	293	292	307	314	313	314	328	332	319	323	302	304	291	277	260	255	273	287	285	292	289	303	263	300	286	285	278	278	228	229	231	234	249	257	268	280	297	309	327	248	357	375	382	358	341	324	307	279	275	260	247	234	223	208	191	199	196	193	193	196	194	207	216	184	234	329	25	130	23	203	29	179	34	86	150	173	243	249	240	229	52	44	193	48	146	96	186	211	182	194	
221	174	204	193	175	165	152	134	110	89	73	66	65	86	100	100	114	117	138	136	138	111	77	57	33	22	205	28	15	14	28	22	1	4	9999	37	38	49	64	88	108	135	155	151	171	172	187	171	166	152	157	127	107	114	133	136	149	159	165	176	170	180	169	179	165	154	145	129	124	108	98	93	89	74	63	56	32	43	45	65	68	117	115	129	131	145	143	147	133	129	115	114	93	93	71	71	57	63	76	82	101	107	127	130	149	155	168	171	177	192	205	194	204	199	207	195	208	220	230	244	230	246	233	222	209	200	195	192	192	166	168	194	177	237	258	286	285	299	306	306	306	320	324	310	314	293	295	281	267	250	246	264	278	276	283	281	295	256	292	278	278	271	271	221	221	222	225	240	247	258	269	287	299	317	237	347	365	372	348	330	313	296	272	265	250	236	224	213	198	182	190	187	185	186	190	186	203	213	175	232	321	15	136	25	193	18	169	45	79	143	166	233	242	230	222	42	34	185	37	136	90	178	201	174	184	
203	202	191	185	164	159	145	125	97	70	45	29	22	43	57	57	71	79	99	93	95	67	34	18	19	34	232	60	57	57	66	49	29	29	37	9999	15	36	57	85	107	135	157	158	183	179	214	186	191	174	183	152	134	145	161	166	177	190	195	209	204	215	206	217	204	193	185	167	163	145	137	131	128	110	102	92	75	86	86	107	108	158	157	171	172	187	186	190	176	172	158	158	136	136	114	115	101	106	119	124	144	149	169	172	191	197	210	213	219	232	244	233	241	235	243	228	241	255	265	281	268	285	274	264	252	243	239	236	235	209	210	236	200	279	300	328	328	342	349	349	349	363	367	354	358	337	338	325	311	293	290	307	321	320	327	324	338	299	335	321	321	314	314	264	264	266	269	282	289	299	309	328	339	357	275	388	407	413	389	371	352	335	314	301	285	270	256	242	224	207	210	205	198	194	192	202	197	203	196	216	365	59	95	54	216	61	195	14	122	186	209	277	285	274	264	83	78	196	80	178	131	221	236	193	210	
184	185	171	164	144	138	124	104	77	51	29	22	29	47	61	59	72	72	94	93	101	76	48	38	38	48	215	70	61	59	59	38	31	35	38	15	9999	15	36	64	85	114	135	137	162	158	196	165	173	156	165	134	118	129	145	149	160	174	179	194	190	201	193	204	194	181	175	156	152	133	127	120	117	98	92	82	76	87	90	111	114	162	159	173	176	190	186	187	172	171	157	157	136	137	116	114	100	101	115	117	138	142	162	164	185	189	203	205	211	222	232	220	228	222	229	214	225	240	251	268	256	274	264	255	245	239	236	235	236	210	213	239	181	281	302	330	329	343	350	350	349	363	365	351	354	332	334	320	306	288	285	303	317	316	323	322	336	300	335	321	321	314	314	264	264	264	265	275	281	289	299	318	328	347	262	378	398	404	378	360	341	323	316	288	271	255	240	225	205	188	190	185	177	172	171	181	176	182	177	197	363	57	93	64	197	57	177	36	123	187	211	271	286	269	267	76	75	175	75	171	135	222	221	173	192	
166	169	152	143	124	117	103	83	57	33	22	29	45	59	70	66	79	71	93	99	111	89	66	59	59	66	198	84	70	66	57	37	43	49	49	36	15	9999	14	42	64	92	114	116	141	137	180	145	155	138	148	118	103	116	129	134	144	160	164	181	177	189	181	194	185	172	167	146	144	124	119	112	111	90	87	76	82	92	98	117	122	168	164	178	182	196	188	186	171	172	158	159	138	141	121	117	104	100	114	114	136	137	158	159	180	183	197	199	205	214	222	210	216	210	216	200	211	226	238	256	245	264	255	247	240	236	235	236	239	213	218	243	162	285	306	334	331	346	352	352	350	364	363	349	351	329	330	316	302	284	282	300	315	314	321	321	335	302	335	321	322	315	316	267	264	264	264	270	275	281	289	309	318	337	250	370	389	395	369	350	330	312	320	275	258	241	225	209	188	171	171	165	156	151	149	161	155	162	158	178	363	63	95	79	179	61	160	57	128	190	215	267	288	265	271	75	77	154	76	166	143	225	208	154	175	
150	155	133	124	105	97	83	64	39	22	28	44	63	74	84	78	89	76	96	107	124	104	85	79	79	85	183	99	84	78	63	44	60	66	64	57	36	14	9999	21	43	71	93	95	121	116	164	126	139	121	132	103	90	105	116	122	130	147	151	169	165	178	172	185	178	164	161	140	138	117	115	108	107	86	86	75	92	101	110	127	133	176	172	185	190	203	192	187	172	176	162	164	144	148	129	124	111	104	117	115	136	136	157	157	178	179	194	195	201	207	214	201	207	200	205	188	198	214	226	245	236	255	247	242	237	235	236	239	243	218	225	249	145	290	311	338	335	349	356	355	352	366	363	349	349	328	328	314	300	282	281	299	314	314	321	321	335	306	337	323	324	317	320	271	267	265	264	266	269	275	281	302	309	329	240	362	382	387	360	341	321	302	325	264	246	228	211	195	171	155	153	146	136	130	128	142	135	143	140	161	364	74	101	95	162	70	145	78	136	196	221	264	292	264	277	79	84	134	82	164	152	230	197	136	159	
129	137	110	98	80	70	57	39	22	28	50	70	90	98	105	99	108	89	107	124	144	127	112	107	107	112	163	123	105	99	78	64	85	92	88	85	64	42	21	9999	15	43	65	68	94	88	145	100	120	101	114	87	79	95	102	108	114	134	137	156	153	167	163	176	172	158	157	136	136	114	115	108	109	88	92	82	111	119	129	144	152	191	185	197	204	216	201	192	178	185	172	175	155	162	144	137	125	114	127	121	142	138	159	158	179	178	193	193	200	201	205	192	196	189	193	174	182	200	213	233	225	245	240	237	235	237	240	246	252	228	237	260	124	300	319	346	342	356	363	361	357	371	365	351	349	328	328	314	299	281	282	300	314	315	322	323	337	313	342	328	330	323	327	279	273	269	266	264	265	268	273	294	299	320	229	354	374	378	351	331	311	290	333	251	232	213	195	177	150	134	130	122	110	102	100	116	108	118	118	139	367	94	115	120	140	89	127	106	150	207	232	264	299	264	286	92	100	107	96	165	169	239	184	113	139	
115	127	93	80	63	51	39	25	25	44	70	90	111	117	124	117	125	103	119	139	161	146	133	129	129	133	151	142	124	117	94	82	105	112	108	107	85	64	43	15	9999	22	43	47	75	67	133	82	108	89	103	79	77	93	95	102	106	126	128	148	147	161	158	172	171	157	158	136	137	116	119	112	115	95	102	92	127	134	145	159	167	204	197	208	216	228	210	198	185	194	181	185	167	174	158	150	139	125	137	130	149	144	164	162	183	180	195	194	201	200	201	188	190	183	186	167	173	191	205	225	220	240	237	235	236	240	245	253	261	237	247	270	110	308	327	354	349	362	369	367	363	376	367	354	351	329	329	315	300	282	284	302	316	317	324	327	340	320	347	333	335	329	333	287	279	275	270	264	264	265	268	289	294	314	222	349	370	373	345	325	304	283	341	243	223	204	184	165	137	121	114	104	91	81	79	98	88	100	103	124	371	112	129	140	125	105	115	128	163	217	242	265	306	266	295	105	116	87	110	169	183	248	176	97	127	
101	117	76	58	47	29	22	25	44	70	97	117	138	144	149	142	149	125	139	161	184	171	160	157	157	160	137	169	149	142	117	108	133	140	135	135	114	92	71	43	22	9999	15	23	52	41	121	62	97	79	95	77	81	97	93	100	100	122	122	143	143	157	157	171	173	159	162	142	144	124	130	124	127	110	119	111	151	157	169	181	190	222	215	225	235	246	224	210	197	208	197	201	185	193	178	169	160	144	154	145	163	156	175	172	191	187	200	199	205	201	200	186	186	179	180	160	163	183	197	218	215	236	235	236	240	247	255	265	274	251	264	285	95	322	340	365	359	373	379	376	371	385	373	359	355	334	332	319	304	287	290	307	321	323	330	333	347	331	355	342	345	338	344	299	289	284	278	266	264	264	264	286	288	309	216	345	365	367	339	319	297	276	353	235	214	194	173	153	122	108	96	84	67	54	50	76	64	79	87	108	378	137	150	166	109	130	105	156	183	233	257	269	318	272	309	126	138	62	132	178	204	262	170	80	114	
95	114	67	47	43	22	25	39	63	90	117	138	159	164	169	162	168	143	155	178	203	191	181	179	179	181	130	189	169	162	136	128	153	161	155	157	135	114	93	65	43	15	9999	15	40	23	116	51	93	77	93	81	90	105	97	104	101	122	122	143	143	158	159	173	178	164	169	149	152	134	141	136	140	124	134	128	169	175	187	199	208	238	230	240	250	260	237	220	208	221	210	215	200	209	195	185	177	160	169	159	175	167	185	181	200	194	207	205	212	204	201	187	186	178	178	158	159	179	194	215	214	235	236	239	245	255	264	275	285	264	277	298	88	333	351	375	369	382	388	385	379	392	378	365	359	338	337	323	309	292	295	313	327	329	335	340	353	340	363	350	353	347	353	309	299	292	285	270	267	264	264	285	286	307	214	343	364	365	336	315	294	273	363	231	209	189	168	147	114	102	86	73	52	35	29	64	48	66	80	99	385	156	167	187	100	149	101	178	200	246	270	275	328	278	321	144	156	45	150	187	221	274	168	72	108	
116	93	88	67	64	43	45	54	74	98	124	144	164	172	178	171	178	155	169	191	214	200	187	181	178	179	110	183	162	155	128	123	150	158	151	158	137	116	95	68	47	23	15	9999	22	14	95	32	72	55	72	61	73	86	77	83	80	101	100	121	122	136	138	152	157	144	149	130	134	116	124	119	124	110	121	116	161	165	178	187	197	224	216	225	235	245	220	202	191	205	195	200	185	195	183	173	165	147	155	144	159	150	167	163	181	174	188	185	191	183	179	165	164	157	157	137	138	158	172	194	193	214	215	218	225	235	245	257	268	247	261	281	67	315	332	357	350	362	369	366	359	372	358	344	338	317	316	302	288	271	275	292	306	308	315	320	333	321	343	331	334	327	334	291	280	273	265	249	246	243	242	263	264	286	193	321	342	343	315	294	273	251	345	209	188	168	147	126	93	81	66	54	37	29	35	46	66	86	59	119	364	149	180	181	80	142	80	179	187	230	254	254	309	258	303	133	147	32	140	169	208	257	147	51	87	
134	74	106	84	86	66	71	83	103	126	151	171	191	199	206	199	207	184	198	220	243	228	213	206	201	199	85	200	179	172	144	142	171	178	171	183	162	141	121	94	75	52	40	22	9999	13	73	6	53	41	56	58	75	85	70	75	68	87	85	105	107	121	125	138	147	135	142	125	130	115	126	122	128	117	131	127	175	178	192	198	209	230	221	229	240	248	221	200	190	206	197	203	191	202	193	181	176	156	162	150	162	151	165	160	176	168	180	176	182	170	163	150	147	139	138	118	117	137	151	173	174	195	198	203	214	227	239	254	266	247	263	280	44	312	328	351	343	356	361	358	351	363	346	333	325	305	302	289	276	259	264	281	294	297	304	309	322	316	335	322	326	320	328	287	274	266	257	236	231	226	223	244	243	265	173	300	321	322	293	272	251	229	340	187	166	145	123	102	68	59	39	26	9	18	37	17	78	99	36	135	354	165	209	200	54	158	61	203	196	232	254	243	304	247	301	146	160	8	154	165	217	256	128	28	65	
114	93	86	64	67	47	54	68	92	117	144	164	185	191	197	190	196	172	185	208	232	219	207	202	199	199	105	203	183	176	148	144	171	179	172	179	158	137	116	88	67	41	23	14	13	9999	93	26	73	59	75	72	87	99	86	92	86	106	104	124	126	140	144	157	165	152	159	141	145	129	139	134	139	127	139	134	180	184	198	206	216	241	232	241	252	261	234	215	204	219	210	215	202	212	201	190	184	165	172	161	174	164	180	175	192	184	197	194	200	189	183	169	166	159	157	138	137	157	171	193	194	214	218	223	232	245	255	269	281	261	276	295	64	327	344	368	360	373	379	375	368	381	364	351	344	324	321	308	294	277	283	299	313	316	322	327	340	332	352	340	343	337	345	303	291	283	274	255	250	246	243	264	263	285	193	320	341	342	313	292	271	249	356	207	186	165	143	122	88	79	59	45	22	8	19	35	59	80	56	115	372	169	196	202	73	162	81	200	205	245	268	261	321	265	316	153	166	15	160	181	226	270	147	48	85	
