NAME: att48Preorder
TYPE: ATSP
DIMENSION: 48
EDGE_WEIGHT_TYPE: EXPLICIT
EDGE_WEIGHT_FORMAT: FULL_MATRIX 
EDGE_WEIGHT_SECTION
9999	654	120	780	526	442	319	35	23	728	204	187	311	290	135	85	541	297	490	300	413	49	203	700	354	760	494	360	521	438	180	560	211	279	803	314	470	90	504	63	286	664	498	242	809	175	313	537	
654	9999	514	256	226	814	790	693	677	306	582	653	523	440	669	556	836	778	826	684	570	567	529	393	435	227	822	798	120	807	753	493	697	360	440	772	823	726	432	630	377	185	816	765	495	716	615	271	
120	514	9999	688	328	529	429	209	159	623	117	173	170	100	171	78	598	400	564	281	292	44	64	581	172	667	561	464	325	513	323	414	247	78	721	403	548	262	333	89	152	519	551	369	729	258	231	351	
780	256	688	9999	383	868	853	810	794	154	709	748	645	614	768	733	875	845	874	762	662	732	674	305	583	9	872	856	380	859	833	539	787	589	156	835	873	819	527	755	640	200	865	838	232	804	708	391	
526	226	328	383	9999	704	670	586	540	255	353	448	238	182	492	452	734	661	722	489	293	428	285	229	153	335	718	678	71	686	636	198	529	184	437	646	720	609	128	460	320	113	703	650	461	562	359	8	
442	814	529	868	704	9999	53	456	365	812	387	300	489	544	284	577	50	67	7	240	471	528	473	766	557	855	13	25	736	4	196	627	211	620	861	58	3	294	621	367	680	782	31	123	857	198	371	696	
319	790	429	853	670	53	9999	330	244	799	313	219	427	488	186	483	162	1	87	200	436	419	386	755	509	834	100	5	702	62	74	607	131	551	851	10	72	166	585	264	619	759	122	25	847	93	321	668	
35	693	209	810	586	456	330	9999	49	767	295	265	404	378	201	138	557	307	497	364	497	114	298	742	446	796	510	374	580	461	178	626	269	361	828	341	481	83	578	139	348	708	522	251	831	217	397	598	
23	677	159	794	540	365	244	49	9999	738	186	141	307	303	82	161	482	219	414	243	388	101	207	707	358	775	421	288	550	362	104	554	146	315	811	239	391	42	507	45	355	675	425	167	813	101	289	547	
728	306	623	154	255	812	799	767	738	9999	616	670	524	499	699	691	825	793	821	676	520	682	578	75	456	107	815	801	322	800	789	332	714	515	100	781	818	774	336	687	601	77	805	791	130	736	591	236	
204	582	117	709	353	387	313	295	186	616	9999	38	56	90	68	263	479	294	434	92	127	190	28	542	118	680	426	334	410	366	270	307	102	194	716	276	425	245	253	76	341	533	405	277	716	151	48	346	
187	653	173	748	448	300	219	265	141	670	38	9999	137	189	17	291	385	192	347	46	183	215	92	610	216	727	336	234	503	274	178	380	29	282	754	177	331	174	339	60	402	594	317	179	752	64	70	436	
311	523	170	645	238	489	427	404	307	524	56	137	9999	43	192	325	542	401	525	168	51	272	47	430	30	611	511	440	326	458	390	185	218	165	649	379	517	373	124	195	349	420	487	392	648	274	55	225	
290	440	100	614	182	544	488	378	303	499	90	189	43	9999	228	259	608	463	580	253	140	213	40	431	18	576	573	502	237	531	424	231	279	65	633	449	574	381	149	197	240	375	553	445	641	316	143	185	
135	669	171	768	492	284	186	201	82	699	68	17	192	228	9999	260	384	158	329	83	251	185	129	652	267	747	327	214	535	269	120	450	27	302	779	155	313	108	394	32	398	632	318	135	778	33	136	488	
85	556	78	733	452	577	483	138	161	691	263	291	325	259	260	9999	658	459	612	399	447	21	214	672	324	715	617	517	407	569	353	551	343	184	773	472	592	261	486	164	125	597	616	406	784	320	376	476	
541	836	598	875	734	50	162	557	482	825	479	385	542	608	384	658	9999	186	24	310	519	606	543	785	613	869	14	121	771	50	314	657	308	675	871	161	41	411	656	475	730	802	20	242	867	308	433	725	
297	778	400	845	661	67	1	307	219	793	294	192	401	463	158	459	186	9999	112	179	418	387	363	743	487	827	124	16	685	75	61	590	103	536	844	6	92	142	572	233	591	745	139	11	839	69	304	655	
490	826	564	874	722	7	87	497	414	821	434	347	525	580	329	612	24	112	9999	282	503	563	514	783	584	864	2	57	758	20	240	650	259	651	870	94	0	338	642	416	706	797	26	171	866	246	408	717	
300	684	281	762	489	240	200	364	243	676	92	46	168	253	83	399	310	179	282	9999	157	328	176	604	257	739	268	202	552	208	223	364	44	370	757	145	275	252	343	163	506	622	237	192	749	95	59	469	
413	570	292	662	293	471	436	497	388	520	127	183	51	140	251	447	519	418	503	157	9999	380	150	401	94	625	486	439	404	432	437	125	244	283	635	382	500	439	109	283	465	444	454	423	628	309	48	263	
49	567	44	732	428	528	419	114	101	682	190	215	272	213	185	21	606	387	563	328	380	9999	154	659	280	713	565	457	410	520	294	516	271	169	764	401	545	206	443	91	165	587	564	350	776	255	308	454	
203	529	64	674	285	473	386	298	207	578	28	92	47	40	129	214	543	363	514	176	150	154	9999	520	73	644	505	412	332	451	320	296	181	110	689	356	503	288	224	96	266	477	491	347	695	221	97	287	
700	393	581	305	229	766	755	742	707	75	542	610	430	431	652	672	785	743	783	604	401	659	520	9999	372	263	770	756	352	750	746	201	663	483	205	731	782	737	228	647	596	132	756	744	191	690	513	192	
354	435	172	583	153	557	509	446	358	456	118	216	30	18	267	324	613	487	584	257	94	280	73	372	9999	546	579	523	240	538	466	160	301	111	597	467	581	432	81	248	301	339	558	475	600	355	134	140	
760	227	667	9	335	855	834	796	775	107	680	727	611	576	747	715	869	827	864	739	625	713	644	263	546	9999	860	837	342	841	817	493	763	559	147	820	862	808	478	733	618	144	849	824	220	786	679	344	
494	822	561	872	718	13	100	510	421	815	426	336	511	573	327	617	14	124	2	268	486	565	505	770	579	860	9999	66	751	15	257	632	253	643	863	98	8	354	629	417	705	792	6	182	858	249	389	710	
360	798	464	856	678	25	5	374	288	801	334	234	440	502	214	517	121	16	57	202	439	457	412	756	523	837	66	9999	712	34	116	608	148	570	852	12	44	210	588	295	637	761	79	53	848	124	329	671	
521	120	325	380	71	736	702	580	550	322	410	503	326	237	535	407	771	685	758	552	404	410	332	352	240	342	751	712	9999	724	665	349	572	170	496	681	752	624	272	485	235	171	740	675	534	593	456	119	
438	807	513	859	686	4	62	461	362	800	366	274	458	531	269	569	50	75	20	208	432	520	451	750	538	841	15	34	724	9999	205	595	190	599	850	52	18	299	588	357	673	764	16	133	844	188	337	678	
180	753	323	833	636	196	74	178	104	789	270	178	390	424	120	353	314	61	240	223	437	294	320	746	466	817	257	116	665	205	9999	603	115	478	842	88	222	37	575	158	532	735	273	20	841	56	318	634	
560	493	414	539	198	627	607	626	554	332	307	380	185	231	450	551	657	590	650	364	125	516	296	201	160	493	632	608	349	595	603	9999	453	340	487	568	648	595	30	462	518	286	605	593	468	512	241	149	
211	697	247	787	529	211	131	269	146	714	102	29	218	279	27	343	308	103	259	44	244	271	181	663	301	763	253	148	572	190	115	453	9999	368	788	87	244	140	415	92	480	660	238	99	785	19	126	520	
279	360	78	589	184	620	551	361	315	515	194	282	165	65	302	184	675	536	651	370	283	169	110	483	111	559	643	570	170	599	478	340	368	9999	648	532	639	417	250	234	105	372	631	508	666	389	278	212	
803	440	721	156	437	861	851	828	811	100	716	754	649	633	779	773	871	844	870	757	635	764	689	205	597	147	863	852	496	850	842	487	788	648	9999	831	869	830	501	769	711	254	854	843	22	808	698	422	
314	772	403	835	646	58	10	341	239	781	276	177	379	449	155	472	161	6	94	145	382	401	356	731	467	820	98	12	681	52	88	568	87	532	831	9999	80	175	549	235	597	736	104	39	829	73	274	635	
470	823	548	873	720	3	72	481	391	818	425	331	517	574	313	592	41	92	0	275	500	545	503	782	581	862	8	44	752	18	222	648	244	639	869	80	9999	313	638	396	697	795	36	149	865	230	401	714	
90	726	262	819	609	294	166	83	42	774	245	174	373	381	108	261	411	142	338	252	439	206	288	737	432	808	354	210	624	299	37	595	140	417	830	175	313	9999	560	106	455	719	361	84	832	78	321	614	
504	432	333	527	128	621	585	578	507	336	253	339	124	149	394	486	656	572	642	343	109	443	224	228	81	478	629	588	272	588	575	30	415	250	501	549	638	560	9999	395	431	256	602	571	496	474	213	84	
63	630	89	755	460	367	264	139	45	687	76	60	195	197	32	164	475	233	416	163	283	91	96	647	248	733	417	295	485	357	158	462	92	234	769	235	396	106	395	9999	312	616	409	196	775	86	179	464	
286	377	152	640	320	680	619	348	355	601	341	402	349	240	398	125	730	591	706	506	465	165	266	596	301	618	705	637	235	673	532	518	480	105	711	597	697	455	431	312	9999	484	701	566	723	484	441	363	
664	185	519	200	113	782	759	708	675	77	533	594	420	375	632	597	802	745	797	622	444	587	477	132	339	144	792	761	171	764	735	286	660	372	254	736	795	719	256	616	484	9999	777	741	291	683	530	113	
498	816	551	865	703	31	122	522	425	805	405	317	487	553	318	616	20	139	26	237	454	564	491	756	558	849	6	79	740	16	273	605	238	631	854	104	36	361	602	409	701	777	9999	199	846	247	362	692	
242	765	369	838	650	123	25	251	167	791	277	179	392	445	135	406	242	11	171	192	423	350	347	744	475	824	182	53	675	133	20	593	99	508	843	39	149	84	571	196	566	741	199	9999	840	54	305	643	
809	495	729	232	461	857	847	831	813	130	716	752	648	641	778	784	867	839	866	749	628	776	695	191	600	220	858	848	534	844	841	468	785	666	22	829	865	832	496	775	723	291	846	840	9999	806	694	434	
175	716	258	804	562	198	93	217	101	736	151	64	274	316	33	320	308	69	246	95	309	255	221	690	355	786	249	124	593	188	56	512	19	389	808	73	230	78	474	86	484	683	247	54	806	9999	193	555	
313	615	231	708	359	371	321	397	289	591	48	70	55	143	136	376	433	304	408	59	48	308	97	513	134	679	389	329	456	337	318	241	126	278	698	274	401	321	213	179	441	530	362	305	694	193	9999	345	
537	271	351	391	8	696	668	598	547	236	346	436	225	185	488	476	725	655	717	469	263	454	287	192	140	344	710	671	119	678	634	149	520	212	422	635	714	614	84	464	363	113	692	643	434	555	345	9999	
EOF