NAME: bayg29Preorder
TYPE: ATSP
DIMENSION: 29
EDGE_WEIGHT_TYPE: EXPLICIT
EDGE_WEIGHT_FORMAT: FULL_MATRIX 
EDGE_WEIGHT_SECTION
9999	49	136	83	39	19	150	23	59	63	155	47	35	153	109	53	180	136	92	67	18	175	95	14	118	81	35	2	88	
49	9999	75	53	28	55	176	97	60	23	135	93	40	115	82	85	135	91	91	11	6	141	154	64	130	42	96	70	30	
136	75	9999	149	71	114	217	183	79	121	207	132	145	181	169	185	188	160	186	102	94	201	216	163	210	32	190	150	19	
83	53	149	9999	108	119	118	103	138	5	52	155	19	39	2	48	75	27	18	19	67	66	127	62	58	127	81	112	112	
39	28	71	108	9999	13	200	93	7	77	182	41	77	168	132	114	189	148	133	66	12	193	162	77	167	13	107	47	27	
19	55	114	119	13	9999	192	62	16	93	191	8	78	180	144	103	202	165	134	89	25	201	136	59	162	50	83	14	67	
150	176	217	118	200	192	9999	116	211	137	90	204	111	134	106	68	171	146	69	157	170	139	59	110	29	213	87	161	212	
23	97	183	103	93	62	116	9999	110	94	155	78	54	165	119	37	197	156	89	106	68	184	44	10	100	131	5	22	140	
59	60	79	138	7	16	211	110	9999	111	205	26	110	195	165	138	208	177	164	102	43	210	178	102	193	17	127	57	43	
63	23	121	5	77	93	137	94	111	9999	84	128	13	65	29	54	96	45	41	0	38	95	131	54	83	97	79	92	80	
155	135	207	52	182	191	90	155	205	84	9999	209	89	22	26	86	56	41	34	101	149	21	146	123	41	199	126	176	186	
47	93	132	155	41	8	204	78	26	128	209	9999	113	206	176	129	215	196	166	127	61	214	152	87	188	70	106	28	96	
35	40	145	19	77	78	111	54	110	13	89	113	9999	87	39	17	124	74	28	28	35	115	93	16	62	109	36	63	102	
153	115	181	39	168	180	134	165	195	65	22	206	87	9999	20	106	13	1	55	73	132	3	174	129	81	178	142	176	158	
109	82	169	2	132	144	106	119	165	29	26	176	39	20	9999	56	58	16	11	44	96	44	130	81	46	153	94	132	136	
53	85	185	48	114	103	68	37	138	54	86	129	17	106	56	9999	145	101	22	72	74	125	50	15	32	148	10	73	144	
180	135	188	75	189	202	171	197	208	96	56	215	124	13	58	145	9999	20	98	99	159	9	203	166	122	194	179	201	172	
136	91	160	27	148	165	146	156	177	45	41	196	74	1	16	101	20	9999	55	51	115	24	173	120	89	157	134	163	135	
92	91	186	18	133	134	69	89	164	41	34	166	28	55	11	22	98	55	9999	61	95	73	93	56	14	159	60	117	151	
67	11	102	19	66	89	157	106	102	0	101	127	28	73	44	72	99	51	61	9999	33	104	150	66	105	80	95	96	62	
18	6	94	67	12	25	170	68	43	38	149	61	35	132	96	74	159	115	95	33	9999	160	132	43	128	43	73	37	44	
175	141	201	66	193	201	139	184	210	95	21	214	115	3	44	125	9	24	73	104	160	9999	187	154	91	200	162	198	183	
95	154	216	127	162	136	59	44	178	131	146	152	93	174	130	50	203	173	93	150	132	187	9999	60	76	195	30	98	198	
14	64	163	62	77	59	110	10	102	54	123	87	16	129	81	15	166	120	56	66	43	154	60	9999	76	116	4	31	118	
118	130	210	58	167	162	29	100	193	83	41	188	62	81	46	32	122	89	14	105	128	91	76	76	9999	193	67	136	184	
81	42	32	127	13	50	213	131	17	97	199	70	109	178	153	148	194	157	159	80	43	200	195	116	193	9999	143	88	3	
35	96	190	81	107	83	87	5	127	79	126	106	36	142	94	10	179	134	60	95	73	162	30	4	67	143	9999	46	147	
2	70	150	112	47	14	161	22	57	92	176	28	63	176	132	73	201	163	117	96	37	198	98	31	136	88	46	9999	103	
88	30	19	112	27	67	212	140	43	80	186	96	102	158	136	144	172	135	151	62	44	183	198	118	184	3	147	103	9999	
EOF