NAME: bays29Preorder
TYPE: ATSP
DIMENSION: 29
EDGE_WEIGHT_TYPE: EXPLICIT
EDGE_WEIGHT_FORMAT: FULL_MATRIX 
EDGE_WEIGHT_SECTION
9999	46	148	110	58	29	200	26	78	81	177	65	51	187	136	62	218	170	108	76	17	213	104	19	133	92	47	8	90	
46	9999	74	68	33	60	211	103	66	37	159	100	41	142	95	96	163	116	102	19	5	172	166	72	157	44	111	70	28	
148	74	9999	235	93	161	255	201	130	140	254	197	174	241	244	219	247	226	225	120	102	250	246	185	248	52	212	168	27	
110	68	235	9999	119	142	134	112	155	5	53	181	28	46	2	56	78	32	20	22	68	77	146	67	68	149	89	136	121	
58	33	93	119	9999	15	242	119	9	84	202	50	87	204	147	140	199	181	145	80	17	232	190	95	193	12	132	56	38	
29	60	161	142	15	9999	240	71	23	90	221	10	81	207	167	135	230	186	140	88	31	236	156	73	191	54	108	14	105	
200	211	255	134	242	240	9999	141	252	159	119	253	143	159	125	107	198	164	79	176	203	188	91	156	37	251	110	199	250	
26	103	201	112	119	71	141	9999	127	108	167	113	63	192	141	39	215	183	97	129	71	217	47	12	110	152	6	30	150	
78	66	130	155	9	23	252	127	9999	122	231	34	124	233	180	172	229	209	178	118	49	244	203	133	223	23	164	64	49	
81	37	140	5	84	90	159	108	122	9999	83	132	12	75	29	64	113	60	40	0	37	113	148	63	92	117	85	109	87	
177	159	254	53	202	221	119	167	231	83	9999	243	96	45	28	85	89	71	37	107	159	42	173	128	53	228	129	194	204	
65	100	197	181	50	10	253	113	34	132	243	9999	125	239	205	173	245	219	179	130	69	249	196	117	224	92	148	50	145	
51	41	174	28	87	81	143	63	124	12	96	125	9999	106	53	25	139	89	30	31	35	138	104	24	76	123	43	82	122	
187	142	241	46	204	207	159	192	233	75	45	239	106	9999	21	111	13	1	59	90	160	7	195	152	92	206	153	210	182	
136	95	244	2	147	167	125	141	180	29	28	205	53	21	9999	57	57	11	11	47	95	51	147	96	59	174	97	164	150	
62	96	219	56	140	135	107	39	172	64	85	173	25	111	57	9999	151	98	18	84	85	143	54	16	35	171	10	80	169	
218	163	247	78	199	230	198	215	229	113	89	245	139	13	57	151	9999	18	98	115	180	27	230	181	136	227	189	238	202	
170	116	226	32	181	186	164	183	209	60	71	219	89	1	11	98	18	9999	50	64	132	28	186	140	101	185	141	199	158	
108	102	225	20	145	140	79	97	178	40	37	179	30	59	11	18	98	50	9999	61	90	92	99	55	21	177	56	127	175	
76	19	120	22	80	88	176	129	118	0	107	130	31	90	47	84	115	64	61	9999	33	126	165	83	114	94	109	102	67	
17	5	102	68	17	31	203	71	49	37	159	69	35	160	95	85	180	132	90	33	9999	189	137	43	144	48	75	38	47	
213	172	250	77	232	236	188	217	244	113	42	249	138	7	51	143	27	28	92	126	189	9999	223	183	127	234	184	237	208	
104	166	246	146	190	156	91	47	203	148	173	196	104	195	147	54	230	186	99	165	137	223	9999	56	86	216	29	109	214	
19	72	185	67	95	73	156	12	133	63	128	117	24	152	96	16	181	140	55	83	43	183	56	9999	79	132	4	36	131	
133	157	248	68	193	191	37	110	223	92	53	224	76	92	59	35	136	101	21	114	144	127	86	79	9999	222	73	154	220	
92	44	52	149	12	54	251	152	23	117	228	92	123	206	174	171	227	185	177	94	48	234	216	132	222	9999	163	98	3	
47	111	212	89	132	108	110	6	164	85	129	148	43	153	97	10	189	141	56	109	75	184	29	4	73	163	9999	58	162	
8	70	168	136	56	14	199	30	64	109	194	50	82	210	164	80	238	199	127	102	38	237	109	36	154	98	58	9999	116	
90	28	27	121	38	105	250	150	49	87	204	145	122	182	150	169	202	158	175	67	47	208	214	131	220	3	162	116	9999	
EOF