NAME: berlin52Preorder
TYPE: ATSP
DIMENSION: 52
EDGE_WEIGHT_TYPE: EXPLICIT
EDGE_WEIGHT_FORMAT: FULL_MATRIX 
EDGE_WEIGHT_SECTION
9999	482	174	265	184	212	464	289	432	401	689	475	662	721	192	155	292	85	195	121	180	11	98	168	275	525	566	510	271	238	72	37	582	65	55	58	119	139	89	120	264	406	321	79	139	173	563	162	22	125	561	753	
482	9999	470	694	646	663	10	652	727	726	806	764	792	801	654	520	345	428	590	404	261	459	357	634	683	749	771	759	458	259	385	526	799	557	555	559	600	620	583	606	619	44	722	533	580	601	734	626	524	429	788	810	
174	470	9999	435	356	386	439	198	337	338	766	618	761	784	353	381	125	65	118	300	182	140	239	354	473	674	701	659	472	352	120	144	622	263	247	244	306	319	261	289	146	391	397	296	126	394	703	353	181	320	669	797	
265	694	435	9999	45	24	682	370	439	378	480	187	513	620	43	254	567	376	329	350	491	298	382	58	47	362	372	281	417	499	385	245	363	162	168	165	107	80	133	105	388	649	144	197	276	134	477	67	227	332	266	625	
184	646	356	45	9999	6	636	327	420	359	542	252	548	645	3	199	504	292	269	272	415	217	298	4	75	393	420	333	357	427	298	164	425	86	92	89	35	15	60	33	334	595	162	123	216	92	486	12	141	257	349	666	
212	663	386	24	6	9999	653	342	429	368	522	230	532	635	7	214	530	323	290	297	440	244	325	18	57	377	399	311	373	449	328	195	408	111	117	114	54	34	85	53	352	612	155	140	238	99	479	25	170	278	322	651	
464	10	439	682	636	653	9999	632	713	713	805	760	792	802	641	515	310	402	571	393	240	438	341	621	677	748	770	756	460	256	358	505	795	541	537	543	589	610	569	594	600	28	712	523	561	591	735	617	506	421	786	809	
289	652	198	370	327	342	632	9999	100	97	731	574	755	787	312	478	355	251	59	459	417	279	423	338	443	680	695	644	585	540	315	223	467	314	297	285	318	305	278	285	22	599	237	374	104	431	728	345	253	466	602	791	
432	727	337	439	420	429	713	100	9999	32	739	609	775	800	401	578	485	405	198	573	544	426	547	436	515	724	727	681	670	643	463	357	410	437	424	413	429	412	398	395	138	687	259	496	239	529	763	445	392	576	613	798	
401	726	338	378	359	368	713	97	32	9999	707	564	756	790	340	545	496	389	184	549	535	400	530	382	462	696	697	646	649	627	446	327	350	393	380	366	378	354	349	342	143	685	198	456	214	485	744	391	355	551	567	785	
689	806	766	480	542	522	805	731	739	707	9999	257	302	447	543	630	796	748	722	704	773	708	730	549	455	385	281	282	690	762	746	684	509	624	633	633	588	573	615	593	743	804	561	628	701	560	508	554	671	691	178	267	
475	764	618	187	252	230	760	574	609	564	257	9999	311	473	258	382	705	571	548	501	638	504	539	258	144	219	176	99	498	610	567	472	420	365	379	380	310	292	351	322	589	741	336	371	508	269	363	260	444	480	105	446	
662	792	761	513	548	532	792	755	775	756	302	311	9999	117	558	540	784	729	740	633	750	678	675	541	447	151	102	187	570	698	716	673	676	598	609	612	571	569	604	589	761	780	640	579	715	502	211	538	655	615	384	172	
721	801	784	620	645	635	802	787	800	790	447	473	117	9999	657	614	803	769	778	686	772	738	725	640	566	265	247	336	616	732	758	736	752	676	684	688	660	662	682	673	789	794	723	658	767	596	242	637	718	671	533	207	
192	654	353	43	3	7	641	312	401	340	543	258	558	657	9999	217	504	294	258	287	422	223	310	17	87	411	431	342	377	440	302	164	409	95	98	94	44	21	64	36	321	602	141	134	208	110	502	26	145	271	347	669	
155	520	381	254	199	214	515	478	578	545	630	382	540	614	217	9999	472	273	390	88	297	190	147	171	212	354	430	371	114	221	235	216	620	122	132	142	143	177	160	175	464	463	410	63	330	81	383	157	175	61	512	680	
292	345	125	567	504	530	310	355	485	496	796	705	784	803	504	472	9999	166	284	358	150	253	282	500	587	733	754	728	510	342	189	292	720	401	388	386	452	471	414	442	302	273	552	416	298	511	747	497	319	387	751	808	
85	428	65	376	292	323	402	251	405	389	748	571	729	769	294	273	166	9999	154	196	116	52	132	283	403	617	656	605	363	255	30	86	622	183	167	165	234	250	195	227	215	343	385	205	131	300	647	280	107	214	639	781	
195	590	118	329	269	290	571	59	198	184	722	548	740	778	258	390	284	154	9999	358	318	183	318	275	392	646	667	611	513	457	217	126	505	231	215	206	245	243	207	220	38	531	244	283	27	352	693	279	162	367	590	782	
121	404	300	350	272	297	393	459	573	549	704	501	633	686	287	88	358	196	358	9999	172	128	40	249	324	482	543	500	121	106	136	193	668	153	157	168	210	243	204	229	433	331	461	109	309	188	490	242	159	6	601	745	
180	261	182	491	415	440	240	417	544	535	773	638	750	772	422	297	150	116	318	172	9999	148	104	398	495	644	684	650	317	141	75	224	715	280	271	276	342	372	312	346	370	183	528	270	295	374	654	390	226	203	703	794	
11	459	140	298	217	244	438	279	426	400	708	504	678	738	223	190	253	52	183	128	148	9999	94	206	314	553	591	536	291	232	45	42	597	97	88	90	148	174	117	147	249	379	339	113	135	212	586	201	40	137	586	765	
98	357	239	382	298	325	341	423	547	530	730	539	675	725	310	147	282	132	318	40	104	94	9999	277	367	537	593	549	189	96	77	162	672	168	167	176	230	259	212	243	388	279	464	136	272	235	553	269	143	60	629	768	
168	634	354	58	4	18	621	338	436	382	549	258	541	640	17	171	500	283	275	249	398	206	277	9999	73	381	414	328	332	407	284	158	448	70	78	76	23	10	51	29	342	581	191	101	222	69	473	1	133	236	361	665	
275	683	473	47	75	57	677	443	515	462	455	144	447	566	87	212	587	403	392	324	495	314	367	73	9999	277	297	214	356	474	396	274	436	168	183	185	118	108	156	130	453	642	233	179	335	93	392	74	246	299	262	588	
525	749	674	362	393	377	748	680	724	696	385	219	151	265	411	354	733	617	646	482	644	553	537	381	277	9999	59	83	399	570	597	546	631	441	458	466	414	417	454	438	683	720	538	413	608	313	103	375	517	455	346	370	
566	771	701	372	420	399	770	695	727	697	281	176	102	247	431	430	754	656	667	543	684	591	593	414	297	59	9999	48	486	627	640	580	603	486	501	504	449	447	490	473	700	754	535	469	629	364	185	412	556	522	275	288	
510	759	659	281	333	311	756	644	681	646	282	99	187	336	342	371	728	605	611	500	650	536	549	328	214	83	48	9999	454	597	591	521	547	416	430	434	369	363	417	391	652	737	464	399	572	291	226	326	493	476	221	360	
271	458	472	417	357	373	460	585	670	649	690	498	570	616	377	114	510	363	513	121	317	291	189	332	356	399	486	454	9999	155	304	342	713	270	280	293	303	336	317	335	568	411	550	209	466	230	368	319	307	108	607	706	
238	259	352	499	427	449	256	540	643	627	762	610	698	732	440	221	342	255	457	106	141	232	96	407	474	570	627	597	155	9999	195	306	742	299	300	312	356	393	344	376	514	205	577	253	419	335	557	394	286	124	692	777	
72	385	120	385	298	328	358	315	463	446	746	567	716	758	302	235	189	30	217	136	75	45	77	284	396	597	640	591	304	195	9999	107	648	174	163	165	233	256	200	232	274	299	419	178	186	280	619	278	112	157	642	779	
37	526	144	245	164	195	505	223	357	327	684	472	673	736	164	216	292	86	126	193	224	42	162	158	274	546	580	521	342	306	107	9999	540	76	61	56	115	127	74	103	201	453	263	118	76	202	592	156	14	196	547	757	
582	799	622	363	425	408	795	467	410	350	509	420	676	752	409	620	720	622	505	668	715	597	672	448	436	631	603	547	713	742	648	540	9999	529	527	518	484	450	489	465	507	783	242	566	498	534	712	459	545	661	329	709	
65	557	263	162	86	111	541	314	437	393	624	365	598	676	95	122	401	183	231	153	280	97	168	70	168	441	486	416	270	299	174	76	529	9999	2	5	28	51	19	38	301	494	252	30	169	84	503	64	46	143	476	711	
55	555	247	168	92	117	537	297	424	380	633	379	609	684	98	132	388	167	215	157	271	88	167	78	183	458	501	430	280	300	163	61	527	2	9999	0	34	54	16	39	284	488	248	41	152	99	516	72	33	149	483	717	
58	559	244	165	89	114	543	285	413	366	633	380	612	688	94	142	386	165	206	168	276	90	176	76	185	466	504	434	293	312	165	56	518	5	0	9999	33	51	9	33	273	496	241	49	142	108	526	71	31	161	481	719	
119	600	306	107	35	54	589	318	429	378	588	310	571	660	44	143	452	234	245	210	342	148	230	23	118	414	449	369	303	356	233	115	484	28	34	33	9999	9	17	8	316	541	213	61	190	68	487	20	89	195	418	687	
139	620	319	80	15	34	610	305	412	354	573	292	569	662	21	177	471	250	243	243	372	174	259	10	108	417	447	363	336	393	256	127	450	51	54	51	9	9999	28	6	308	566	179	93	187	87	500	13	108	229	392	682	
89	583	261	133	60	85	569	278	398	349	615	351	604	682	64	160	414	195	207	204	312	117	212	51	156	454	490	417	317	344	200	74	489	19	16	9	17	28	9999	9	272	525	211	66	143	103	522	50	51	194	451	710	
120	606	289	105	33	53	594	285	395	342	593	322	589	673	36	175	442	227	220	229	346	147	243	29	130	438	473	391	335	376	232	103	465	38	39	33	8	6	9	9999	284	550	186	85	158	96	515	31	82	218	421	699	
264	619	146	388	334	352	600	22	138	143	743	589	761	789	321	464	302	215	38	433	370	249	388	342	453	683	700	652	568	514	274	201	507	301	284	273	316	308	272	284	9999	565	270	358	89	426	726	348	237	440	619	793	
406	44	391	649	595	612	28	599	687	685	804	741	780	794	602	463	273	343	531	331	183	379	279	581	642	720	754	737	411	205	299	453	783	494	488	496	541	566	525	550	565	9999	679	472	519	548	711	575	452	357	776	807	
321	722	397	144	162	155	712	237	259	198	561	336	640	723	141	410	552	385	244	461	528	339	464	191	233	538	535	464	550	577	419	263	242	252	248	241	213	179	211	186	270	679	9999	314	221	298	623	203	268	451	352	714	
79	533	296	197	123	140	523	374	496	456	628	371	579	658	134	63	416	205	283	109	270	113	136	101	179	413	469	399	209	253	178	118	566	30	41	49	61	93	66	85	358	472	314	9999	228	62	463	91	82	94	488	702	
139	580	126	276	216	238	561	104	239	214	701	508	715	767	208	330	298	131	27	309	295	135	272	222	335	608	629	572	466	419	186	76	498	169	152	142	190	187	143	158	89	519	221	228	9999	292	659	225	110	315	562	774	
173	601	394	134	92	99	591	431	529	485	560	269	502	596	110	81	511	300	352	188	374	212	235	69	93	313	364	291	230	335	280	202	534	84	99	108	68	87	103	96	426	548	298	62	292	9999	384	58	160	161	404	644	
563	734	703	477	486	479	735	728	763	744	508	363	211	242	502	383	747	647	693	490	654	586	553	473	392	103	185	226	368	557	619	592	712	503	516	526	487	500	522	515	726	711	623	463	659	384	9999	465	565	468	492	430	
162	626	353	67	12	25	617	345	445	391	554	260	538	637	26	157	497	280	279	242	390	201	269	1	74	375	412	326	319	394	278	156	459	64	72	71	20	13	50	31	348	575	203	91	225	58	465	9999	129	225	368	664	
22	524	181	227	141	170	506	253	392	355	671	444	655	718	145	175	319	107	162	159	226	40	143	133	246	517	556	493	307	286	112	14	545	46	33	31	89	108	51	82	237	452	268	82	110	160	565	129	9999	160	531	751	
125	429	320	332	257	278	421	466	576	551	691	480	615	671	271	61	387	214	367	6	203	137	60	236	299	455	522	476	108	124	157	196	661	143	149	161	195	229	194	218	440	357	451	94	315	161	468	225	160	9999	584	734	
561	788	669	266	349	322	786	602	613	567	178	105	384	533	347	512	751	639	590	601	703	586	629	361	262	346	275	221	607	692	642	547	329	476	483	481	418	392	451	421	619	776	352	488	562	404	492	368	531	584	9999	450	
753	810	797	625	666	651	809	791	798	785	267	446	172	207	669	680	808	781	782	745	794	765	768	665	588	370	288	360	706	777	779	757	709	711	717	719	687	682	710	699	793	807	714	702	774	644	430	664	751	734	450	9999	
EOF