NAME: bier127Preorder
TYPE: ATSP
DIMENSION: 127
EDGE_WEIGHT_TYPE: EXPLICIT
EDGE_WEIGHT_FORMAT: FULL_MATRIX 
EDGE_WEIGHT_SECTION
9999	15	71	55	80	32	7	99	58	47	50	35	25	26	24	3	65	124	74	41	72	61	59	48	275	139	90	344	349	63	77	406	305	100	43	34	26	144	124	84	37	144	79	127	165	412	266	307	318	36	37	120	287	117	265	109	78	179	261	186	188	209	1518	190	748	286	186	318	578	481	413	98	203	194	482	302	153	284	143	162	556	974	979	514	1099	1134	1121	1162	808	149	189	880	529	477	433	952	771	1891	1142	125	1783	1744	181	1022	13	26	1580	38	885	751	915	820	368	22	39	155	405	326	1382	23	71	325	516	148	593	765	929	
15	9999	98	111	43	74	25	164	105	56	91	73	21	51	66	14	124	200	137	92	133	117	114	98	317	176	132	375	400	87	122	460	347	107	27	34	26	165	135	72	52	144	83	77	102	302	183	212	223	16	7	80	197	61	199	60	31	189	320	233	226	253	1612	197	686	234	267	427	712	607	527	167	292	285	611	412	234	383	216	234	679	1106	1104	635	1227	1262	1255	1296	802	187	219	880	435	362	378	1098	764	1887	1130	129	1839	1810	121	1090	45	68	1487	85	1032	883	764	677	348	56	33	201	514	227	1512	36	30	360	488	97	607	899	824	
71	98	9999	60	107	40	40	62	22	14	18	134	43	142	55	94	90	132	67	75	87	69	51	44	501	321	227	605	589	211	197	650	548	287	186	176	157	346	326	267	175	361	253	298	337	508	326	421	401	70	120	115	377	238	240	152	176	48	86	43	40	54	1496	56	551	205	101	245	500	379	280	78	147	159	475	326	172	355	226	265	642	1089	1118	595	852	885	886	939	514	23	42	570	821	633	739	785	1122	2016	831	28	1872	1829	374	669	41	45	1749	56	699	527	1059	921	193	27	39	28	504	424	1287	23	130	578	851	151	320	874	1254	
55	111	60	9999	197	7	47	12	14	80	18	46	89	68	11	67	6	26	3	6	5	0	1	2	294	167	95	395	360	105	73	406	332	178	153	121	112	202	200	199	97	241	160	300	357	660	471	540	544	126	153	236	512	287	425	250	224	181	163	115	137	142	1264	196	855	407	58	137	331	253	205	11	63	58	276	149	46	157	73	99	380	772	793	340	798	832	817	859	790	95	152	854	792	751	642	645	898	1944	1140	146	1701	1617	378	840	23	10	1797	3	591	490	1215	1113	409	21	103	93	262	559	1086	59	201	364	684	282	545	576	1203	
80	43	107	197	9999	149	71	244	160	55	141	187	33	156	147	86	228	325	227	188	237	209	194	175	522	343	280	586	619	217	264	689	559	239	103	127	113	324	277	170	160	282	205	114	120	192	84	135	125	14	26	11	111	54	76	7	29	133	312	229	204	238	1760	135	468	103	348	559	881	745	632	259	404	408	807	589	374	580	379	409	917	1348	1353	867	1299	1332	1333	1381	622	186	186	693	484	275	494	1225	988	1979	918	85	1957	1932	153	1019	107	140	1421	170	1148	961	615	511	213	111	27	205	734	137	1628	58	7	570	658	17	478	1149	894	
32	74	40	7	149	9999	23	26	11	51	10	42	55	56	3	44	18	52	15	9	19	11	7	3	307	169	100	404	379	98	79	427	346	165	121	97	85	197	188	173	82	225	143	250	300	576	395	463	465	85	111	183	432	232	352	194	175	153	164	111	124	134	1355	165	781	340	82	181	403	312	252	27	95	92	340	196	75	203	98	125	446	856	874	407	869	902	890	936	747	84	134	812	728	666	599	725	893	1945	1093	113	1744	1687	324	852	7	0	1745	2	665	546	1127	1020	360	6	67	85	318	475	1180	32	151	371	661	222	515	651	1145	
7	25	40	47	71	23	9999	81	39	24	30	54	13	49	21	16	63	120	65	40	68	54	47	37	329	182	120	412	411	95	102	469	368	142	70	63	52	192	169	124	65	194	117	160	196	418	263	320	321	29	45	102	294	135	241	104	89	133	207	138	139	159	1517	142	679	247	157	295	557	454	374	84	181	179	481	305	152	300	160	185	582	1012	1022	535	1038	1071	1063	1110	716	105	140	786	595	501	510	908	866	1938	1053	85	1814	1770	220	927	7	20	1615	33	840	690	940	829	305	11	22	113	428	331	1358	7	72	388	600	130	512	798	1013	
99	164	62	12	244	26	81	9999	16	98	24	90	124	120	37	116	21	25	6	29	16	13	9	14	367	228	147	481	433	166	118	475	412	253	222	186	175	277	279	281	157	327	233	390	452	745	542	629	623	169	209	278	591	368	468	305	292	172	115	83	109	107	1198	185	847	429	23	92	271	192	139	3	31	34	239	133	44	162	95	126	375	768	800	336	673	700	690	731	736	73	127	791	926	859	769	545	1021	1987	1083	148	1709	1623	475	725	52	32	1854	23	486	385	1312	1201	397	42	134	67	272	641	995	84	256	445	811	328	486	570	1326	
58	105	22	14	160	11	39	16	9999	45	1	81	66	99	21	76	32	58	17	27	30	19	9	7	387	234	151	495	465	152	124	515	431	230	171	148	133	269	257	235	130	300	205	309	360	605	417	501	493	101	139	185	465	275	348	211	208	113	107	66	79	84	1346	125	717	317	55	161	379	280	209	25	79	83	342	207	86	231	130	165	480	901	931	437	782	815	809	855	654	47	89	711	827	717	700	671	1018	1992	996	85	1782	1722	389	732	22	14	1790	15	603	471	1171	1050	305	13	72	47	356	513	1147	37	175	463	776	227	427	688	1245	
47	56	14	80	55	51	24	98	45	9999	34	124	13	120	58	65	110	168	95	85	112	90	73	62	477	298	216	570	567	185	191	633	520	243	135	134	117	310	280	209	142	307	211	217	246	395	234	314	297	29	68	66	278	160	176	89	110	58	145	86	78	97	1569	65	518	160	160	326	602	477	376	113	206	215	562	384	210	401	247	284	700	1151	1171	654	997	1033	1032	1081	544	58	73	605	692	509	638	921	1054	2004	859	27	1889	1852	282	779	37	50	1652	68	838	653	917	785	188	28	9	69	551	318	1405	7	73	545	760	93	364	942	1131	
50	91	18	18	141	10	30	24	1	34	9999	79	54	94	20	68	37	69	23	29	36	23	12	9	389	233	151	493	467	149	125	519	432	222	157	137	122	263	251	222	124	290	196	288	336	576	387	471	463	85	124	167	433	252	323	190	188	105	113	68	78	85	1381	116	692	295	68	180	408	305	232	32	93	98	368	226	98	246	138	174	505	932	958	461	815	850	844	887	645	47	85	701	797	682	681	702	1007	1989	983	77	1798	1738	366	744	18	12	1767	16	637	498	1136	1015	291	8	58	49	375	480	1184	27	154	462	759	206	425	717	1218	
35	73	134	46	187	42	54	90	81	124	79	9999	98	7	27	30	35	73	60	25	42	44	56	52	154	58	21	221	209	19	13	251	181	60	66	38	37	74	73	82	19	100	50	181	234	582	425	453	476	120	109	247	439	206	439	226	164	292	325	250	270	285	1352	308	981	463	173	250	460	398	363	77	160	138	346	190	83	158	55	64	375	739	740	339	1050	1081	1061	1100	1000	212	280	1067	570	629	415	844	637	1825	1329	228	1617	1572	240	1114	38	37	1677	34	799	717	1102	1026	538	54	122	213	245	477	1233	84	168	201	444	284	749	556	949	
25	21	43	89	33	55	13	124	66	13	54	98	9999	84	56	34	113	182	111	84	118	98	85	73	413	245	178	489	499	139	160	565	448	181	81	84	72	245	213	144	98	233	153	146	172	331	192	250	243	7	28	54	222	102	166	58	62	104	213	144	135	158	1596	111	570	173	206	371	660	542	445	134	243	247	592	402	222	400	235	264	700	1146	1154	655	1110	1142	1141	1186	640	107	127	707	573	424	521	1010	938	1963	966	61	1874	1841	199	913	32	52	1565	71	933	759	829	709	240	33	3	120	542	256	1470	7	38	468	642	75	458	937	994	
26	51	142	68	156	56	49	120	99	120	94	7	84	9999	39	18	60	109	85	42	69	67	78	70	157	59	28	213	216	12	25	260	182	40	37	16	15	65	55	52	5	75	30	134	180	509	365	384	413	98	80	216	375	158	395	187	124	295	357	276	287	308	1439	310	953	428	213	311	539	472	428	108	207	186	418	244	123	206	85	94	439	815	811	403	1138	1167	1150	1188	1005	232	295	1075	491	548	355	941	602	1807	1330	227	1664	1613	185	1163	42	48	1596	52	890	800	1010	939	528	61	109	237	296	411	1324	81	135	197	398	246	762	625	861	
24	66	55	11	147	3	21	37	21	58	20	27	56	39	9999	32	16	54	21	6	20	12	13	8	271	141	79	360	339	74	61	388	307	136	100	76	68	167	157	145	62	191	116	225	275	564	388	446	454	83	100	186	421	213	360	189	161	176	195	137	151	163	1357	188	813	356	100	197	418	333	277	34	107	101	344	195	74	193	85	110	433	838	853	393	913	950	938	977	797	108	161	865	681	644	553	757	837	1918	1142	130	1727	1665	294	910	6	1	1726	3	696	588	1108	1005	390	9	70	111	303	465	1201	36	144	331	605	225	564	636	1092	
3	14	94	67	86	44	16	116	76	65	68	30	34	18	32	9999	73	134	88	49	81	71	73	62	245	120	77	308	316	48	68	370	275	78	28	21	14	120	100	64	24	117	58	109	147	407	267	297	314	43	34	132	284	106	281	113	73	211	300	219	222	245	1526	221	789	309	210	340	598	511	443	113	222	209	495	310	160	282	139	155	552	964	965	511	1142	1174	1164	1204	863	177	223	940	485	462	389	983	712	1866	1194	151	1766	1731	159	1079	22	37	1558	48	925	798	899	812	407	36	52	186	398	318	1400	37	73	289	468	157	644	756	872	
65	124	90	6	228	18	63	21	32	110	37	35	113	60	16	73	9999	15	7	4	0	3	11	13	247	135	71	344	305	87	52	346	285	158	153	116	109	174	176	190	87	217	144	305	368	699	514	576	585	152	169	277	548	307	475	284	243	229	201	153	177	181	1211	245	940	466	69	128	310	242	207	13	62	52	240	118	29	121	46	67	326	693	714	288	810	842	824	864	872	129	195	939	785	785	616	633	839	1912	1217	187	1635	1564	383	903	34	19	1805	9	586	505	1256	1157	474	37	130	126	214	595	1054	82	227	312	644	325	614	511	1185	
124	200	132	26	325	52	120	25	58	168	69	73	182	109	54	134	15	9999	18	31	12	21	30	39	266	166	98	375	318	133	77	351	305	216	228	183	176	217	230	265	143	281	204	413	481	849	642	709	720	232	255	375	680	418	594	388	345	284	206	169	205	202	1065	301	1038	568	49	73	213	165	145	13	29	18	158	64	5	78	37	58	247	594	618	214	692	722	700	737	930	155	229	985	917	940	722	511	891	1928	1274	247	1566	1495	497	871	81	55	1871	38	471	415	1396	1303	553	80	202	149	160	733	899	139	326	339	724	428	653	415	1302	
74	137	67	3	227	15	65	6	17	95	23	60	111	85	21	88	7	18	9999	12	4	2	3	7	310	182	107	416	373	125	83	417	351	204	181	148	137	225	226	232	119	272	186	342	402	709	515	591	593	153	181	266	559	328	460	285	259	190	151	111	135	137	1213	204	876	433	42	111	293	218	174	3	45	41	242	127	36	145	71	98	356	741	769	318	740	773	759	799	791	94	153	851	852	811	687	592	936	1952	1141	156	1685	1600	425	807	37	20	1826	11	538	443	1276	1168	423	33	123	89	248	604	1031	74	233	382	727	314	539	549	1258	
41	92	75	6	188	9	40	29	27	85	29	25	84	42	6	49	4	31	12	9999	7	5	11	10	243	126	66	336	307	73	47	351	280	137	120	90	82	157	155	158	67	193	121	257	314	632	453	512	519	118	133	234	482	256	425	237	200	209	206	151	172	179	1285	225	888	418	85	164	364	289	245	23	84	74	287	152	49	150	58	80	369	753	771	330	870	904	887	930	854	125	185	916	721	709	570	695	816	1904	1198	166	1674	1599	330	923	19	8	1761	3	648	555	1181	1084	444	22	102	124	249	530	1130	60	185	307	606	277	602	563	1127	
72	133	87	5	237	19	68	16	30	112	36	42	118	69	20	81	0	12	4	7	9999	2	9	12	259	147	80	361	320	98	59	360	297	173	165	127	120	186	190	204	98	233	156	323	384	716	525	591	598	158	179	284	564	321	483	292	255	226	190	144	170	175	1198	241	935	468	60	118	295	228	193	9	54	45	232	113	26	120	48	71	322	692	713	286	784	813	798	838	863	123	188	923	811	805	641	609	863	1922	1209	186	1638	1565	402	880	38	21	1817	11	565	481	1274	1174	473	39	136	120	213	608	1034	84	236	328	667	330	603	507	1210	
61	117	69	0	209	11	54	13	19	90	23	44	98	67	12	71	3	21	2	5	2	9999	3	5	282	158	89	382	345	102	68	389	321	176	155	122	113	196	196	201	96	238	158	306	366	678	488	557	564	137	161	252	526	297	443	263	234	196	172	125	149	153	1238	210	880	426	57	129	320	245	200	9	59	54	258	136	39	145	64	88	360	744	767	322	792	824	811	851	813	104	164	875	798	771	641	634	886	1939	1160	158	1683	1598	386	854	27	12	1804	4	583	485	1232	1136	428	26	113	101	246	576	1069	67	212	351	679	296	565	553	1205	
59	114	51	1	194	7	47	9	9	73	12	56	85	78	13	73	11	30	3	11	9	3	9999	1	320	185	111	425	387	120	85	433	362	196	162	132	121	222	219	213	110	261	176	311	368	659	467	542	542	125	154	228	511	292	413	247	227	166	144	100	120	125	1272	178	824	389	52	134	331	250	196	10	61	58	282	155	52	171	84	113	399	796	820	359	779	811	799	842	754	81	135	816	813	757	668	637	939	1959	1103	132	1717	1646	390	803	24	11	1802	5	581	473	1216	1111	385	20	98	79	281	557	1086	55	200	391	716	276	514	596	1224	
48	98	44	2	175	3	37	14	7	62	9	52	73	70	8	62	13	39	7	10	12	5	1	9999	319	181	108	421	389	113	84	436	360	186	148	119	108	215	209	199	100	250	166	287	342	624	436	512	512	108	137	208	475	269	386	224	206	155	149	100	117	124	1305	168	800	366	62	153	360	274	216	15	73	72	305	174	62	185	91	120	420	824	847	380	811	844	834	873	743	79	129	807	784	720	646	670	928	1953	1090	121	1731	1663	365	813	16	6	1780	3	609	496	1182	1073	369	12	83	78	297	523	1126	45	179	389	698	251	508	620	1198	
275	317	501	294	522	307	329	367	387	477	389	154	413	157	271	245	247	266	310	243	259	282	320	319	9999	34	79	18	9	99	100	23	3	85	216	176	193	42	68	158	143	82	108	327	393	892	768	731	800	429	366	627	747	437	868	557	416	752	771	674	709	728	1291	777	1488	938	477	480	617	624	655	328	413	360	423	281	245	185	136	105	289	513	474	275	1359	1384	1355	1374	1523	624	733	1565	540	867	297	1064	261	1480	1755	657	1270	1254	365	1562	302	295	1702	280	1063	1077	1325	1311	1066	339	460	623	191	781	1301	403	468	9	213	664	1298	389	792	
139	176	321	167	343	169	182	228	234	298	233	58	245	59	141	120	135	166	182	126	147	158	185	181	34	9999	16	72	67	25	29	95	49	29	110	76	86	11	23	80	52	42	39	216	275	706	579	565	612	261	216	428	568	291	649	376	264	537	570	480	511	526	1328	558	1271	700	334	375	554	526	529	202	291	251	386	229	158	157	77	62	319	610	591	294	1245	1273	1246	1278	1313	432	524	1377	494	705	294	982	383	1618	1584	453	1456	1422	258	1406	163	160	1652	153	967	940	1187	1147	827	192	284	433	201	601	1289	237	299	58	263	466	1073	458	799	
90	132	227	95	280	100	120	147	151	216	151	21	178	28	79	77	71	98	107	66	80	89	111	108	79	16	9999	134	120	12	3	152	100	40	94	59	64	36	44	84	32	70	42	213	274	679	530	538	580	201	175	356	534	267	569	320	229	424	441	362	387	404	1290	442	1155	604	234	282	464	426	415	124	203	172	325	176	97	125	40	37	302	625	613	274	1118	1145	1121	1151	1176	319	406	1239	560	701	369	869	509	1737	1494	348	1514	1473	270	1261	98	93	1694	84	842	796	1183	1128	696	120	210	320	185	572	1213	165	249	115	360	395	924	458	902	
344	375	605	395	586	404	412	481	495	570	493	221	489	213	360	308	344	375	416	336	361	382	425	421	18	72	134	9999	16	144	163	27	8	109	250	216	236	63	84	176	189	87	136	335	397	903	800	741	820	496	416	691	768	463	930	606	455	869	911	808	842	863	1406	889	1545	1017	609	619	768	778	811	442	543	483	553	397	352	280	219	181	386	591	542	370	1506	1524	1498	1517	1594	747	861	1655	471	852	233	1221	168	1336	1822	761	1277	1282	360	1677	389	387	1631	376	1222	1235	1301	1302	1170	432	539	749	279	794	1437	488	519	2	139	723	1418	474	677	
349	400	589	360	619	379	411	433	465	567	467	209	499	216	339	316	305	318	373	307	320	345	387	389	9	67	120	16	9999	149	144	5	6	132	284	238	256	77	107	214	200	122	158	403	473	998	871	835	905	519	451	727	853	523	979	654	505	858	862	764	808	822	1261	880	1561	1048	545	526	642	664	704	391	468	411	436	305	289	203	170	135	277	462	421	265	1399	1423	1388	1408	1584	712	833	1642	595	964	331	1088	233	1406	1815	757	1172	1162	438	1618	377	367	1738	348	1098	1134	1413	1402	1173	416	552	709	190	882	1295	486	563	10	222	766	1392	355	828	
63	87	211	105	217	98	95	166	152	185	149	19	139	12	74	48	87	133	125	73	98	102	120	113	99	25	12	144	149	9999	16	186	118	17	48	25	29	27	25	42	8	43	14	144	194	565	428	431	471	153	119	288	429	191	481	246	162	391	449	361	379	401	1415	408	1079	530	268	346	562	510	481	148	247	217	416	245	138	190	81	78	401	744	731	367	1203	1229	1210	1241	1139	312	389	1207	460	584	301	977	494	1736	1461	312	1581	1553	190	1280	84	89	1590	88	943	872	1052	997	645	108	169	318	263	464	1329	137	184	129	317	320	896	567	798	
77	122	197	73	264	79	102	118	124	191	125	13	160	25	61	68	52	77	83	47	59	68	85	84	100	29	3	163	144	16	9999	177	124	54	95	61	63	52	58	95	33	87	52	222	282	676	519	536	572	184	166	335	530	266	549	305	225	384	395	320	346	360	1276	403	1118	579	200	249	431	389	374	99	173	144	302	158	78	115	33	33	298	631	627	269	1064	1092	1070	1103	1126	280	364	1191	591	708	407	825	560	1769	1451	313	1531	1485	280	1202	80	73	1710	65	792	741	1191	1129	656	98	190	280	182	568	1183	143	238	142	403	376	869	460	950	
406	460	650	406	689	427	469	475	515	633	519	251	565	260	388	370	346	351	417	351	360	389	433	436	23	95	152	27	5	186	177	9999	18	172	338	288	309	108	144	263	245	160	201	466	536	1076	957	912	986	587	515	804	933	594	1057	728	573	928	914	824	869	881	1218	952	1610	1124	585	552	649	679	736	432	500	442	437	317	318	210	194	154	261	418	373	253	1417	1436	1399	1419	1641	774	895	1693	652	1042	373	1092	230	1368	1847	827	1094	1087	503	1660	430	416	1772	395	1108	1153	1482	1477	1240	470	614	771	185	967	1277	549	631	21	245	846	1452	325	871	
305	347	548	332	559	346	368	412	431	520	432	181	448	182	307	275	285	305	351	280	297	321	362	360	3	49	100	8	6	118	124	18	9999	98	235	196	213	52	77	171	165	87	122	340	407	912	794	750	823	464	393	662	771	457	904	588	442	806	829	729	764	784	1318	828	1522	977	528	530	666	674	706	370	460	406	463	318	284	213	165	130	313	524	482	300	1415	1437	1407	1430	1554	674	786	1597	526	876	282	1118	226	1425	1786	701	1253	1243	372	1603	339	332	1691	319	1119	1137	1332	1320	1117	379	496	674	213	800	1339	442	496	2	191	694	1352	408	760	
100	107	287	178	239	165	142	253	230	243	222	60	181	40	136	78	158	216	204	137	173	176	196	186	85	29	40	109	132	17	54	172	98	9999	44	29	38	12	3	19	24	9	3	109	153	522	415	393	443	182	130	316	403	173	503	256	158	475	568	468	481	511	1512	492	1141	572	380	468	691	644	618	233	355	320	528	339	222	263	139	129	477	816	791	446	1355	1382	1359	1392	1236	413	488	1307	348	517	203	1134	391	1649	1533	387	1591	1576	140	1414	140	153	1510	155	1100	1037	971	936	726	170	213	421	331	428	1463	190	196	102	219	341	1018	642	650	
43	27	186	153	103	121	70	222	171	135	157	66	81	37	100	28	153	228	181	120	165	155	162	148	216	110	94	250	284	48	95	338	235	44	9999	7	7	87	62	15	24	63	29	42	72	334	233	230	261	72	34	157	229	64	295	113	50	318	455	353	352	384	1610	328	872	357	346	487	760	676	613	213	352	330	626	418	253	364	201	206	637	1035	1022	596	1340	1371	1357	1397	1016	300	349	1089	326	355	245	1174	576	1792	1323	240	1776	1754	74	1280	85	110	1419	125	1123	1012	769	705	512	108	101	312	470	254	1538	99	73	241	328	174	806	839	666	
34	34	176	121	127	97	63	186	148	134	137	38	84	16	76	21	116	183	148	90	127	122	132	119	176	76	59	216	238	25	61	288	196	29	7	9999	1	64	45	18	7	53	16	72	106	406	288	290	324	83	52	186	287	99	343	146	78	321	429	334	339	368	1548	332	925	398	301	425	678	601	554	176	300	277	544	348	203	295	151	154	553	941	927	514	1280	1306	1293	1327	1032	284	340	1108	372	427	268	1095	559	1781	1352	244	1727	1700	111	1255	70	86	1494	97	1047	944	865	801	533	91	108	294	394	316	1475	95	98	205	329	207	811	742	718	
26	26	157	112	113	85	52	175	133	117	122	37	72	15	68	14	109	176	137	82	120	113	121	108	193	86	64	236	256	29	63	309	213	38	7	1	9999	75	55	25	9	65	24	73	108	393	275	282	311	71	43	168	277	94	322	132	70	295	405	311	313	342	1550	307	887	370	286	413	670	591	535	166	287	267	542	346	197	297	153	158	562	954	945	520	1260	1288	1277	1311	994	260	314	1068	389	425	288	1081	591	1805	1314	222	1740	1709	114	1219	60	76	1501	87	1029	920	859	790	501	80	93	273	403	306	1468	81	86	225	358	190	774	755	742	
144	165	346	202	324	197	192	277	269	310	263	74	245	65	167	120	174	217	225	157	186	196	222	215	42	11	36	63	77	27	52	108	52	12	87	64	75	9999	6	52	49	15	23	168	219	639	523	496	555	252	196	410	511	248	612	346	232	561	624	525	548	570	1442	578	1261	683	400	458	655	624	617	250	360	318	478	304	213	222	122	105	404	701	675	376	1348	1373	1352	1379	1333	471	561	1400	401	625	219	1100	333	1578	1597	467	1509	1490	202	1469	180	185	1563	182	1076	1042	1091	1061	837	212	284	474	271	536	1399	247	275	56	203	438	1108	548	683	
124	135	326	200	277	188	169	279	257	280	251	73	213	55	157	100	176	230	226	155	190	196	219	209	68	23	44	84	107	25	58	144	77	3	62	45	55	6	9999	29	37	6	11	127	174	566	457	428	482	215	159	360	442	199	554	295	187	523	609	511	525	553	1500	540	1198	625	407	482	698	659	641	253	375	336	527	342	233	258	143	128	462	784	754	432	1374	1400	1382	1411	1294	453	533	1361	350	552	193	1142	351	1603	1569	432	1561	1546	157	1459	167	176	1521	177	1114	1062	1008	977	783	197	250	460	320	468	1460	221	229	80	196	384	1070	615	638	
84	72	267	199	170	173	124	281	235	209	222	82	144	52	145	64	190	265	232	158	204	201	213	199	158	80	84	176	214	42	95	263	171	19	15	18	25	52	29	9999	30	25	12	48	80	389	298	275	320	133	81	237	284	96	390	177	91	427	565	456	460	491	1608	441	1023	468	416	541	801	731	685	265	409	379	642	434	284	362	206	201	611	983	962	578	1423	1448	1436	1471	1163	398	458	1236	273	383	175	1228	447	1702	1470	339	1719	1704	73	1404	137	158	1386	171	1190	1101	803	763	641	166	172	410	450	305	1553	164	128	173	232	252	958	797	579	
37	52	175	97	160	82	65	157	130	142	124	19	98	5	62	24	87	143	119	67	98	96	110	100	143	52	32	189	200	8	33	245	165	24	24	7	9	49	37	30	9999	52	14	106	151	478	350	357	390	105	76	222	352	139	399	184	113	331	413	323	333	358	1484	346	980	444	262	365	600	534	493	145	253	229	467	285	157	234	106	111	470	844	834	434	1213	1241	1225	1264	1055	276	339	1130	429	508	298	1017	548	1774	1377	256	1669	1626	153	1231	63	73	1553	78	970	880	965	897	565	83	123	282	325	386	1386	100	131	176	342	249	822	653	781	
144	144	361	241	282	225	194	327	300	307	290	100	233	75	191	117	217	281	272	193	233	238	261	250	82	42	70	87	122	43	87	160	87	9	63	53	65	15	6	25	52	9999	16	110	150	531	439	401	458	227	164	366	415	186	550	294	181	561	666	560	571	600	1552	576	1208	633	466	555	782	737	716	303	435	397	599	406	286	314	186	169	524	850	816	495	1450	1480	1460	1485	1321	497	577	1395	292	506	150	1223	320	1573	1586	463	1585	1577	130	1507	195	209	1457	213	1197	1142	951	930	811	228	270	509	376	439	1525	247	230	85	159	386	1113	680	565	
79	83	253	160	205	143	117	233	205	211	196	50	153	30	116	58	144	204	186	121	156	158	176	166	108	39	42	136	158	14	52	201	122	3	29	16	24	23	11	12	14	16	9999	94	135	484	376	360	407	152	105	277	366	148	455	222	132	432	530	428	442	468	1527	446	1081	521	356	455	686	632	599	214	338	305	532	340	213	271	140	134	497	851	830	465	1331	1359	1342	1375	1182	374	445	1256	349	486	214	1121	433	1692	1492	345	1635	1605	126	1370	118	130	1501	137	1085	1014	939	891	671	147	181	383	348	393	1466	161	166	127	245	300	961	670	664	
127	77	298	300	114	250	160	390	309	217	288	181	146	134	225	109	305	413	342	257	323	306	311	287	327	216	213	335	403	144	222	466	340	109	42	72	73	168	127	48	106	110	94	9999	7	203	153	121	157	113	60	163	132	24	253	100	38	410	617	504	485	529	1793	416	854	346	541	719	1029	936	860	386	562	536	881	644	445	576	371	376	879	1267	1242	838	1546	1569	1560	1588	1082	437	473	1159	185	195	175	1426	582	1777	1369	324	1867	1859	9	1436	196	234	1166	260	1370	1250	539	506	558	222	162	458	687	145	1728	184	74	337	297	160	910	1083	485	
165	102	337	357	120	300	196	452	360	246	336	234	172	180	275	147	368	481	402	314	384	366	368	342	393	275	274	397	473	194	282	536	407	153	72	106	108	219	174	80	151	150	135	7	9999	157	124	85	122	132	77	164	100	21	234	98	44	433	666	548	525	570	1840	438	824	332	605	803	1119	1023	941	448	633	610	976	730	519	660	446	450	977	1356	1334	934	1593	1618	1610	1652	1083	479	507	1166	162	147	179	1497	621	1795	1362	346	1907	1898	4	1473	239	284	1081	313	1445	1317	460	429	562	265	185	504	783	108	1780	217	82	401	325	154	930	1178	455	
412	302	508	660	192	576	418	745	605	395	576	582	331	509	564	407	699	849	709	632	716	678	659	624	892	706	679	903	998	565	676	1076	912	522	334	406	393	639	566	389	478	531	484	203	157	9999	34	18	12	268	240	182	20	136	120	142	170	483	814	695	644	696	2015	475	516	213	903	1161	1483	1361	1246	764	974	975	1397	1170	911	1131	875	897	1458	1752	1742	1412	1767	1791	1793	1822	904	634	601	989	336	32	499	1732	1134	1994	1123	422	2064	2060	185	1483	495	561	868	608	1681	1534	167	111	457	511	321	666	1280	11	1962	404	180	906	748	147	847	1607	647	
266	183	326	471	84	395	263	542	417	234	387	425	192	365	388	267	514	642	515	453	525	488	467	436	768	579	530	800	871	428	519	957	794	415	233	288	275	523	457	298	350	439	376	153	124	34	9999	25	9	144	136	74	9	77	46	54	90	304	591	486	440	487	1947	300	421	113	676	940	1279	1144	1020	564	747	751	1198	967	701	937	686	716	1282	1627	1621	1231	1601	1631	1636	1677	723	430	406	808	395	97	508	1563	1104	2001	971	252	2037	2028	157	1279	328	382	1100	427	1510	1324	308	221	303	336	179	460	1099	17	1864	244	83	796	731	52	646	1488	757	
307	212	421	540	135	463	320	629	501	314	471	453	250	384	446	297	576	709	591	512	591	557	542	512	731	565	538	741	835	431	536	912	750	393	230	290	282	496	428	275	357	401	360	121	85	18	25	9999	10	194	161	138	6	71	116	94	101	428	731	614	570	622	1974	426	570	210	783	1036	1359	1241	1135	641	845	842	1265	1027	771	978	725	743	1312	1643	1629	1269	1706	1732	1733	1761	917	552	535	1003	270	39	392	1648	986	1946	1160	360	2030	2025	110	1446	387	446	930	492	1584	1458	233	182	446	406	245	583	1129	3	1905	312	117	744	614	112	831	1505	584	
318	223	401	544	125	465	321	623	493	297	463	476	243	413	454	314	585	720	593	519	598	564	542	512	800	612	580	820	905	471	572	986	823	443	261	324	311	555	482	320	390	458	407	157	122	12	9	10	9999	190	170	118	2	90	78	84	113	384	686	581	530	583	1981	379	474	160	771	1031	1361	1234	1118	641	841	843	1280	1045	783	1009	754	781	1345	1681	1672	1299	1689	1709	1714	1744	817	516	491	902	346	57	477	1637	1087	1991	1056	325	2047	2039	153	1379	391	450	989	497	1574	1429	240	172	377	404	234	550	1163	3	1906	305	117	820	710	88	742	1535	682	
36	16	70	126	14	85	29	169	101	29	85	120	7	98	83	43	152	232	153	118	158	137	125	108	429	261	201	496	519	153	184	587	464	182	72	83	71	252	215	133	105	227	152	113	132	268	144	194	190	9999	14	35	169	69	133	33	36	124	264	186	172	198	1671	128	552	153	263	446	747	626	525	180	305	307	670	468	276	456	279	305	775	1212	1215	723	1202	1231	1230	1280	660	146	160	733	511	350	476	1106	918	1955	975	75	1895	1868	160	982	55	81	1502	104	1029	855	733	626	244	58	8	160	601	201	1537	24	16	478	611	52	489	1007	920	
37	7	120	153	26	111	45	209	139	68	124	109	28	80	100	34	169	255	181	133	179	161	154	137	366	216	175	416	451	119	166	515	393	130	34	52	43	196	159	81	76	164	105	60	77	240	136	161	170	14	9999	59	149	34	160	35	12	196	354	262	249	282	1694	202	643	202	323	501	805	687	600	213	355	348	699	488	295	458	275	294	770	1195	1193	721	1301	1332	1325	1370	788	213	238	869	399	295	366	1183	788	1894	1108	136	1876	1853	97	1125	73	101	1414	125	1117	963	674	589	331	83	37	231	594	175	1572	52	12	405	495	70	610	995	781	
120	80	115	236	11	183	102	278	185	66	167	247	54	216	186	132	277	375	266	234	284	252	228	208	627	428	356	691	727	288	335	804	662	316	157	186	168	410	360	237	222	366	277	163	164	182	74	138	118	35	59	9999	109	83	44	14	58	110	300	222	191	225	1799	108	374	59	373	598	934	786	659	298	441	453	872	656	431	655	451	485	1007	1436	1443	955	1302	1335	1338	1386	532	182	168	603	556	283	585	1258	1106	2009	808	73	1996	1971	203	959	143	177	1440	209	1171	967	603	480	158	139	40	203	824	136	1667	80	27	677	764	4	410	1235	977	
287	197	377	512	111	432	294	591	465	278	433	439	222	375	421	284	548	680	559	482	564	526	511	475	747	568	534	768	853	429	530	933	771	403	229	287	277	511	442	284	352	415	366	132	100	20	9	6	2	169	149	109	9999	70	82	73	94	372	670	562	514	565	1962	369	501	166	737	994	1321	1203	1084	604	802	802	1233	1000	739	962	706	732	1299	1639	1627	1257	1668	1697	1698	1729	834	496	475	917	321	60	442	1606	1041	1970	1078	311	2033	2026	127	1374	362	418	1001	465	1554	1401	259	194	381	371	213	527	1115	3	1887	282	100	768	666	82	747	1498	657	
117	61	238	287	54	232	135	368	275	160	252	206	102	158	213	106	307	418	328	256	321	297	292	269	437	291	267	463	523	191	266	594	457	173	64	99	94	248	199	96	139	186	148	24	21	136	77	71	90	69	34	83	70	9999	149	38	9	305	529	420	396	437	1823	309	666	221	509	708	1040	925	827	370	545	533	918	678	462	630	416	430	962	1358	1350	912	1515	1537	1535	1559	903	360	375	987	261	160	282	1410	757	1870	1194	233	1935	1916	38	1311	177	218	1188	250	1346	1196	480	421	413	195	110	381	767	84	1739	143	29	459	441	79	749	1174	601	
265	199	240	425	76	352	241	468	348	176	323	439	166	395	360	281	475	594	460	425	483	443	413	386	868	649	569	930	979	481	549	1057	904	503	295	343	322	612	554	390	399	550	455	253	234	120	46	116	78	133	160	44	82	149	9999	62	136	177	427	348	297	339	1917	170	244	23	570	837	1183	1030	881	496	657	675	1141	919	661	922	685	728	1277	1637	1644	1223	1480	1506	1513	1546	475	305	263	550	614	232	709	1470	1293	2045	697	151	2052	2037	282	1025	300	347	1337	390	1380	1157	464	329	145	294	143	331	1100	100	1818	205	100	913	942	28	415	1491	1032	
109	60	152	250	7	194	104	305	211	89	190	226	58	187	189	113	284	388	285	237	292	263	247	224	557	376	320	606	654	246	305	728	588	256	113	146	132	346	295	177	184	294	222	100	98	142	54	94	84	33	35	14	73	38	62	9999	24	171	379	287	256	295	1809	172	464	101	421	640	976	842	720	321	475	480	893	666	442	648	435	466	995	1416	1417	946	1389	1426	1427	1472	657	239	235	735	435	216	467	1317	984	1975	947	121	1978	1958	129	1092	149	185	1330	218	1239	1055	533	432	237	153	54	260	808	95	1703	92	8	597	644	12	526	1219	834	
78	31	176	224	29	175	89	292	208	110	188	164	62	124	161	73	243	345	259	200	255	234	227	206	416	264	229	455	505	162	225	573	442	158	50	78	70	232	187	91	113	181	132	38	44	170	90	101	113	36	12	58	94	9	136	24	9999	241	439	338	315	355	1771	245	630	194	421	615	941	820	721	297	458	450	829	598	389	562	358	375	885	1301	1295	839	1423	1454	1447	1489	828	284	299	908	327	212	328	1310	789	1891	1133	176	1915	1892	64	1213	126	163	1292	192	1244	1087	559	481	355	140	68	303	696	114	1676	95	11	446	477	61	666	1110	689	
179	189	48	181	133	153	133	172	113	58	105	292	104	295	176	211	229	284	190	209	226	196	166	155	752	537	424	869	858	391	384	928	806	475	318	321	295	561	523	427	331	561	432	410	433	483	304	428	384	124	196	110	372	305	177	171	241	9999	79	49	27	41	1639	0	336	115	196	384	670	517	384	201	272	301	681	523	338	579	425	475	901	1349	1379	849	895	934	947	1001	297	39	15	348	965	644	937	911	1363	2066	565	11	1993	1948	484	529	149	157	1762	177	808	578	1023	854	68	123	83	48	750	419	1441	92	176	838	1082	137	163	1143	1391	
261	320	86	163	312	164	207	115	107	145	113	325	213	357	195	300	201	206	151	206	190	172	144	149	771	570	441	911	862	449	395	914	829	568	455	429	405	624	609	565	413	666	530	617	666	814	591	731	686	264	354	300	670	529	427	379	439	79	9999	12	21	11	1390	84	565	331	84	199	407	275	168	142	143	177	461	365	245	448	364	421	706	1150	1200	662	537	570	582	629	369	28	33	405	1222	986	1137	565	1451	2076	655	103	1919	1857	714	349	191	176	1930	177	471	282	1379	1226	202	159	201	23	601	725	1103	173	363	869	1223	349	181	943	1583	
186	233	43	115	229	111	138	83	66	86	68	250	144	276	137	219	153	169	111	151	144	125	100	100	674	480	362	808	764	361	320	824	729	468	353	334	311	525	511	456	323	560	428	504	548	695	486	614	581	186	262	222	562	420	348	287	338	49	12	9999	6	3	1431	55	536	271	76	204	429	300	195	107	132	160	459	343	209	410	308	361	681	1131	1172	636	637	670	677	726	398	5	14	440	1091	860	1007	632	1346	2061	691	61	1902	1850	594	443	128	120	1872	125	542	355	1269	1119	178	103	133	3	565	610	1166	110	272	766	1104	266	208	914	1498	
188	226	40	137	204	124	139	109	79	78	78	270	135	287	151	222	177	205	135	172	170	149	120	117	709	511	387	842	808	379	346	869	764	481	352	339	313	548	525	460	333	571	442	485	525	644	440	570	530	172	249	191	514	396	297	256	315	27	21	6	9999	3	1499	33	468	222	108	253	498	360	242	136	171	201	526	401	250	466	348	403	753	1205	1241	700	693	731	739	794	349	7	3	392	1070	808	1003	702	1367	2065	635	40	1941	1881	576	444	137	133	1851	142	608	408	1208	1052	137	111	120	9	627	565	1244	105	248	801	1114	230	177	994	1485	
209	253	54	142	238	134	159	107	84	97	85	285	158	308	163	245	181	202	137	179	175	153	125	124	728	526	404	863	822	401	360	881	784	511	384	368	342	570	553	491	358	600	468	529	570	696	487	622	583	198	282	225	565	437	339	295	355	41	11	3	3	9999	1467	47	496	255	97	233	466	328	216	135	158	190	502	385	245	456	350	407	737	1185	1225	685	642	677	684	737	352	11	10	393	1121	867	1048	656	1393	2071	638	59	1933	1873	618	410	152	144	1877	151	564	364	1267	1112	155	123	144	10	613	614	1198	125	284	822	1150	267	176	974	1524	
1518	1612	1496	1264	1760	1355	1517	1198	1346	1569	1381	1352	1596	1439	1357	1526	1211	1065	1213	1285	1198	1238	1272	1305	1291	1328	1290	1406	1261	1415	1276	1218	1318	1512	1610	1548	1550	1442	1500	1608	1484	1552	1527	1793	1840	2015	1947	1974	1981	1671	1694	1799	1962	1823	1917	1809	1771	1639	1390	1431	1499	1467	9999	1658	2021	1890	1095	804	491	646	817	1166	982	962	525	739	1000	802	1054	1050	533	372	451	564	739	723	669	631	1920	1454	1541	1929	1988	2024	1859	418	1734	2062	2020	1630	916	656	1838	1609	1438	1366	2115	1310	526	821	2087	2079	1835	1432	1620	1423	694	1985	107	1543	1759	1360	1782	1834	1785	428	2049	
190	197	56	196	135	165	142	185	125	65	116	308	111	310	188	221	245	301	204	225	241	210	178	168	777	558	442	889	880	408	403	952	828	492	328	332	307	578	540	441	346	576	446	416	438	475	300	426	379	128	202	108	369	309	170	172	245	0	84	55	33	47	1658	9999	316	106	210	405	691	538	403	216	288	320	703	548	359	599	444	498	931	1373	1403	874	911	952	966	1020	285	46	20	332	969	639	948	934	1382	2070	545	12	2000	1961	491	526	158	169	1757	191	829	593	1011	840	58	135	89	56	778	414	1463	100	178	859	1097	135	154	1170	1395	
748	686	551	855	468	781	679	847	717	518	692	981	570	953	813	789	940	1038	876	888	935	880	824	800	1488	1271	1155	1545	1561	1079	1118	1610	1522	1141	872	925	887	1261	1198	1023	980	1208	1081	854	824	516	421	570	474	552	643	374	501	666	244	464	630	336	565	536	468	496	2021	316	9999	170	884	1167	1477	1304	1134	900	1019	1065	1503	1349	1118	1398	1210	1270	1663	1910	1926	1617	1506	1532	1547	1584	153	529	423	186	1303	719	1418	1589	1821	2107	204	377	2097	2091	899	752	740	784	1714	835	1515	1244	861	649	133	703	519	555	1549	525	1921	597	539	1535	1582	361	233	1812	1632	
286	234	205	407	103	340	247	429	317	160	295	463	173	428	356	309	466	568	433	418	468	426	389	366	938	700	604	1017	1048	530	579	1124	977	572	357	398	370	683	625	468	444	633	521	346	332	213	113	210	160	153	202	59	166	221	23	101	194	115	331	271	222	255	1890	106	170	9999	509	766	1114	952	789	466	601	631	1097	887	639	912	688	739	1266	1635	1649	1213	1355	1387	1400	1453	334	240	190	398	781	359	862	1373	1409	2072	545	107	2057	2041	389	842	298	338	1503	380	1279	1034	606	452	67	284	145	263	1098	190	1768	199	140	995	1075	54	280	1485	1209	
186	267	101	58	348	82	157	23	55	160	68	173	206	213	100	210	69	49	42	85	60	57	52	62	477	334	234	609	545	268	200	585	528	380	346	301	286	400	407	416	262	466	356	541	605	903	676	783	771	263	323	373	737	509	570	421	421	196	84	76	108	97	1095	210	884	509	9999	48	195	117	68	29	13	26	201	127	65	182	144	181	372	758	804	336	510	535	526	565	700	80	133	748	1114	1029	958	408	1177	2019	1048	188	1720	1616	638	598	120	91	1936	78	350	253	1464	1343	423	103	212	69	290	794	854	154	370	567	989	432	450	566	1498	
318	427	245	137	559	181	295	92	161	326	180	250	371	311	197	340	128	73	111	164	118	129	134	153	480	375	282	619	526	346	249	552	530	468	487	425	413	458	482	541	365	555	455	719	803	1161	940	1036	1031	446	501	598	994	708	837	640	615	384	199	204	253	233	804	405	1167	766	48	9999	68	29	26	85	23	26	78	58	68	120	146	176	228	541	594	203	395	415	399	423	944	213	291	982	1280	1268	1081	242	1193	2014	1280	375	1556	1444	826	694	236	194	2006	167	213	193	1647	1557	664	222	389	196	190	1051	593	305	576	575	1063	666	654	378	1592	
578	712	500	331	881	403	557	271	379	602	408	460	660	539	418	598	310	213	293	364	295	320	331	360	617	554	464	768	642	562	431	649	666	691	760	678	670	655	698	801	600	782	686	1029	1119	1483	1279	1359	1361	747	805	934	1321	1040	1183	976	941	670	407	429	498	466	491	691	1477	1114	195	68	9999	22	76	255	144	141	39	100	189	172	273	295	177	388	454	164	300	311	283	291	1219	452	550	1249	1527	1550	1317	108	1322	2022	1519	665	1399	1228	1136	839	475	417	2068	373	113	179	1848	1794	988	463	680	425	196	1380	319	578	896	714	1263	1010	929	270	1772	
481	607	379	253	745	312	454	192	280	477	305	398	542	472	333	511	242	165	218	289	228	245	250	274	624	526	426	778	664	510	389	679	674	644	676	601	591	624	659	731	534	737	632	936	1023	1361	1144	1241	1234	626	687	786	1203	925	1030	842	820	517	275	300	360	328	646	538	1304	952	117	29	22	9999	22	185	85	94	72	102	153	181	248	280	243	516	584	222	268	284	263	281	1037	323	406	1065	1478	1468	1280	128	1347	2036	1355	520	1539	1394	1044	678	382	328	2053	292	112	123	1784	1713	808	364	557	296	237	1260	425	463	771	724	1246	863	739	370	1743	
413	527	280	205	632	252	374	139	209	376	232	363	445	428	277	443	207	145	174	245	193	200	196	216	655	529	415	811	704	481	374	736	706	618	613	554	535	617	641	685	493	716	599	860	941	1246	1020	1135	1118	525	600	659	1084	827	881	720	721	384	168	195	242	216	817	403	1134	789	68	26	76	22	9999	143	60	76	135	137	146	223	253	295	339	666	731	310	265	286	275	300	848	218	282	878	1429	1366	1254	180	1385	2055	1175	395	1661	1542	970	537	313	267	2032	239	140	98	1715	1610	638	289	454	197	307	1142	553	370	664	759	1251	729	569	497	1724	
98	167	78	11	259	27	84	3	25	113	32	77	134	108	34	113	13	13	3	23	9	9	10	15	328	202	124	442	391	148	99	432	370	233	213	176	166	250	253	265	145	303	214	386	448	764	564	641	641	180	213	298	604	370	496	321	297	201	142	107	136	135	1166	216	900	466	29	85	255	185	143	9999	29	27	216	112	29	135	73	101	335	713	744	297	685	715	700	739	793	95	155	852	907	869	739	539	972	1965	1142	173	1673	1581	472	777	54	33	1854	21	487	401	1323	1220	439	47	149	88	235	658	974	95	268	407	773	350	536	522	1307	
203	292	147	63	404	95	181	31	79	206	93	160	243	207	107	222	62	29	45	84	54	59	61	73	413	291	203	543	468	247	173	500	460	355	352	300	287	360	375	409	253	435	338	562	633	974	747	845	841	305	355	441	802	545	657	475	458	272	143	132	171	158	982	288	1019	601	13	23	144	85	60	29	9999	4	135	73	34	120	103	135	279	631	673	245	511	534	518	554	838	133	199	883	1118	1084	933	368	1105	2002	1181	254	1614	1528	656	692	137	104	1949	83	325	262	1515	1416	529	125	256	120	208	862	766	190	418	499	942	501	565	451	1493	
194	285	159	58	408	92	179	34	83	215	98	138	247	186	101	209	52	18	41	74	45	54	58	72	360	251	172	483	411	217	144	442	406	320	330	277	267	318	336	379	229	397	305	536	610	975	751	842	843	307	348	453	802	533	675	480	450	301	177	160	201	190	962	320	1065	631	26	26	141	94	76	27	4	9999	116	52	19	89	75	103	238	579	612	207	551	576	557	588	902	156	231	953	1080	1075	882	383	1038	1977	1244	279	1571	1485	633	766	133	100	1942	79	347	299	1511	1420	571	125	263	145	169	861	762	194	417	443	880	514	622	403	1455	
482	611	475	276	807	340	481	239	342	562	368	346	592	418	344	495	240	158	242	287	232	258	282	305	423	386	325	553	436	416	302	437	463	528	626	544	542	478	527	642	467	599	532	881	976	1397	1198	1265	1280	670	699	872	1233	918	1141	893	829	681	461	459	526	502	525	703	1503	1097	201	78	39	72	135	216	135	116	9999	37	126	73	167	176	72	260	305	61	491	506	471	480	1314	466	576	1353	1368	1470	1123	232	1089	1951	1585	655	1237	1085	982	1029	407	350	2038	308	245	326	1796	1740	1022	403	620	442	80	1287	424	516	806	507	1043	949	1028	152	1639	
302	412	326	149	589	196	305	133	207	384	226	190	402	244	195	310	118	64	127	152	113	136	155	174	281	229	176	397	305	245	158	317	318	339	418	348	346	304	342	434	285	406	340	644	730	1170	967	1027	1045	468	488	656	1000	678	919	666	598	523	365	343	401	385	739	548	1349	887	127	58	100	102	137	112	73	52	37	9999	40	19	63	73	90	338	369	70	609	631	599	618	1200	337	439	1244	1140	1236	890	360	914	1900	1516	485	1327	1207	737	1018	242	202	1984	169	355	386	1634	1568	847	245	431	320	54	1053	630	342	584	356	831	721	909	203	1478	
153	234	172	46	374	75	152	44	86	210	98	83	222	123	74	160	29	5	36	49	26	39	52	62	245	158	97	352	289	138	78	318	284	222	253	203	197	213	233	284	157	286	213	445	519	911	701	771	783	276	295	431	739	462	661	442	389	338	245	209	250	245	1000	359	1118	639	65	68	189	153	146	29	34	19	126	40	9999	52	26	45	199	523	551	172	687	716	692	724	1004	196	279	1058	946	992	731	483	867	1909	1341	298	1520	1428	532	924	107	80	1887	59	455	420	1449	1362	620	109	245	186	122	794	849	177	370	316	717	487	721	355	1316	
284	383	355	157	580	203	300	162	231	401	246	158	400	206	193	282	121	78	145	150	120	145	171	185	185	157	125	280	203	190	115	210	213	263	364	295	297	222	258	362	234	314	271	576	660	1131	937	978	1009	456	458	655	962	630	922	648	562	579	448	410	466	456	802	599	1398	912	182	120	172	181	223	135	120	89	73	19	52	9999	38	37	70	301	316	54	766	787	753	775	1294	393	503	1341	1026	1179	759	480	750	1827	1577	523	1247	1143	658	1161	241	204	1945	175	481	521	1587	1543	909	251	433	379	23	1013	731	346	562	246	681	716	1017	175	1353	
143	216	226	73	379	98	160	95	130	247	138	55	235	85	85	139	46	37	71	58	48	64	84	91	136	77	40	219	170	81	33	194	165	139	201	151	153	122	143	206	106	186	140	371	446	875	686	725	754	279	275	451	706	416	685	435	358	425	364	308	348	350	1054	444	1210	688	144	146	273	248	253	73	103	75	167	63	26	38	9999	4	177	474	482	153	874	900	872	903	1150	282	375	1208	801	930	582	619	669	1819	1481	366	1432	1351	447	1122	120	97	1839	78	599	584	1397	1324	721	132	265	276	91	757	956	199	360	191	547	503	875	317	1164	
