NAME: brazil58Preorder
TYPE: ATSP
DIMENSION: 58
EDGE_WEIGHT_TYPE: EXPLICIT
EDGE_WEIGHT_FORMAT: FULL_MATRIX 
EDGE_WEIGHT_SECTION
9999	876	900	823	579	936	1387	630	174	756	960	603	115	1078	1215	947	867	70	1005	471	1095	684	461	202	185	950	627	1024	950	63	1354	254	1067	1167	772	950	1111	1269	983	134	839	1330	681	83	1147	1207	822	891	730	659	799	773	517	775	752	1195	511	232	
876	9999	65	877	200	385	1307	212	953	58	245	402	949	516	758	429	271	747	400	1018	540	125	335	685	939	329	300	436	176	847	1192	996	508	647	80	366	565	982	93	910	5	1128	278	707	619	625	132	29	145	960	103	72	831	15	40	724	430	553	
900	65	9999	906	219	252	1298	296	988	35	240	362	964	397	639	530	1365	756	271	1077	166	228	355	698	955	203	265	292	58	858	1183	1011	388	549	19	105	450	958	58	923	54	1104	244	721	505	628	94	55	71	1029	73	41	897	109	151	667	897	565	
823	877	906	9999	931	1108	1389	739	714	935	984	1208	687	1166	1278	975	1052	699	1124	570	1093	705	966	803	753	1080	1123	1121	952	738	1360	737	1156	1234	972	1017	1189	1280	917	729	849	1335	1059	736	1209	1263	992	842	991	258	973	995	311	828	801	1252	1021	807	
579	200	219	931	9999	449	1316	225	766	167	524	213	731	571	768	584	343	455	468	847	551	291	68	394	757	399	49	498	340	660	1210	796	568	688	197	390	619	1006	336	722	139	1144	102	494	659	759	196	234	160	970	168	201	834	127	155	742	140	274	
936	385	252	1108	449	9999	1350	602	1131	221	469	487	1107	78	399	697	45	909	16	1181	286	531	606	790	1101	10	415	26	193	1019	1273	1148	124	277	231	81	175	1105	268	1072	294	1213	369	872	305	382	229	295	241	1194	194	235	1100	385	427	443	574	734	
1387	1307	1298	1389	1316	1350	9999	1261	1395	1327	1187	1385	1392	1366	1390	1032	1332	1374	1353	1397	1314	1232	1346	1377	1396	1343	1341	1355	1290	1391	250	1398	1357	1378	1305	1317	1368	611	1264	1393	1287	768	1352	1380	1371	1383	1333	1275	1334	1394	1319	1321	1388	1267	1250	1381	1358	1364	
630	212	296	739	225	602	1261	9999	782	297	421	462	751	672	852	401	492	514	601	819	576	32	355	534	817	558	322	621	392	704	1114	841	653	780	341	465	713	850	317	765	224	1025	409	556	743	830	380	226	379	767	349	319	641	148	104	811	446	431	
174	953	988	714	766	1131	1395	782	9999	946	1109	802	17	1173	1282	1098	1038	298	1110	207	1171	834	679	500	13	1096	825	1126	1056	76	1379	38	1169	1242	951	1060	1195	1328	1055	25	912	1331	833	299	1221	1277	986	984	932	561	962	954	389	901	883	1293	693	528	
756	58	35	935	167	221	1327	297	946	9999	344	248	925	356	613	613	113	655	237	1025	385	264	291	617	921	169	270	263	111	826	1226	977	351	515	1	164	415	1031	157	884	37	1161	130	683	477	600	21	87	20	1030	5	2	898	96	132	575	312	521	
960	245	240	984	524	469	1187	421	1109	344	9999	741	1074	584	775	212	359	861	493	1142	285	328	851	874	1140	422	542	506	205	1041	1003	1163	525	680	306	300	611	748	111	1090	289	890	519	892	628	723	378	214	387	1092	346	314	980	369	321	703	693	779	
603	402	362	1208	213	487	1385	462	802	248	741	9999	774	614	794	930	395	565	510	877	634	583	112	342	771	448	47	541	439	675	1351	816	608	728	280	442	648	1260	466	742	351	1326	55	523	692	785	245	411	182	935	215	257	814	425	450	770	44	434	
115	949	964	687	731	1107	1392	751	17	925	1074	774	9999	1150	1260	1061	997	301	1076	261	1146	800	665	457	31	1036	791	1094	1022	33	1372	82	1143	1219	919	1028	1172	1312	1045	14	963	1359	776	260	1198	1254	885	1002	868	530	864	895	347	853	873	1246	650	484	
1078	516	397	1166	571	78	1366	672	1173	356	584	614	1150	9999	199	783	166	936	116	1238	437	618	670	893	1191	194	539	36	324	1132	1308	1222	23	93	413	211	15	1177	416	1174	470	1266	512	1004	119	186	365	451	377	1240	332	323	1162	516	513	244	682	957	
1215	758	639	1278	768	399	1390	852	1282	613	775	794	1260	199	9999	981	445	1164	337	1323	537	799	882	1083	1299	422	749	285	567	1235	1361	1300	262	50	621	491	143	1284	649	1268	671	1337	725	1143	159	180	622	732	629	1322	597	631	1224	728	755	240	863	1134	
947	429	530	975	584	697	1032	401	1098	613	212	930	1061	783	981	9999	626	849	716	1130	572	302	682	860	1066	662	659	731	497	1027	798	1155	744	874	544	587	804	532	408	1081	475	698	710	880	821	915	637	437	642	1083	589	595	961	414	368	896	746	778	
867	271	1365	1052	343	45	1332	492	1038	113	359	395	997	166	445	626	9999	776	62	1129	191	433	480	733	1046	12	293	84	90	945	1233	1086	158	322	120	9	223	1047	173	1013	202	1169	271	804	276	428	92	204	133	1137	95	88	1026	271	314	399	489	658	
70	747	756	699	455	909	1374	514	298	655	861	565	301	936	1164	849	776	9999	854	458	959	588	421	161	371	866	594	934	831	243	1348	447	1001	1102	745	859	1044	1249	829	315	701	1318	650	9	1079	1160	805	792	695	620	722	726	463	691	708	1149	486	190	
1005	400	271	1124	468	16	1353	601	1110	237	493	510	1076	116	337	716	62	854	9999	1188	309	550	590	809	1115	24	436	46	194	1039	1281	1157	144	231	377	86	117	1120	278	1089	324	1223	405	887	258	319	210	331	259	1193	220	208	1099	409	451	385	598	750	
471	1018	1077	570	847	1181	1397	819	207	1025	1142	877	261	1238	1323	1130	1129	458	1188	9999	1216	872	765	599	212	1159	886	1200	1116	363	1384	148	1236	1292	1050	1153	1258	1339	1088	255	1008	1370	926	503	1283	1315	1048	1026	998	372	1023	1053	188	978	937	1309	810	609	
1095	540	166	1093	551	286	1314	576	1171	385	285	634	1146	437	537	572	191	959	309	1216	9999	502	651	875	1190	242	638	251	137	1090	1203	1196	304	432	269	140	308	994	180	1141	288	1136	536	948	464	522	396	233	407	1182	361	330	1087	375	420	423	697	979	
684	125	228	705	291	531	1232	32	834	264	328	583	800	618	799	302	433	588	550	872	502	9999	446	586	870	482	420	547	281	763	1062	902	591	730	246	391	652	805	235	815	180	966	490	624	676	774	336	135	333	818	294	283	696	114	80	760	522	491	
461	335	355	966	68	606	1346	355	679	291	851	112	665	670	882	682	480	421	590	765	651	446	9999	256	661	529	154	770	563	562	1265	711	669	781	334	559	714	1091	478	633	272	1202	177	367	756	837	383	374	285	820	352	337	700	262	284	827	101	504	
202	685	698	803	394	790	1377	534	500	617	874	342	457	893	1083	860	733	161	809	599	875	586	256	9999	453	729	452	787	720	303	1336	518	840	889	654	719	928	1225	740	406	656	1297	460	110	927	1033	585	706	586	663	559	596	514	632	647	1015	235	48	
185	939	955	753	757	1101	1396	817	13	921	1140	771	31	1191	1299	1066	1046	371	1115	212	1190	870	661	453	9999	1069	787	1133	1045	85	1382	27	1178	1245	938	1064	1199	1338	1043	11	899	1369	843	316	1227	1279	933	974	878	605	918	940	444	888	912	1270	702	479	
950	329	203	1080	399	10	1343	558	1096	169	422	448	1036	194	422	662	12	866	24	1159	242	482	529	729	1069	9999	360	101	136	989	1253	1116	222	291	181	43	192	1070	227	1049	253	1191	325	832	334	403	143	255	193	1176	147	135	1071	329	376	459	481	426	
627	300	265	1123	49	415	1341	322	825	270	542	47	791	539	749	659	293	594	436	886	638	420	154	452	787	360	9999	460	354	702	1252	836	535	593	202	353	590	1068	381	762	249	1188	25	554	635	733	163	310	139	1042	129	177	911	235	261	709	129	533	
1024	436	292	1121	498	26	1355	621	1126	263	506	541	1094	36	285	731	84	934	46	1200	251	547	770	787	1133	101	460	9999	238	1059	1286	1256	57	179	273	121	80	1127	318	1106	357	1231	434	905	216	274	217	358	282	1205	247	236	1119	436	476	546	569	846	
950	176	58	952	340	193	1290	392	1056	111	205	439	1022	324	567	497	90	831	194	1116	137	281	563	720	1045	136	354	238	9999	944	1165	1000	118	467	79	53	356	929	82	1012	107	1082	313	797	221	266	165	83	183	1075	141	139	953	187	230	592	473	775	
63	847	858	738	660	1019	1391	704	76	826	1041	675	33	1132	1235	1027	945	243	1039	363	1090	763	562	303	85	989	702	1059	944	9999	1367	153	1103	1186	845	985	1139	1295	942	47	808	1349	761	195	1170	1229	844	871	795	583	824	848	419	812	784	1217	610	345	
1354	1192	1183	1360	1210	1273	250	1114	1379	1226	1003	1351	1372	1308	1361	798	1233	1348	1281	1384	1203	1062	1265	1336	1382	1253	1252	1286	1165	1367	9999	1386	1288	1340	1189	1211	1325	290	1118	1375	1158	526	1302	1342	1324	1347	1239	1138	1243	1376	1212	1214	1356	1125	1097	1344	1313	1304	
254	996	1011	737	796	1148	1398	841	38	977	1163	816	82	1222	1300	1155	1086	447	1157	148	1196	902	711	518	27	1116	836	1256	1000	153	1386	9999	1204	1271	993	1111	1247	1345	1085	61	952	1373	894	399	1255	1296	992	1020	937	582	973	1037	418	939	965	1289	754	548	
1067	508	388	1156	568	124	1357	653	1169	351	525	608	1143	23	262	744	158	1001	144	1236	304	591	669	840	1178	222	535	57	118	1103	1288	1204	9999	152	359	206	60	1139	412	1154	441	1237	507	968	34	103	257	443	373	1228	326	313	1151	508	551	97	636	904	
1167	647	549	1234	688	277	1378	780	1242	515	680	728	1219	93	50	874	322	1102	231	1292	432	730	781	889	1245	291	593	179	467	1186	1340	1271	152	9999	525	350	47	1218	545	1226	594	1301	646	1073	79	39	496	656	538	1291	404	492	1229	653	677	62	678	956	
772	80	19	972	197	231	1305	341	951	1	306	280	919	413	621	544	120	745	377	1050	269	246	334	654	938	181	202	273	79	845	1189	993	359	525	9999	174	424	976	69	908	18	1112	162	706	483	607	43	58	51	1054	22	7	922	66	99	581	380	717	
950	366	105	1017	390	81	1317	465	1060	164	300	442	1028	211	491	587	9	859	86	1153	140	391	559	719	1064	43	353	121	53	985	1211	1111	206	350	174	9999	239	1007	218	1043	189	1145	327	830	324	474	131	218	184	1122	140	130	1010	319	370	447	472	694	
1111	565	450	1189	619	175	1368	713	1195	415	611	648	1172	15	143	804	223	1044	117	1258	308	652	714	928	1199	192	590	80	356	1139	1325	1247	60	47	424	239	9999	1185	445	1180	501	1276	564	1012	75	126	386	577	438	1259	393	384	1184	566	607	188	673	856	
1269	982	958	1280	1006	1105	611	850	1328	1031	748	1260	1312	1177	1284	532	1047	1249	1120	1339	994	805	1091	1225	1338	1070	1068	1127	929	1295	290	1345	1139	1218	976	1007	1185	9999	862	1329	916	150	1113	1230	1197	1294	1034	885	1059	1320	1014	1016	1272	869	838	1244	1143	1168	
983	93	58	917	336	268	1264	317	1055	157	111	466	1045	416	649	408	173	829	278	1088	180	235	478	740	1043	227	381	318	82	942	1118	1085	412	545	69	218	445	862	9999	1009	101	1024	348	793	526	640	178	77	209	1040	172	123	907	129	171	622	499	789	
134	910	923	729	722	1072	1393	765	25	884	1090	742	14	1174	1268	1081	1013	315	1089	255	1141	815	633	406	11	1049	762	1106	1012	47	1375	61	1154	1226	908	1043	1180	1329	1009	9999	865	1362	813	267	1206	1262	903	967	852	574	879	914	410	855	881	1251	669	435	
839	5	54	849	139	294	1287	224	912	37	289	351	963	470	671	475	202	701	324	1008	288	180	272	656	899	253	249	357	107	808	1158	952	441	594	18	189	501	916	101	865	9999	1063	229	668	515	640	91	28	98	969	67	35	833	25	56	643	384	715	
1330	1128	1104	1335	1144	1213	768	1025	1331	1161	890	1326	1359	1266	1337	698	1169	1318	1223	1370	1136	966	1202	1297	1369	1191	1188	1231	1082	1349	526	1373	1237	1301	1112	1145	1276	150	1024	1362	1063	9999	1220	1306	1285	1315	1175	1050	1179	1363	1150	1152	1333	1035	1004	1310	1241	1259	
681	278	244	1059	102	369	1352	409	833	130	519	55	776	512	725	710	271	650	405	926	536	490	177	460	843	325	25	434	313	761	1302	894	507	646	162	327	564	1113	348	813	229	1220	9999	623	615	711	154	275	74	990	100	146	857	287	338	690	142	398	
83	707	721	736	494	872	1380	556	299	683	892	523	260	1004	1143	880	804	9	887	503	948	624	367	110	316	832	554	905	797	195	1342	399	968	1073	706	830	1012	1230	793	267	668	1306	623	9999	1057	1135	777	769	664	580	686	689	417	657	674	1117	440	138	
1147	619	505	1209	659	305	1371	743	1221	477	628	692	1198	119	159	821	276	1079	258	1283	464	676	756	927	1227	334	635	216	221	1170	1324	1255	34	79	483	324	75	1197	526	1206	515	1285	615	1057	9999	52	486	555	495	1274	454	307	1201	616	645	64	718	999	
1207	625	628	1263	759	382	1383	830	1277	600	723	785	1254	186	180	915	428	1160	319	1315	522	774	837	1033	1279	403	733	274	266	1229	1347	1296	103	39	607	474	126	1294	640	1262	640	1315	711	1135	52	9999	604	660	612	1311	578	573	1257	712	745	46	806	1084	
822	132	94	992	196	229	1333	380	986	21	378	245	885	365	622	637	92	805	210	1048	396	336	383	585	933	143	163	217	165	844	1239	992	257	496	43	131	386	1034	178	903	91	1175	154	777	486	604	9999	137	3	1065	0	21	943	156	198	543	278	520	
891	29	55	842	234	295	1275	226	984	87	214	411	1002	451	732	437	204	792	331	1026	233	135	374	706	974	255	310	358	83	871	1138	1020	443	656	58	218	577	885	77	967	28	1050	275	769	555	660	137	9999	149	971	108	75	835	42	59	644	456	666	
730	145	71	991	160	241	1334	379	932	20	387	182	868	377	629	642	133	695	259	998	407	333	285	586	878	193	139	282	183	795	1243	937	373	538	51	184	438	1059	209	852	98	1179	74	664	495	612	3	149	9999	1064	4	30	941	170	211	593	279	485	
659	960	1029	258	970	1194	1394	767	561	1030	1092	935	530	1240	1322	1083	1137	620	1193	372	1182	818	820	663	605	1176	1042	1205	1075	583	1376	582	1228	1291	1054	1122	1259	1320	1040	574	969	1363	990	580	1274	1311	1065	971	1064	9999	1058	1051	106	913	879	1303	816	667	
799	103	73	973	168	194	1319	349	962	5	346	215	864	332	597	589	95	722	220	1023	361	294	352	559	918	147	129	247	141	824	1212	973	326	404	22	140	393	1014	172	879	67	1150	100	686	454	578	0	108	4	1058	9999	6	924	122	172	557	1399	523	
773	72	41	995	201	235	1321	319	954	2	314	257	895	323	631	595	88	726	208	1053	330	283	337	596	940	135	177	236	139	848	1214	1037	313	492	7	130	384	1016	123	914	35	1152	146	689	307	573	21	75	30	1051	6	9999	920	89	128	552	286	560	
517	831	897	311	834	1100	1388	641	389	898	980	814	347	1162	1224	961	1026	463	1099	188	1087	696	700	514	444	1071	911	1119	953	419	1356	418	1151	1229	922	1010	1184	1272	907	410	833	1333	857	417	1201	1257	943	835	941	106	924	920	9999	786	764	1248	735	527	
775	15	109	828	127	385	1267	148	901	96	369	425	853	516	728	414	271	691	409	978	375	114	262	632	888	329	235	436	187	812	1125	939	508	653	66	319	566	869	129	855	25	1035	287	657	616	712	156	42	170	913	122	89	786	9999	8	693	339	488	
752	40	151	801	155	427	1250	104	883	132	321	450	873	513	755	368	314	708	451	937	420	80	284	647	912	376	261	476	230	784	1097	965	551	677	99	370	607	838	171	881	56	1004	338	674	645	745	198	59	211	879	172	128	764	8	9999	727	364	509	
1195	724	667	1252	742	443	1381	811	1293	575	703	770	1246	244	240	896	399	1149	385	1309	423	760	827	1015	1270	459	709	546	592	1217	1344	1289	97	62	581	447	188	1244	622	1251	643	1310	690	1117	64	46	543	644	593	1303	557	552	1248	693	727	9999	788	987	
511	430	897	1021	140	574	1358	446	693	312	693	44	650	682	863	746	489	486	598	810	697	522	101	235	702	481	129	569	473	610	1313	754	636	678	380	472	673	1143	499	669	384	1241	142	440	718	806	278	456	279	816	1399	286	735	339	364	788	9999	320	
232	553	565	807	274	734	1364	431	528	521	779	434	484	957	1134	778	658	190	750	609	979	491	504	48	479	426	533	846	775	345	1304	548	904	956	717	694	856	1168	789	435	715	1259	398	138	999	1084	520	666	485	667	523	560	527	488	509	987	320	9999	
EOF