NAME: burma14Preorder
TYPE: ATSP
DIMENSION: 14
EDGE_WEIGHT_TYPE: EXPLICIT
EDGE_WEIGHT_FORMAT: FULL_MATRIX 
EDGE_WEIGHT_SECTION
9999	4	57	70	81	60	41	1	6	30	9	48	28	38	
4	9999	42	66	83	61	50	12	24	43	27	46	37	31	
57	42	9999	25	73	40	49	56	69	80	71	28	54	13	
70	66	25	9999	45	17	36	66	75	85	76	14	47	22	
81	83	73	45	9999	34	52	78	82	86	84	51	65	68	
60	61	40	17	34	9999	8	53	64	79	67	2	21	20	
41	50	49	36	52	8	9999	32	44	72	51	11	3	23	
1	12	56	66	78	53	32	9999	5	35	10	39	18	33	
6	24	69	75	82	64	44	5	9999	19	0	59	29	55	
30	43	80	85	86	79	72	35	19	9999	15	77	63	74	
9	27	71	76	84	67	51	10	0	15	9999	62	32	58	
48	46	28	14	51	2	11	39	59	77	62	9999	16	7	
28	37	54	47	65	21	3	18	29	63	32	16	9999	26	
38	31	13	22	68	20	23	33	55	74	58	7	26	9999	
EOF