NAME: ch150Preorder
TYPE: ATSP
DIMENSION: 150
EDGE_WEIGHT_TYPE: EXPLICIT
EDGE_WEIGHT_FORMAT: FULL_MATRIX 
EDGE_WEIGHT_SECTION
9999	566	177	399	128	646	65	99	620	157	734	549	532	385	319	292	756	329	585	452	319	291	464	577	433	274	578	634	523	78	560	452	259	29	161	686	595	476	625	602	592	591	478	405	424	361	528	93	477	488	454	221	573	338	441	296	626	452	284	711	692	225	93	434	394	734	464	491	659	534	425	445	76	564	299	48	375	316	264	382	484	104	348	76	381	511	10	226	107	357	513	324	183	201	99	125	172	3	608	165	565	590	14	388	285	503	103	541	450	494	279	472	154	612	377	550	653	606	507	564	228	379	573	152	288	226	643	453	544	712	423	457	330	378	512	499	530	379	568	733	413	338	191	499	494	251	478	751	259	368	
566	9999	580	655	478	71	490	460	58	514	314	209	622	411	417	393	423	300	35	125	530	636	328	206	128	284	460	75	43	497	486	310	326	543	413	261	27	316	328	144	355	52	218	582	636	221	69	549	428	132	163	381	165	258	149	258	355	129	417	402	271	588	524	531	214	414	264	703	254	101	613	443	580	587	279	591	359	440	446	423	71	581	210	483	287	74	579	494	460	207	696	261	385	491	549	458	401	553	67	451	305	110	544	682	339	640	518	79	201	67	355	529	524	90	604	271	433	208	709	70	454	385	554	404	599	349	261	672	421	351	311	212	375	256	104	542	171	226	114	486	144	310	443	428	475	304	430	357	596	604	
177	580	9999	211	287	651	180	173	619	57	671	492	356	263	204	200	666	433	611	447	151	104	369	521	442	335	444	629	551	135	417	365	244	144	175	624	601	384	533	568	490	586	424	227	238	349	521	76	346	546	428	188	530	314	497	332	526	501	180	609	627	37	91	270	470	639	394	303	594	584	242	309	93	397	380	128	277	190	148	255	504	292	393	164	487	550	163	90	157	363	326	309	200	82	284	138	287	178	641	315	476	639	189	200	235	321	278	584	408	502	221	311	48	651	194	473	534	551	319	553	123	269	414	215	101	227	574	266	418	626	339	541	236	333	562	337	602	352	542	617	448	448	342	368	349	305	347	677	72	183	
399	655	211	9999	497	708	391	373	673	246	635	497	167	239	229	261	589	602	695	521	120	104	347	523	529	487	338	678	643	344	299	357	363	365	345	603	664	365	484	589	431	640	445	74	33	435	581	296	271	667	482	319	547	399	622	465	466	618	238	534	603	163	305	146	615	562	401	81	575	694	56	236	314	228	539	349	287	206	218	226	594	514	522	372	652	652	385	200	354	465	106	404	362	222	504	327	479	399	724	521	441	736	409	29	325	120	495	687	448	581	309	178	244	738	40	453	441	549	97	603	233	263	263	396	101	365	551	45	334	571	343	685	270	389	674	192	726	422	577	510	560	620	545	288	245	458	271	627	129	41	
128	478	287	497	9999	560	96	116	539	240	703	512	602	415	353	315	744	202	489	385	392	400	463	537	360	186	601	555	429	143	592	446	237	139	167	646	512	471	609	546	587	515	446	484	513	312	457	201	504	377	403	226	524	302	335	224	617	349	318	700	653	330	185	495	278	725	445	586	621	426	508	479	202	621	191	184	387	359	310	415	397	93	258	114	251	411	149	295	135	295	604	285	170	270	61	163	67	119	508	27	550	481	105	494	280	581	30	437	411	414	282	527	243	507	465	529	659	564	601	493	278	400	620	120	387	204	609	548	561	690	419	334	348	350	405	554	411	339	507	738	323	207	52	523	531	175	505	725	362	457	
646	71	651	708	560	9999	569	539	26	586	277	227	659	461	476	455	397	380	76	193	588	698	365	213	203	366	479	29	123	574	510	350	399	621	489	233	40	351	327	138	364	58	257	633	687	292	120	625	464	203	219	454	174	326	228	338	356	208	480	387	242	656	600	576	293	394	303	744	234	162	663	484	656	617	360	669	412	498	510	473	152	663	291	562	363	149	659	561	538	282	733	332	462	560	631	534	483	633	85	533	319	144	625	731	406	681	600	140	250	142	422	569	596	109	658	287	435	204	748	95	521	436	580	483	662	424	248	721	444	329	357	282	433	316	172	579	227	290	128	475	226	388	525	460	509	384	465	323	661	659	
65	490	180	391	96	569	9999	27	544	134	670	477	504	334	268	236	700	266	510	376	291	294	401	505	357	200	525	557	447	36	511	387	187	47	92	614	519	412	558	528	529	515	407	382	409	286	452	97	425	415	379	155	499	265	368	220	562	378	233	648	620	223	79	399	324	676	396	481	587	461	405	397	105	528	229	99	316	270	218	332	408	134	273	11	319	436	79	194	42	281	499	250	111	168	112	68	108	53	534	124	499	517	46	387	218	480	95	467	377	418	214	434	136	538	361	482	594	533	496	488	183	324	532	76	281	153	572	442	488	645	359	389	272	307	439	462	461	306	493	681	338	277	151	446	447	176	426	689	255	353	
99	460	173	373	116	539	27	9999	512	117	633	440	476	298	233	200	663	255	482	342	265	281	364	468	325	176	490	525	419	32	476	350	150	72	55	577	488	374	520	492	491	483	370	357	387	251	419	98	390	393	344	118	463	228	345	191	524	353	198	610	583	211	75	369	305	639	358	461	550	437	382	362	118	497	211	121	279	237	186	297	378	170	246	12	309	410	110	168	9	248	477	214	73	143	146	36	104	88	507	137	461	494	83	372	180	454	125	442	341	386	177	403	121	512	339	444	557	496	476	455	152	287	499	46	264	116	535	422	452	607	321	373	236	269	415	430	442	269	458	643	310	268	162	410	413	149	391	652	241	331	
620	58	619	673	539	26	544	512	9999	555	257	191	622	425	440	421	373	368	82	162	552	665	329	178	176	343	444	7	112	547	475	313	368	594	461	208	20	314	295	104	330	22	220	596	650	260	86	596	427	200	184	423	139	294	217	313	324	197	446	359	218	622	571	539	282	368	266	714	207	164	626	447	627	581	343	641	375	463	476	437	132	642	270	535	356	143	632	528	510	254	702	301	434	528	610	506	462	608	101	514	284	158	600	701	373	645	579	142	214	115	388	532	565	127	622	252	403	172	717	59	488	399	544	457	627	395	219	685	408	303	321	280	398	281	171	542	234	257	92	446	206	378	507	423	472	360	428	302	626	623	
157	514	57	246	240	586	134	117	555	9999	621	437	365	229	164	150	627	369	544	382	151	155	325	467	375	267	419	565	483	87	398	318	177	118	107	572	536	340	490	509	450	522	368	240	264	284	457	59	319	478	366	122	473	250	429	263	486	433	134	571	576	85	53	266	403	601	342	336	543	516	261	284	93	396	314	126	232	156	106	224	437	267	324	115	422	482	150	58	98	297	354	243	133	35	251	75	228	153	573	264	432	571	161	245	173	337	240	516	349	436	160	304	1	584	216	424	502	496	351	490	73	230	406	151	137	158	524	297	389	582	290	473	188	273	494	332	534	289	481	588	380	384	290	341	330	237	320	632	113	207	
734	314	671	635	703	277	670	633	257	621	9999	182	519	407	457	461	116	585	349	320	547	672	293	155	352	516	307	243	361	654	348	295	472	705	569	49	282	276	140	167	194	251	252	550	599	381	271	682	353	452	291	511	173	395	452	472	161	432	480	131	40	655	662	478	510	123	269	642	72	426	572	389	717	458	538	735	382	474	512	417	353	773	458	654	589	394	740	569	623	400	619	411	548	581	757	607	627	726	369	689	187	426	723	672	447	558	731	404	283	322	456	453	631	394	589	187	217	129	639	243	539	393	414	589	633	506	87	624	294	67	321	529	424	352	427	449	497	356	207	217	411	599	691	336	383	519	353	35	645	595	
549	209	492	497	512	227	477	440	191	437	182	9999	424	249	285	281	241	411	255	147	388	510	139	19	180	328	243	189	235	463	273	129	279	515	377	126	196	122	115	85	134	163	60	415	468	189	134	494	231	314	105	320	43	202	299	283	139	280	302	203	132	482	473	351	347	224	89	526	99	306	442	257	530	380	357	553	211	305	334	261	206	606	278	462	425	264	556	392	431	212	511	218	356	400	575	416	436	538	285	499	85	329	534	530	258	451	546	287	90	174	268	338	447	310	447	51	214	48	528	131	358	229	343	396	471	313	86	500	206	172	148	382	247	160	298	345	373	163	89	277	244	427	503	225	275	329	232	206	478	450	
532	622	356	167	602	659	504	476	622	365	519	424	9999	217	255	296	448	655	667	500	203	270	283	445	519	535	201	622	624	460	160	302	405	494	429	500	621	297	371	520	317	591	394	118	124	439	542	429	184	671	451	381	478	408	633	501	347	624	283	397	498	310	429	101	644	423	347	123	475	687	108	169	456	57	587	492	270	240	283	209	579	642	547	483	697	642	523	300	457	474	94	419	436	325	626	429	564	529	698	617	345	724	537	204	356	39	610	675	412	558	344	84	367	720	156	368	300	465	115	555	314	244	100	481	250	422	452	124	217	446	302	707	282	378	670	69	730	414	520	355	566	673	638	189	139	510	183	500	278	166	
385	411	263	239	415	461	334	298	425	229	407	249	217	9999	56	88	392	432	454	281	130	255	104	277	296	312	182	429	405	298	167	109	186	346	238	366	417	121	262	340	216	392	195	161	215	211	335	298	81	445	237	178	298	180	405	275	253	397	90	335	368	240	286	112	416	365	152	282	337	464	191	54	333	209	363	365	43	63	113	3	359	479	319	313	472	420	383	165	281	247	276	191	235	183	455	255	361	378	487	421	209	509	381	270	136	223	433	454	201	341	127	123	237	506	188	213	262	304	288	355	148	17	199	284	216	210	315	250	149	355	94	480	59	153	446	146	511	189	328	347	339	450	438	102	106	290	82	408	227	190	
319	417	204	229	353	476	268	233	440	164	457	285	255	56	9999	30	453	390	456	282	102	216	154	314	289	270	248	447	403	232	232	151	140	279	175	412	428	170	318	369	276	407	222	166	216	196	345	233	147	429	246	118	329	159	386	239	312	381	24	396	415	188	219	143	386	426	185	291	382	454	198	118	268	261	323	299	64	12	48	53	354	413	290	247	435	412	317	103	216	227	292	166	176	119	390	190	304	311	488	362	261	503	314	254	93	249	369	447	216	342	80	168	173	505	178	259	327	343	300	371	82	55	257	224	178	157	361	255	215	411	127	454	31	150	435	194	494	182	350	413	322	409	380	169	169	245	149	463	182	177	
292	393	200	261	315	455	236	200	421	150	461	281	296	88	30	9999	468	349	430	256	130	233	165	310	261	229	279	429	374	203	266	157	99	253	138	413	407	179	330	359	292	388	213	204	252	165	325	214	179	395	226	79	320	128	350	199	327	347	14	413	417	193	197	184	348	443	183	328	384	423	235	153	250	301	282	279	73	48	44	89	326	380	252	215	394	382	292	100	183	193	331	132	136	108	356	158	264	284	462	323	271	473	285	282	54	289	334	417	201	316	39	209	159	477	211	264	350	340	338	352	67	77	296	185	196	116	364	291	242	421	130	416	28	129	402	235	459	156	336	437	288	368	340	199	205	204	180	471	194	209	
756	423	666	589	744	397	700	663	373	627	116	241	448	392	453	468	9999	662	462	397	524	646	293	225	431	577	241	360	463	677	282	303	507	725	597	154	394	279	132	268	166	361	298	506	549	434	365	693	317	552	356	535	258	438	544	531	130	525	483	46	144	642	676	434	596	16	296	580	158	532	523	356	725	382	608	750	384	466	511	401	446	781	529	683	675	496	758	567	650	461	553	456	581	583	777	630	678	749	485	735	191	540	748	629	472	493	762	511	335	414	477	401	636	511	549	212	138	210	574	345	544	387	337	627	610	541	154	569	247	61	332	625	429	390	530	390	603	404	303	100	494	678	742	296	334	574	317	72	626	557	
329	300	433	602	202	380	266	255	368	369	585	411	655	432	390	349	662	9999	299	255	476	532	427	428	222	109	583	385	246	298	588	405	239	324	252	526	338	427	530	409	527	351	361	560	604	235	308	365	502	175	296	274	401	251	142	147	547	161	366	622	534	465	341	544	77	645	382	681	506	225	591	493	381	652	57	375	384	407	377	438	230	300	123	272	43	221	348	393	268	200	688	235	231	375	270	284	147	317	312	166	480	275	304	612	288	649	242	240	322	257	300	564	376	306	559	449	609	448	693	341	359	407	637	208	506	228	501	642	538	593	384	121	363	297	206	588	199	267	369	686	163	8	148	515	542	135	504	619	489	554	
585	35	611	695	489	76	510	482	82	544	349	255	667	454	456	430	462	299	9999	164	569	672	373	250	160	300	506	98	51	520	532	354	356	564	439	298	57	361	372	185	400	91	263	624	678	256	115	576	473	117	206	412	210	293	147	280	399	130	455	444	308	622	550	574	211	455	309	740	294	74	655	488	605	633	287	614	401	479	482	465	96	592	226	504	278	68	600	529	483	237	733	294	411	524	561	484	414	573	22	460	351	67	563	720	374	684	530	53	244	103	390	574	554	44	644	316	478	251	745	114	488	427	599	425	636	377	302	713	466	391	355	195	414	295	86	587	141	264	159	529	161	306	449	473	520	323	475	393	631	644	
452	125	447	521	385	193	376	342	162	382	320	147	500	281	282	256	397	255	164	9999	394	500	214	162	22	190	363	174	113	375	382	193	195	424	288	261	143	206	271	151	278	131	113	450	503	88	66	423	312	169	42	250	136	123	145	151	292	128	281	361	269	453	398	403	189	381	152	574	240	176	481	320	455	473	207	470	228	305	310	292	68	486	126	365	267	131	463	359	339	83	568	128	262	357	454	333	307	440	196	365	228	217	432	546	203	514	423	164	82	49	219	406	392	214	470	194	362	182	580	101	318	254	444	289	463	222	235	540	319	327	187	229	240	121	161	422	233	89	111	432	86	271	364	316	358	199	313	353	460	469	
319	530	151	120	392	588	291	265	552	151	547	388	203	130	102	130	524	476	569	394	9999	114	245	417	401	358	288	558	514	246	258	249	232	280	226	508	541	263	400	477	351	519	330	80	117	306	458	216	196	536	359	191	436	269	491	335	388	488	107	466	509	113	215	109	484	496	289	194	479	564	107	157	245	237	411	281	169	79	89	119	466	428	391	270	524	523	310	87	246	334	205	273	239	112	412	218	362	315	601	411	349	614	322	141	194	178	398	558	327	454	178	149	153	617	72	354	383	444	207	482	109	149	252	279	76	237	456	155	268	492	230	554	144	263	544	175	599	294	460	464	429	493	433	218	191	330	196	547	92	69	
291	636	104	104	400	698	294	281	665	155	672	510	270	255	216	233	646	532	672	500	114	9999	369	539	501	424	404	672	614	247	370	372	313	259	269	632	651	387	525	596	475	631	449	148	139	405	568	191	318	623	470	260	556	368	576	412	512	576	208	589	634	59	204	211	558	619	410	193	603	657	151	279	204	323	473	238	289	195	179	244	566	406	472	276	584	618	275	135	264	428	221	368	291	148	398	241	394	292	702	427	474	709	303	86	288	228	393	654	442	559	271	251	149	716	104	478	503	567	211	596	176	271	350	316	28	306	580	160	389	616	351	629	257	373	635	273	684	400	577	581	520	548	453	339	306	394	318	671	32	94	
464	328	369	347	463	365	401	364	329	325	293	139	283	104	154	165	293	427	373	214	245	369	9999	165	239	317	146	330	335	375	158	12	216	426	298	251	327	7	154	233	117	297	100	265	318	182	248	390	89	393	162	235	191	166	361	272	152	348	180	237	253	351	373	201	389	267	54	377	222	401	293	108	426	249	361	454	81	170	211	115	292	543	297	382	457	356	466	267	350	218	364	184	286	281	516	328	397	455	406	461	97	438	454	381	174	305	489	387	122	268	176	193	334	428	298	98	185	191	380	261	241	89	219	334	331	249	200	350	101	246	34	443	126	119	387	203	458	150	227	270	295	445	472	91	135	304	90	298	341	302	
577	206	521	523	537	213	505	468	178	467	155	19	445	277	314	310	225	428	250	162	417	539	165	9999	196	351	256	174	237	492	289	157	307	544	405	98	188	148	111	65	141	153	89	441	494	214	136	524	254	321	126	349	30	229	310	307	138	290	332	192	105	512	502	375	361	210	118	550	72	308	468	281	559	398	377	582	240	334	364	289	213	632	297	490	439	268	584	421	459	235	534	245	384	429	602	445	461	566	279	523	95	326	562	557	287	474	572	288	117	181	297	361	477	305	473	66	216	18	551	125	387	257	359	423	500	341	62	525	223	154	177	392	276	189	302	367	377	189	81	271	258	444	526	245	296	353	255	183	507	477	
433	128	442	529	360	203	357	325	176	375	352	180	519	296	289	261	431	222	160	22	401	501	239	196	9999	163	390	189	103	361	407	217	187	408	275	293	152	232	304	180	310	147	143	462	515	85	87	411	334	143	72	243	168	122	114	128	324	99	285	394	302	451	386	419	156	415	179	586	273	157	494	340	442	495	176	455	242	312	312	307	54	461	96	348	234	113	446	358	324	69	582	123	248	353	429	320	281	421	191	338	260	203	413	553	203	530	398	148	109	51	219	424	386	205	479	227	393	215	593	123	317	268	468	270	466	210	268	552	347	360	208	198	248	132	140	442	208	97	140	464	53	237	336	340	380	176	336	386	460	478	
274	284	335	487	186	366	200	176	343	267	516	328	535	312	270	229	577	109	300	190	358	424	317	351	163	9999	470	359	239	217	473	296	119	256	149	457	316	319	438	351	427	318	268	441	486	133	260	279	386	207	214	157	332	139	159	35	451	167	246	531	464	360	253	423	124	556	280	563	433	251	472	374	303	532	42	307	266	287	259	318	202	288	63	197	155	226	290	281	181	105	569	122	124	265	256	190	108	262	323	165	383	307	252	499	167	529	225	256	230	218	179	444	276	327	442	356	506	375	574	297	244	288	519	119	396	111	424	524	426	510	273	195	243	188	228	468	258	164	312	587	129	128	165	400	424	19	387	545	381	437	
578	460	444	338	601	479	525	490	444	419	307	243	201	182	248	279	241	583	506	363	288	404	146	256	390	470	9999	441	476	491	30	168	359	538	427	292	450	149	162	333	111	416	240	256	297	338	381	489	90	543	310	365	295	321	515	427	136	501	283	187	289	411	478	184	545	215	201	329	269	546	271	124	523	141	517	556	204	252	304	185	438	670	454	505	614	501	576	352	473	375	304	338	420	373	646	448	541	571	537	604	150	577	573	377	312	242	623	530	271	411	309	149	426	561	300	181	92	270	324	384	340	191	97	470	370	389	246	316	34	234	187	598	244	275	534	138	607	307	343	166	449	601	618	69	87	455	89	288	390	308	
634	75	629	678	555	29	557	525	7	565	243	189	622	429	447	429	360	385	98	174	558	672	330	174	189	359	441	9999	130	559	472	315	380	608	473	196	37	315	288	98	325	32	223	600	654	271	97	607	428	218	192	434	135	304	235	327	317	214	453	348	205	631	583	541	300	356	269	716	196	181	630	449	639	580	359	654	381	470	484	441	148	658	286	548	374	160	646	537	523	266	704	312	446	537	626	518	477	621	115	530	280	173	614	707	383	646	595	159	220	130	398	534	575	141	627	249	395	165	719	66	497	404	542	471	634	407	209	688	406	291	324	297	405	289	188	543	250	266	92	436	222	395	524	423	472	375	429	288	634	628	
523	43	551	643	429	123	447	419	112	483	361	235	624	405	403	374	463	246	51	113	514	614	335	237	103	239	476	130	9999	458	499	314	296	502	377	305	82	325	358	185	379	102	227	574	627	198	90	514	434	80	162	352	198	236	94	218	384	75	399	438	315	562	488	527	160	453	271	697	295	60	605	444	543	595	228	552	352	426	425	417	37	533	164	442	233	22	538	470	421	177	692	236	349	464	501	422	354	510	79	401	328	93	501	667	316	638	470	42	202	56	332	530	493	92	592	293	460	244	703	108	429	378	564	363	579	315	299	664	435	391	311	159	361	244	55	545	129	210	150	519	99	255	391	436	480	261	435	402	573	591	
78	497	135	344	143	574	36	32	547	87	654	463	460	298	232	203	677	298	520	375	246	247	375	492	361	217	491	559	458	9999	475	363	175	41	77	601	524	387	536	521	503	517	392	336	362	281	453	56	390	435	373	133	489	255	386	229	537	394	197	623	606	177	34	357	348	652	376	434	573	478	359	360	75	486	254	84	286	231	179	296	416	173	286	18	352	450	82	149	26	282	453	243	102	123	155	36	144	69	546	170	476	534	71	340	197	434	141	482	366	422	190	393	89	552	314	462	564	521	449	487	143	291	492	87	234	144	556	395	456	625	334	416	242	292	456	420	484	296	488	651	349	311	196	412	409	190	392	671	208	306	
560	486	417	299	592	510	511	476	475	398	348	273	160	167	232	266	282	588	532	382	258	370	158	289	407	473	30	472	499	475	9999	180	356	520	416	331	478	165	201	365	149	446	261	218	257	347	406	467	78	561	329	355	326	326	530	431	176	517	267	229	328	382	458	148	556	256	219	288	308	567	232	104	501	102	521	535	199	233	285	168	459	656	462	490	622	522	556	329	459	384	262	342	412	351	633	433	536	553	564	597	183	601	557	339	306	201	611	552	289	432	301	111	404	587	263	212	133	305	283	412	322	182	59	461	337	383	285	276	55	275	195	612	234	283	554	97	626	317	372	201	464	607	613	62	57	455	76	330	359	272	
452	310	365	357	446	350	387	350	313	318	295	129	302	109	151	157	303	405	354	193	249	372	12	157	217	296	168	315	314	363	180	9999	199	414	284	250	309	14	162	222	131	281	82	276	330	160	230	381	109	371	141	221	179	145	339	251	163	326	175	249	253	349	363	215	366	278	35	391	221	380	305	124	417	270	340	445	76	169	206	121	271	528	275	369	435	335	455	263	336	196	380	163	270	276	500	316	379	442	387	443	103	418	442	390	159	321	473	366	101	247	163	209	327	408	307	97	203	184	394	244	234	90	241	318	334	232	199	363	123	253	18	421	119	97	365	222	436	128	213	287	272	423	454	112	155	284	110	303	342	310	
259	326	244	363	237	399	187	150	368	177	472	279	405	186	140	99	507	239	356	195	232	313	216	307	187	119	359	380	296	175	356	199	9999	227	87	416	348	224	364	335	340	337	209	313	359	97	272	217	267	299	187	45	303	69	252	92	370	252	117	455	422	257	193	294	241	483	200	435	389	333	343	250	250	406	172	268	146	157	133	191	249	321	149	172	284	296	267	167	141	108	440	57	66	158	292	130	171	248	386	235	305	387	244	379	39	400	265	331	180	248	50	316	188	397	316	285	411	336	446	305	126	165	395	109	281	24	374	397	317	448	171	311	116	109	312	341	360	110	303	497	196	258	248	284	302	94	269	491	270	312	
29	543	144	365	139	621	47	72	594	118	705	515	494	346	279	253	725	324	564	424	280	259	426	544	408	256	538	608	502	41	520	414	227	9999	128	652	571	438	587	572	554	565	444	367	388	331	501	58	437	473	423	185	541	306	425	273	588	434	245	674	658	191	54	395	382	702	428	456	625	518	388	405	52	525	287	41	336	276	224	342	461	139	328	49	377	492	30	186	75	330	477	293	152	161	128	88	166	24	589	173	528	574	33	356	249	465	124	523	417	469	242	432	116	594	341	514	614	572	472	537	187	340	533	128	253	194	608	418	504	676	386	448	291	344	496	460	519	348	538	699	392	334	200	459	454	231	438	722	225	331	
161	413	175	345	167	489	92	55	461	107	569	377	429	238	175	138	597	252	439	288	226	269	298	405	275	149	427	473	377	77	416	284	87	128	9999	514	438	309	455	433	426	430	306	316	353	193	366	126	328	363	285	52	402	167	314	150	458	319	141	544	520	202	100	319	285	573	293	429	487	403	344	302	156	444	195	171	214	182	135	238	333	234	210	75	305	372	169	134	43	196	441	155	17	113	208	34	125	151	466	178	395	459	148	351	114	412	185	405	278	337	111	350	116	474	306	379	492	434	442	400	106	225	443	42	244	56	471	390	389	542	255	355	173	205	381	377	417	209	400	578	270	268	198	348	354	119	329	587	226	299	
686	261	624	603	646	233	614	577	208	572	49	126	500	366	412	413	154	526	298	261	508	632	251	98	293	457	292	196	305	601	331	250	416	652	514	9999	231	234	119	110	172	198	197	518	569	323	213	630	323	396	232	458	114	339	394	414	146	374	433	147	1	610	610	449	452	151	219	618	18	372	543	356	666	444	479	690	337	430	465	377	295	734	398	599	531	338	693	523	568	341	597	354	493	532	710	554	569	675	320	631	151	376	672	639	395	535	681	350	226	264	404	427	582	346	555	142	216	71	616	187	491	350	400	532	593	450	41	597	272	85	274	472	377	298	372	426	443	299	149	237	352	540	632	308	358	460	323	86	602	560	
595	27	601	664	512	40	519	488	20	536	282	196	621	417	428	407	394	338	57	143	541	651	327	188	152	316	450	37	82	524	478	309	348	571	438	231	9999	313	308	119	339	24	216	589	643	241	72	574	426	170	171	403	147	276	187	288	336	167	432	377	240	606	549	534	252	387	263	708	226	136	619	444	605	583	314	618	366	451	461	429	103	615	242	511	325	112	608	512	487	231	698	281	411	510	583	484	434	583	82	486	291	135	574	692	356	641	552	113	205	91	372	530	546	107	613	258	415	185	712	56	472	391	547	432	614	373	236	678	412	323	315	249	386	268	141	541	206	241	97	463	178	347	478	424	472	334	427	326	612	614	
476	316	384	365	471	351	412	374	314	340	276	122	297	121	170	179	279	427	361	206	263	387	7	148	232	319	149	315	325	387	165	14	224	438	309	234	313	9999	139	217	106	283	87	282	335	181	236	404	102	385	153	246	175	169	356	274	139	342	195	225	236	367	386	218	385	254	43	394	205	392	310	124	440	260	362	468	96	187	226	133	283	553	296	394	456	347	479	283	361	217	380	187	295	297	525	340	404	467	394	468	81	427	466	399	184	320	498	377	113	258	187	208	349	416	315	81	178	173	396	247	256	106	229	343	348	257	183	367	104	231	43	438	141	120	378	217	450	149	212	262	290	445	478	101	148	308	103	282	358	319	
625	328	533	484	609	327	558	520	295	490	140	115	371	262	318	330	132	530	372	271	400	525	154	111	304	438	162	288	358	536	201	162	364	587	455	119	308	139	9999	180	43	273	160	399	448	294	257	554	202	440	224	393	152	296	425	392	18	406	345	82	116	513	536	327	471	109	153	492	97	430	421	239	590	314	472	618	246	333	376	272	332	696	396	540	548	388	628	432	508	324	470	314	439	446	667	489	537	615	400	601	49	448	613	521	330	408	639	410	198	300	335	302	499	426	439	71	97	113	489	247	406	253	270	484	487	398	75	473	144	82	191	508	291	248	423	299	498	264	203	151	368	547	608	185	232	433	202	135	500	445	
602	144	568	589	546	138	528	492	104	509	167	85	520	340	369	359	268	409	185	151	477	596	233	65	180	351	333	98	185	521	365	222	335	572	433	110	119	217	180	9999	216	84	137	508	562	230	93	560	327	275	137	383	31	255	274	311	208	254	382	247	119	563	537	446	333	259	178	621	99	253	537	352	594	474	367	614	298	391	414	353	175	645	287	515	412	218	612	470	486	240	607	267	409	475	613	476	467	591	211	527	171	263	585	622	325	547	583	232	149	144	337	434	519	237	539	142	287	56	623	66	433	318	435	442	558	366	106	595	299	196	237	352	329	225	252	441	324	214	30	333	235	423	526	320	370	359	328	207	562	542	
592	355	490	431	587	364	529	491	330	450	194	134	317	216	276	292	166	527	400	278	351	475	117	141	310	427	111	325	379	503	149	131	340	554	426	172	339	106	43	216	9999	305	157	346	394	284	279	516	150	455	227	363	181	279	434	381	26	417	306	110	169	467	500	274	474	140	136	438	148	450	368	187	552	261	465	582	208	289	334	225	347	669	393	510	549	407	594	390	477	317	416	297	412	406	642	456	518	583	430	582	40	474	582	469	300	354	615	431	194	316	304	248	459	455	386	75	72	151	435	275	367	210	218	459	438	373	125	419	90	130	159	518	253	230	441	245	515	252	231	150	373	544	591	132	178	418	150	186	452	393	
591	52	586	640	515	58	515	483	22	522	251	163	591	392	407	388	361	351	91	131	519	631	297	153	147	318	416	32	102	517	446	281	337	565	430	198	24	283	273	84	305	9999	188	563	617	228	54	564	396	193	150	391	112	262	204	286	301	183	412	342	208	589	540	506	267	353	234	682	192	164	593	415	597	551	321	611	342	430	443	404	111	617	246	506	344	135	603	495	480	224	671	269	404	495	585	475	437	579	116	491	257	168	571	669	341	613	554	142	181	89	356	500	533	142	589	224	380	151	686	26	455	366	515	428	594	364	201	652	379	289	288	273	365	248	166	511	235	224	63	428	184	362	485	393	441	333	397	294	593	590	
478	218	424	445	446	257	407	370	220	368	252	60	394	195	222	213	298	361	263	113	330	449	100	89	143	268	240	223	227	392	261	82	209	444	306	197	216	87	160	137	157	188	9999	366	420	125	138	424	200	293	61	250	97	133	268	222	175	252	236	253	203	417	402	308	307	277	36	484	169	296	396	217	459	359	302	482	150	243	268	208	188	537	226	392	382	251	485	325	360	153	472	150	285	331	507	346	371	468	295	435	108	329	464	476	187	414	478	280	27	161	198	302	378	318	394	78	240	118	487	151	289	172	327	327	410	243	154	454	197	233	91	352	182	90	283	314	356	96	121	315	206	378	440	200	246	265	201	273	414	396	
405	582	227	74	484	633	382	357	596	240	550	415	118	161	166	204	506	560	624	450	80	148	265	441	462	441	256	600	574	336	218	276	313	367	316	518	589	282	399	508	346	563	366	9999	43	371	506	302	186	606	408	277	466	336	563	414	381	557	184	450	518	182	303	61	562	479	321	114	490	629	21	151	328	164	494	363	212	145	174	149	526	517	467	361	607	586	395	178	337	403	117	343	328	203	502	309	453	403	657	502	356	676	411	112	269	87	488	621	373	510	254	96	241	675	34	370	358	466	123	526	199	187	191	369	123	322	467	79	250	486	265	631	204	319	610	115	670	354	498	431	498	578	524	203	161	414	186	542	150	44	
424	636	238	33	513	687	409	387	650	264	599	468	124	215	216	252	549	604	678	503	117	139	318	494	515	486	297	654	627	362	257	330	359	388	353	569	643	335	448	562	394	617	420	43	9999	423	560	320	236	656	462	319	520	387	613	461	429	608	231	494	569	190	325	110	610	522	375	66	542	681	15	203	341	184	539	377	266	195	217	203	579	538	515	389	652	638	411	209	368	454	79	393	367	233	525	340	489	422	709	534	407	725	432	72	317	78	514	673	426	564	302	138	263	724	37	422	400	518	79	580	237	241	219	405	127	365	518	28	296	533	318	679	256	372	662	150	720	406	552	468	549	622	558	251	206	458	235	589	156	45	
361	221	349	435	312	292	286	251	260	284	381	189	439	211	196	165	434	235	256	88	306	405	182	214	85	133	338	271	198	281	347	160	97	331	193	323	241	181	294	230	284	228	125	371	423	9999	164	325	265	224	82	151	203	26	183	87	308	176	189	388	330	356	301	333	199	413	137	496	298	248	403	263	358	423	171	375	158	218	216	221	150	408	105	274	265	206	371	262	246	26	494	29	168	259	377	237	236	349	287	299	240	297	344	458	107	445	347	241	89	144	123	344	294	301	385	212	364	241	504	197	221	184	401	201	369	126	286	461	294	369	141	259	156	53	228	364	289	21	196	444	117	253	304	275	309	129	267	406	364	384	
528	69	521	581	457	120	452	419	86	457	271	134	542	335	345	325	365	308	115	66	458	568	248	136	87	260	381	97	90	453	406	230	272	501	366	213	72	236	257	93	279	54	138	506	560	164	9999	500	348	175	88	326	98	197	171	225	283	150	349	338	222	525	475	453	229	354	184	627	198	161	537	364	532	507	269	547	284	368	379	346	71	559	191	443	308	121	540	431	416	160	618	204	339	430	527	411	379	516	147	435	228	185	509	609	276	561	496	142	123	41	291	450	468	170	530	194	359	145	632	25	391	308	474	366	531	299	200	596	341	293	233	250	303	185	155	462	230	160	53	418	134	321	432	348	395	273	350	309	530	531	
93	549	76	296	201	625	97	98	596	59	682	494	429	298	233	214	693	365	576	423	216	191	390	524	411	279	489	607	514	56	467	381	217	58	126	630	574	404	554	560	516	564	424	302	320	325	500	9999	388	496	414	166	526	295	448	286	552	454	200	637	635	123	15	334	412	667	401	387	602	538	321	354	25	464	319	56	298	226	174	293	470	207	345	84	419	508	82	128	88	332	409	285	154	105	197	81	211	92	603	232	495	594	102	287	226	399	191	541	401	473	215	373	53	611	273	486	571	553	404	533	140	297	475	150	184	190	584	350	458	645	353	481	253	325	516	400	548	336	530	657	406	378	259	410	400	251	389	694	157	264	
477	428	346	271	504	464	425	390	427	319	353	231	184	81	147	179	317	502	473	312	196	318	89	254	334	386	90	428	434	390	78	109	267	437	328	323	426	102	202	327	150	396	200	186	236	265	348	388	9999	488	261	266	285	241	454	345	186	442	182	260	322	317	377	115	475	290	154	287	295	499	209	28	423	150	435	455	110	152	203	84	391	570	380	404	538	454	475	252	372	302	270	256	323	272	546	347	447	470	506	508	161	537	472	308	217	209	524	486	221	367	212	96	326	528	226	179	177	276	287	360	239	93	125	373	281	294	272	264	61	291	115	533	145	201	484	104	554	236	325	260	387	521	524	11	35	367	0	346	298	232	
488	132	546	667	377	203	415	393	200	478	452	314	671	445	429	395	552	175	117	169	536	623	393	321	143	207	543	218	80	435	561	371	299	473	363	396	170	385	440	275	455	193	293	606	656	224	175	496	488	9999	222	352	284	259	38	203	464	37	418	524	405	565	470	568	89	540	332	727	384	39	637	492	521	649	178	524	391	451	440	455	97	479	142	414	150	48	505	477	399	192	725	252	336	467	449	405	308	475	126	345	404	92	464	686	331	679	419	54	262	129	347	576	487	120	617	369	537	331	732	198	437	418	622	337	591	309	386	695	499	479	362	69	391	282	21	594	55	246	238	602	96	180	331	494	534	234	490	493	580	615	
454	163	428	482	403	219	379	344	184	366	291	105	451	237	246	226	356	296	206	42	359	470	162	126	72	214	310	192	162	373	329	141	187	423	285	232	171	153	224	137	227	150	61	408	462	82	88	414	261	222	9999	237	110	107	197	170	243	181	251	316	240	428	390	357	236	338	99	530	209	228	439	272	447	422	241	466	185	269	282	249	119	500	162	367	313	183	463	334	338	98	522	119	260	336	469	328	325	442	239	387	178	266	437	510	182	467	438	214	29	96	196	358	376	259	431	145	311	151	535	115	295	210	392	294	432	218	199	498	266	288	139	280	204	86	214	372	286	66	105	383	134	312	389	264	307	217	262	320	432	431	
221	381	188	319	226	454	155	118	423	122	511	320	381	178	118	79	535	274	412	250	191	260	235	349	243	157	365	434	352	133	355	221	45	185	52	458	403	246	393	383	363	391	250	277	319	151	326	166	266	352	237	9999	350	119	305	140	396	306	87	482	463	202	143	269	288	511	233	396	430	388	306	243	200	390	209	221	151	130	92	179	305	298	200	137	323	352	225	115	104	164	405	111	46	103	271	85	174	211	442	233	333	442	209	331	53	369	247	387	225	304	48	297	132	453	274	319	428	379	408	359	76	163	386	96	230	36	413	357	326	481	193	359	110	150	366	323	412	160	353	515	251	291	251	286	295	128	268	527	217	269	
573	165	530	547	524	174	499	463	139	473	173	43	478	298	329	320	258	401	210	136	436	556	191	30	168	332	295	135	198	489	326	179	303	541	402	114	147	175	152	31	181	112	97	466	520	203	98	526	285	284	110	350	9999	224	276	290	179	256	343	229	122	524	503	403	330	245	136	579	94	269	494	310	561	434	354	582	256	350	375	311	178	621	273	485	409	229	581	432	456	218	565	238	379	437	590	444	446	561	238	507	134	286	556	580	289	505	560	248	113	146	301	392	483	264	497	103	257	37	581	84	396	276	396	415	517	336	92	552	259	185	195	357	289	190	264	399	338	182	40	311	229	416	508	279	329	338	286	207	522	500	
338	258	314	399	302	326	265	228	294	250	395	202	408	180	159	128	438	251	293	123	269	368	166	229	122	139	321	304	236	255	326	145	69	306	167	339	276	169	296	255	279	262	133	336	387	26	197	295	241	259	107	119	224	9999	217	95	306	211	152	389	345	319	272	300	226	416	133	461	312	284	367	235	329	395	185	348	127	182	179	188	188	393	129	251	286	243	347	226	221	57	460	7	144	223	363	210	229	327	324	294	239	334	322	421	70	411	334	278	101	180	86	313	260	339	348	215	357	257	469	229	185	153	376	183	332	101	298	425	277	376	123	289	121	39	265	335	324	30	223	440	151	270	302	253	283	128	243	417	327	347	
441	149	497	622	335	228	368	345	217	429	452	299	633	405	386	350	544	142	147	145	491	576	361	310	114	159	515	235	94	386	530	339	252	425	314	394	187	356	425	274	434	204	268	563	613	183	171	448	454	38	197	305	276	217	9999	155	446	10	373	512	404	517	422	527	54	530	303	688	379	82	594	456	473	614	133	477	352	407	394	415	88	437	94	366	129	68	458	430	350	149	687	209	287	419	406	357	263	429	163	304	384	138	418	641	286	639	376	91	234	120	302	538	439	162	573	350	517	324	696	200	390	378	589	289	544	261	379	651	471	472	327	73	348	244	60	557	97	208	235	586	56	150	292	461	499	186	455	491	533	570	
296	258	332	465	224	338	220	191	313	263	472	283	501	275	239	199	531	147	280	151	335	412	272	307	128	35	427	327	218	229	431	251	92	273	150	414	288	274	392	311	381	286	222	414	461	87	225	286	345	203	170	140	290	95	155	9999	405	158	219	486	421	351	260	390	139	511	234	537	390	242	445	335	314	495	79	323	227	258	236	282	177	324	50	214	186	211	310	266	192	61	541	78	123	254	292	194	145	284	306	206	337	298	276	481	135	498	261	244	185	187	149	409	273	313	418	310	460	332	548	261	226	250	479	134	381	95	380	499	383	465	229	209	208	143	220	432	261	118	273	541	109	165	208	358	385	37	346	500	368	414	
626	355	526	466	617	356	562	524	324	486	161	139	347	253	312	327	130	547	399	292	388	512	152	138	324	451	136	317	384	537	176	163	370	588	458	146	336	139	18	208	26	301	175	381	429	308	283	552	186	464	243	396	179	306	446	405	9999	429	341	75	142	504	535	309	490	104	162	470	126	455	402	223	588	288	488	617	243	326	371	262	355	700	413	543	567	413	628	426	511	339	447	324	443	442	673	490	546	617	428	610	57	475	616	504	333	385	646	436	214	324	337	282	495	453	422	87	68	141	467	274	402	247	244	490	475	404	104	453	122	94	192	530	288	257	447	277	522	276	230	129	388	564	619	167	212	445	186	150	489	429	
452	129	501	618	349	208	378	353	197	433	432	280	624	397	381	347	525	161	130	128	488	576	348	290	99	167	501	214	75	394	517	326	252	434	319	374	167	342	406	254	417	183	252	557	608	176	150	454	442	37	181	306	256	211	10	158	429	9999	370	493	383	519	428	520	74	511	289	682	359	73	589	446	480	603	147	486	343	403	392	407	68	452	98	375	150	51	468	430	358	143	681	204	292	420	421	363	276	439	148	319	366	129	429	638	283	631	390	78	219	100	299	529	442	149	569	332	500	304	690	179	389	370	577	297	543	264	359	646	457	453	316	91	342	235	51	548	103	198	214	568	48	170	308	449	488	193	444	471	533	567	
284	417	180	238	318	480	233	198	446	134	480	302	283	90	24	14	483	366	455	281	107	208	180	332	285	246	283	453	399	197	267	175	117	245	141	433	432	195	345	382	306	412	236	184	231	189	349	200	182	418	251	87	343	152	373	219	341	370	9999	426	437	170	186	171	368	456	203	307	404	446	215	153	236	293	299	267	88	32	21	88	350	378	274	212	412	406	283	79	181	216	312	155	143	90	355	154	272	277	486	328	288	497	279	258	76	273	334	441	225	341	60	199	143	501	189	282	360	361	318	377	50	86	291	191	171	129	383	270	249	438	148	437	45	153	426	226	481	181	360	446	311	384	348	204	203	220	183	488	170	186	
711	402	609	534	700	387	648	610	359	571	131	203	397	335	396	413	46	622	444	361	466	589	237	192	394	531	187	348	438	623	229	249	455	674	544	147	377	225	82	247	110	342	253	450	494	388	338	637	260	524	316	482	229	389	512	486	75	493	426	9999	139	585	621	378	561	19	246	527	142	508	468	299	673	333	565	701	329	409	455	344	416	765	488	629	638	469	713	510	597	417	501	407	529	526	750	576	630	702	469	694	140	521	701	573	419	440	727	488	291	384	423	346	580	495	493	165	86	183	522	322	487	331	287	575	552	490	130	515	190	54	278	595	374	340	504	336	578	357	278	79	457	639	700	239	278	527	260	98	568	500	
692	271	627	603	653	242	620	583	218	576	40	132	498	368	415	417	144	534	308	269	509	634	253	105	302	464	289	205	315	606	328	253	422	658	520	1	240	236	116	119	169	208	203	518	569	330	222	635	322	405	240	463	122	345	404	421	142	383	437	139	9999	613	614	448	461	142	223	617	22	382	543	356	671	441	487	695	340	433	468	379	304	741	407	605	540	348	698	526	574	349	596	361	499	536	716	559	576	681	330	638	151	386	678	640	400	534	688	360	233	273	409	426	586	356	556	145	211	78	615	196	495	353	397	539	595	457	42	596	270	77	278	482	381	303	381	425	453	305	158	229	361	549	640	308	357	468	323	77	605	561	
225	588	37	163	330	656	223	211	622	85	655	482	310	240	188	193	642	465	622	453	113	59	351	512	451	360	411	631	562	177	382	349	257	191	202	610	606	367	513	563	467	589	417	182	190	356	525	123	317	565	428	202	524	319	517	351	504	519	170	585	613	9999	134	231	495	615	382	255	581	601	195	279	141	355	408	176	263	170	138	231	515	340	412	206	517	564	211	83	194	375	278	317	225	87	331	171	324	225	652	357	458	655	236	154	239	274	324	599	405	510	223	271	79	664	147	458	505	541	271	554	123	250	374	247	53	245	560	218	389	605	325	566	224	331	579	296	623	354	540	587	463	480	383	339	315	330	318	658	24	136	
93	524	91	305	185	600	79	75	571	53	662	473	429	286	219	197	676	341	550	398	215	204	373	502	386	253	478	583	488	34	458	363	193	54	100	610	549	386	536	537	500	540	402	303	325	301	475	15	377	470	390	143	503	272	422	260	535	428	186	621	614	134	9999	330	387	651	382	395	581	512	324	344	47	460	293	71	281	215	162	282	444	203	319	63	394	482	87	122	62	307	415	261	128	97	189	55	189	89	577	214	477	568	96	299	204	401	179	515	379	448	194	368	52	585	278	466	557	531	411	509	127	282	470	125	193	165	563	357	445	627	335	456	236	303	490	395	522	313	506	643	380	354	240	399	391	225	378	675	167	269	
434	531	270	146	495	576	399	369	539	266	478	351	101	112	143	184	434	544	574	403	109	211	201	375	419	423	184	541	527	357	148	215	294	395	319	449	534	218	327	446	274	506	308	61	110	333	453	334	115	568	357	269	403	300	527	390	309	520	171	378	448	231	330	9999	535	406	262	165	421	587	83	83	364	119	476	399	166	129	173	102	481	541	438	378	587	543	427	198	350	368	154	311	325	223	522	322	453	430	607	508	287	631	436	185	245	100	505	576	319	462	233	30	270	627	105	302	286	400	168	470	206	139	133	371	180	310	397	139	177	414	209	600	172	275	569	55	633	311	439	360	461	562	528	131	88	399	115	470	204	113	
394	214	470	615	278	293	324	305	282	403	510	347	644	416	386	348	596	77	211	189	484	558	389	361	156	124	545	300	160	348	556	366	241	382	285	452	252	385	471	333	474	267	307	562	610	199	229	412	475	89	236	288	330	226	54	139	490	74	368	561	461	495	387	535	9999	581	335	686	435	139	594	471	434	631	84	434	364	406	385	424	148	380	86	325	68	133	411	413	314	161	689	213	259	399	349	324	212	381	224	245	425	192	370	630	283	645	319	152	270	178	297	550	411	220	567	392	558	378	696	261	375	389	611	251	528	242	432	649	500	525	350	60	352	263	119	571	126	228	292	630	92	85	231	485	518	154	476	547	514	564	
734	414	639	562	725	394	676	639	368	601	123	224	423	365	426	443	16	645	455	381	496	619	267	210	415	556	215	356	453	652	256	278	483	702	573	151	387	254	109	259	140	353	277	479	522	413	354	667	290	540	338	511	245	416	530	511	104	511	456	19	142	615	651	406	581	9999	273	554	150	523	496	329	702	357	589	728	358	439	485	374	434	778	511	658	659	485	737	540	626	441	527	434	557	556	764	605	656	728	479	720	168	533	727	602	447	467	750	502	315	401	452	374	610	505	522	190	112	198	548	335	517	361	312	603	582	518	143	542	220	54	307	612	404	367	519	363	593	383	292	84	478	661	723	269	307	553	290	83	599	529	
464	264	394	401	445	303	396	358	266	342	269	89	347	152	185	183	296	382	309	152	289	410	54	118	179	280	201	269	271	376	219	35	200	428	293	219	263	43	153	178	136	234	36	321	375	137	184	401	154	332	99	233	136	133	303	234	162	289	203	246	223	382	382	262	335	273	9999	438	190	338	350	170	437	314	319	463	111	205	235	164	229	532	249	379	408	293	469	293	347	171	426	151	275	302	503	329	373	454	341	438	95	374	452	433	169	368	475	323	59	204	176	256	351	363	350	75	216	147	441	198	260	130	283	320	372	235	171	409	157	238	48	386	148	84	324	268	396	105	167	297	238	400	446	155	200	272	155	284	378	353	
