NAME: d198Preorder
TYPE: ATSP
DIMENSION: 198
EDGE_WEIGHT_TYPE: EXPLICIT
EDGE_WEIGHT_FORMAT: FULL_MATRIX 
EDGE_WEIGHT_SECTION
9999	971	1002	1038	1071	1039	1006	1305	1328	1342	1357	1371	1384	1409	1376	1316	1334	1450	1492	1555	1606	1548	1508	1600	1636	1630	1610	1572	1534	1569	1547	1567	1602	1621	1697	1599	1580	1545	1673	1306	1372	1491	1508	1543	1594	1651	1689	1766	1798	1762	1724	1687	1649	1611	1561	1543	1492	1510	1561	1576	1629	1666	1833	1792	1720	1647	1593	1576	1528	1615	1546	1594	1611	1664	1701	1772	1790	1807	1879	1861	1771	1700	1682	1629	1579	1582	1648	1700	1735	1752	1876	1894	1856	1838	1821	1786	1735	1718	1667	1617	1855	1872	1923	1941	1977	2031	2050	2122	2119	2101	2083	2047	2029	2009	2074	2092	2108	2142	2159	2174	2124	2091	2191	2256	2288	2307	2331	2360	2352	2328	2318	2325	2336	2334	2349	2359	2384	2300	2250	2348	2357	2355	2362	2380	2378	2369	2361	2368	2377	2390	2401	2382	2376	2272	2283	2292	2305	2315	2332	2369	2381	2389	2420	2433	2452	2463	2109	2198	2276	2322	2392	2415	2521	2524	2526	2523	2529	2532	2537	2534	2527	2522	2528	2535	2538	2545	2542	2531	2525	2530	2533	2544	2546	2536	2540	2543	2541	2539	
971	9999	26	81	89	37	8	382	413	430	446	464	482	631	606	599	621	766	814	885	890	819	772	870	896	877	854	806	760	788	747	770	816	840	912	799	777	730	875	502	525	632	655	699	768	836	880	966	991	951	909	866	820	777	709	686	620	631	696	718	785	829	1018	965	882	794	729	707	643	750	655	718	740	804	849	933	952	973	1040	1019	921	836	815	751	688	681	764	825	868	889	1027	1048	996	978	958	919	859	837	776	713	986	1005	1053	1070	1105	1147	1162	1217	1209	1194	1180	1154	1137	1125	1153	1166	1177	1205	1219	1236	1182	1158	1237	1313	1377	1408	1463	1516	1484	1440	1419	1430	1450	1441	1462	1484	1564	1364	1277	1452	1474	1464	1486	1530	1520	1499	1477	1490	1511	1554	1594	1524	1502	1286	1302	1319	1336	1356	1394	1480	1516	1536	1641	1685	1750	1771	1240	1336	1367	1452	1617	1663	2453	2473	2474	2454	2477	2492	2501	2493	2469	2440	2470	2494	2502	2518	2512	2481	2461	2464	2483	2514	2520	2500	2510	2516	2515	2509	
1002	26	9999	26	37	8	37	339	366	382	399	413	430	565	539	532	555	693	743	814	819	749	699	798	825	806	783	736	688	716	677	699	747	770	846	730	707	660	806	437	465	570	590	632	699	768	813	903	931	888	844	798	754	709	642	620	561	572	631	653	718	764	958	903	816	729	664	643	584	686	596	655	676	740	783	870	891	911	981	959	858	772	751	688	626	621	700	764	805	825	969	988	939	919	899	859	795	776	713	656	930	947	995	1015	1053	1105	1118	1174	1167	1154	1137	1111	1097	1079	1112	1126	1137	1166	1177	1190	1143	1116	1193	1260	1313	1343	1397	1448	1419	1377	1355	1368	1387	1379	1398	1420	1498	1305	1233	1389	1411	1402	1423	1464	1455	1436	1415	1428	1447	1490	1533	1461	1440	1242	1255	1271	1286	1302	1336	1420	1453	1474	1577	1619	1685	1706	1191	1273	1304	1387	1550	1594	2427	2450	2452	2428	2455	2477	2486	2478	2445	2413	2446	2479	2487	2512	2506	2461	2432	2437	2464	2508	2514	2485	2504	2510	2509	2503	
1038	81	26	9999	8	37	89	306	327	339	352	366	382	502	476	468	490	621	670	743	749	676	627	727	755	736	711	664	617	647	609	629	677	699	777	660	637	594	738	372	404	512	531	570	632	699	746	836	866	820	777	731	686	642	581	561	504	516	572	591	653	696	896	839	751	664	603	584	529	622	542	596	613	676	718	804	825	849	921	900	793	709	688	626	572	569	640	700	743	764	909	930	879	859	837	795	735	713	656	600	870	890	940	958	995	1053	1070	1133	1125	1111	1097	1061	1044	1023	1065	1083	1099	1126	1137	1153	1104	1074	1156	1213	1260	1286	1333	1383	1355	1315	1296	1307	1324	1317	1336	1358	1433	1254	1192	1328	1349	1341	1362	1402	1393	1375	1355	1369	1387	1428	1468	1400	1380	1203	1215	1229	1242	1255	1286	1362	1394	1414	1516	1558	1619	1641	1149	1223	1250	1322	1482	1531	2399	2424	2425	2400	2428	2455	2468	2456	2419	2388	2420	2457	2470	2506	2496	2432	2405	2408	2437	2498	2508	2467	2489	2504	2503	2488	
1071	89	37	8	9999	26	81	268	292	305	318	334	349	494	470	470	492	623	671	744	744	671	623	721	749	727	703	656	609	635	596	617	664	688	765	647	623	580	723	362	388	494	512	553	614	683	730	822	853	806	761	713	669	623	562	542	483	494	551	570	632	678	880	820	731	642	581	561	504	601	516	572	591	653	696	785	807	829	903	882	773	685	664	603	547	542	613	676	718	740	891	911	858	836	815	772	709	688	626	572	848	868	919	939	978	1035	1056	1122	1113	1098	1081	1045	1024	1005	1046	1062	1080	1111	1124	1136	1086	1052	1139	1199	1243	1270	1314	1364	1333	1294	1274	1286	1305	1296	1315	1334	1410	1237	1175	1307	1324	1317	1336	1379	1370	1349	1328	1341	1362	1402	1443	1375	1355	1184	1196	1208	1219	1234	1263	1333	1369	1387	1490	1533	1594	1616	1140	1214	1236	1305	1462	1508	2399	2424	2424	2399	2426	2452	2466	2453	2417	2387	2418	2455	2468	2505	2495	2430	2403	2406	2434	2497	2507	2466	2488	2503	2503	2488	
1039	37	8	37	26	9999	26	305	334	349	366	385	402	558	534	534	557	695	744	816	816	744	695	793	819	798	775	727	680	707	664	688	736	760	834	716	693	647	793	429	449	553	574	614	683	753	799	891	918	875	828	783	738	692	623	603	542	551	610	632	699	746	946	888	798	709	642	620	561	664	572	631	653	718	764	853	875	896	965	946	839	751	729	664	603	596	676	740	783	804	952	973	921	900	879	836	772	751	688	626	909	930	978	996	1035	1091	1107	1163	1155	1140	1128	1098	1081	1062	1097	1111	1124	1152	1166	1178	1129	1102	1178	1243	1294	1323	1378	1429	1397	1355	1333	1344	1366	1355	1377	1396	1475	1283	1213	1368	1387	1379	1398	1441	1432	1411	1389	1402	1423	1464	1508	1436	1415	1219	1234	1247	1263	1275	1310	1391	1428	1447	1554	1594	1661	1683	1185	1267	1286	1369	1532	1574	2427	2451	2451	2427	2452	2475	2484	2476	2443	2412	2444	2477	2486	2511	2505	2459	2430	2434	2462	2507	2513	2484	2503	2509	2509	2503	
1006	8	37	89	81	26	9999	349	385	402	420	438	457	625	600	600	623	768	816	887	887	816	768	865	890	870	847	798	751	778	736	760	806	829	903	788	765	716	864	494	510	614	637	683	753	822	869	955	982	940	898	853	806	761	692	669	603	610	678	699	768	813	1006	951	866	777	709	686	620	730	631	696	718	785	829	916	938	958	1024	1004	903	816	794	729	664	655	740	804	849	870	1011	1031	981	959	941	900	836	815	751	688	969	988	1035	1056	1091	1134	1149	1206	1198	1183	1170	1140	1128	1113	1136	1152	1166	1191	1206	1221	1169	1141	1220	1294	1356	1388	1443	1497	1463	1420	1397	1408	1429	1419	1440	1461	1542	1339	1258	1430	1450	1441	1462	1506	1496	1474	1452	1464	1486	1530	1572	1499	1477	1263	1275	1292	1310	1328	1369	1452	1490	1511	1616	1661	1727	1749	1232	1325	1346	1435	1598	1641	2453	2473	2473	2453	2475	2490	2500	2491	2467	2439	2468	2492	2501	2517	2511	2480	2459	2462	2482	2513	2519	2499	2509	2515	2515	2509	
1305	382	339	306	268	305	349	9999	8	26	42	59	81	386	376	430	446	553	591	653	614	553	512	587	602	574	553	510	470	485	437	459	502	522	583	476	455	411	536	276	224	295	315	359	427	492	534	623	646	599	555	511	469	425	357	336	272	271	335	356	424	468	670	599	511	425	357	336	272	375	274	338	359	427	470	557	578	600	673	649	536	451	429	362	299	283	366	432	476	497	652	676	609	586	565	522	459	437	372	309	590	612	664	688	736	806	829	922	903	880	858	812	788	765	790	813	836	880	903	925	836	791	913	1004	1063	1092	1131	1165	1138	1110	1095	1101	1115	1107	1122	1134	1186	1040	953	1113	1128	1118	1133	1162	1154	1137	1125	1132	1146	1173	1200	1152	1136	947	966	984	1002	1019	1056	1122	1146	1160	1228	1261	1316	1336	975	1078	1059	1127	1233	1255	2336	2370	2368	2332	2366	2395	2410	2394	2357	2304	2356	2393	2409	2465	2442	2363	2324	2324	2363	2442	2465	2411	2447	2471	2472	2448	
1328	413	366	327	292	334	385	8	9999	1	8	26	42	345	339	399	413	516	553	610	574	512	474	546	559	531	510	470	428	443	395	416	459	481	539	432	411	366	494	240	184	251	274	315	382	448	492	578	599	555	511	469	425	380	313	293	223	222	292	312	380	424	621	555	469	380	313	293	223	330	226	295	315	382	427	512	534	557	625	603	494	407	386	318	256	238	323	390	432	455	606	627	565	544	522	481	416	395	329	269	548	569	617	640	688	760	783	877	858	834	812	765	741	716	746	768	790	836	859	880	791	748	872	965	1024	1056	1101	1134	1110	1076	1059	1065	1085	1073	1091	1107	1159	1001	914	1081	1098	1088	1105	1133	1125	1111	1097	1103	1116	1146	1173	1124	1111	912	931	947	966	984	1019	1094	1117	1132	1199	1228	1276	1296	932	1038	1018	1096	1202	1222	2311	2352	2348	2307	2344	2378	2395	2377	2327	2272	2326	2376	2393	2449	2423	2340	2299	2299	2340	2423	2449	2396	2429	2458	2460	2431	
1342	430	382	339	305	349	402	26	1	9999	1	8	26	327	321	382	399	499	534	591	553	494	455	525	538	510	491	449	407	421	372	395	437	459	518	411	390	345	473	223	164	226	251	295	359	427	470	557	577	533	490	446	403	357	293	272	202	200	271	292	356	402	599	533	446	357	293	272	202	309	203	274	295	359	404	492	512	534	603	580	473	386	362	299	231	214	302	366	411	432	583	606	544	522	502	459	395	372	309	247	527	548	596	617	664	736	760	854	834	812	788	741	716	693	722	746	768	813	836	859	769	724	850	946	1004	1035	1084	1121	1095	1059	1040	1048	1065	1056	1073	1091	1142	983	895	1062	1081	1070	1088	1118	1111	1097	1079	1088	1103	1132	1161	1111	1097	896	912	931	947	966	1002	1076	1105	1117	1186	1211	1261	1276	909	1017	998	1077	1187	1207	2295	2334	2330	2290	2329	2366	2385	2365	2316	2260	2315	2364	2383	2442	2416	2324	2283	2283	2324	2416	2442	2386	2421	2447	2448	2422	
1357	446	399	352	318	366	420	42	8	1	9999	1	8	309	305	366	382	482	516	572	532	474	434	504	518	491	470	428	388	401	350	372	416	437	497	390	366	323	451	208	143	203	226	274	338	404	448	534	555	511	469	425	380	336	272	248	177	176	247	271	335	380	576	511	425	336	272	248	177	289	181	251	274	338	382	470	492	512	580	558	451	362	340	278	208	195	283	345	390	411	561	583	522	502	481	437	372	350	290	224	505	527	574	596	640	711	736	829	812	788	765	716	693	670	699	722	746	790	813	836	748	702	827	925	985	1015	1063	1106	1076	1040	1019	1027	1048	1035	1056	1073	1130	962	875	1045	1062	1053	1070	1105	1097	1079	1061	1070	1088	1116	1146	1097	1080	877	896	912	931	947	984	1060	1089	1105	1172	1199	1245	1261	887	995	979	1059	1172	1191	2279	2320	2318	2274	2317	2359	2378	2357	2301	2241	2300	2356	2376	2436	2407	2314	2268	2268	2314	2407	2435	2379	2411	2438	2441	2414	
1371	464	413	366	334	385	438	59	26	8	1	9999	1	292	290	352	366	464	499	553	512	455	415	485	498	470	449	407	365	379	329	350	395	416	476	366	345	302	429	196	124	181	203	251	315	382	427	512	533	490	446	403	357	313	248	223	155	154	222	247	312	356	555	490	403	313	248	223	155	266	158	226	251	315	359	448	470	492	558	536	429	340	318	256	187	172	260	323	366	390	539	561	502	481	459	416	350	329	269	203	485	505	553	574	617	688	711	806	788	765	741	693	670	647	678	699	722	768	790	813	724	681	806	903	965	994	1046	1090	1059	1019	999	1007	1027	1016	1035	1056	1114	945	855	1024	1045	1033	1053	1088	1079	1061	1044	1054	1070	1103	1132	1080	1062	859	877	896	912	931	966	1042	1072	1089	1160	1186	1228	1245	864	975	958	1039	1159	1177	2266	2309	2305	2262	2302	2344	2366	2343	2285	2225	2284	2342	2364	2423	2398	2299	2255	2255	2299	2398	2423	2367	2402	2429	2431	2404	
1384	482	430	382	349	402	457	81	42	26	8	1	9999	276	274	339	352	446	482	534	494	434	397	465	478	449	428	388	345	357	309	329	372	395	455	345	323	283	407	184	107	158	181	226	295	359	404	492	511	469	425	380	336	293	223	202	131	129	200	222	292	335	532	469	380	293	223	202	131	243	134	203	226	295	338	427	448	470	536	515	407	318	299	231	165	152	238	302	345	366	518	539	481	459	437	395	329	309	247	184	464	485	531	553	596	664	688	783	765	741	716	670	647	623	655	678	699	746	768	790	702	659	783	882	946	976	1024	1071	1040	999	981	988	1007	996	1016	1035	1100	925	833	1005	1024	1015	1033	1070	1061	1044	1023	1034	1054	1088	1116	1062	1046	840	859	877	896	912	947	1023	1056	1072	1146	1172	1211	1228	840	953	938	1018	1142	1164	2252	2293	2289	2245	2286	2329	2359	2327	2271	2205	2269	2326	2356	2416	2391	2283	2235	2235	2283	2391	2416	2360	2396	2421	2422	2397	
1409	631	565	502	494	558	625	386	345	327	309	292	276	9999	2	62	59	124	164	224	202	131	83	176	202	181	158	112	68	98	74	91	131	152	224	124	107	77	196	81	110	112	107	107	131	173	208	287	315	279	242	206	176	152	131	129	142	165	154	155	172	196	345	305	242	195	177	176	187	192	208	200	202	214	235	290	303	318	385	366	292	247	238	223	226	256	248	260	278	287	382	400	366	352	339	315	290	283	272	274	370	385	430	444	476	525	542	613	609	589	572	538	522	506	569	584	599	631	649	667	615	588	692	770	824	854	900	943	927	891	874	888	904	903	920	937	998	845	774	918	936	935	948	982	980	964	948	964	979	1009	1041	993	980	837	850	862	875	887	912	971	994	1009	1083	1109	1144	1156	623	738	810	887	1022	1074	1996	2065	2063	1993	2063	2132	2176	2133	2040	1952	2041	2133	2177	2300	2256	2071	2000	2007	2078	2260	2304	2176	2250	2294	2296	2252	
1376	606	539	476	470	534	600	376	339	321	305	290	274	2	9999	42	44	131	172	238	222	154	105	202	226	208	187	142	98	131	107	124	164	184	257	158	141	110	227	62	107	131	129	134	164	206	242	315	345	309	276	240	208	184	158	155	158	181	177	181	203	227	376	336	276	224	203	202	203	217	226	223	226	247	268	318	334	349	416	400	321	278	269	251	248	274	274	290	306	315	413	430	400	385	370	345	315	309	295	293	402	416	462	476	506	555	572	647	640	621	604	569	552	536	600	614	631	665	683	701	650	619	726	803	859	885	931	973	956	923	904	920	937	936	950	967	1028	878	808	948	965	964	980	1010	1009	993	979	993	1008	1040	1069	1022	1009	870	881	894	905	918	944	1000	1024	1040	1108	1131	1165	1176	655	768	844	918	1053	1100	2019	2088	2087	2017	2088	2155	2196	2156	2064	1976	2065	2157	2197	2316	2271	2099	2027	2035	2105	2273	2318	2196	2265	2311	2312	2266	
1316	599	532	468	470	534	600	430	399	382	366	352	339	62	42	9999	1	105	154	222	238	172	131	224	257	248	227	192	158	192	184	196	223	240	305	227	213	195	290	107	184	223	222	226	247	279	305	366	400	365	336	309	287	269	251	248	251	274	272	274	290	306	430	400	345	309	295	293	295	308	315	313	315	329	345	390	402	416	476	462	397	357	350	338	336	359	359	372	388	396	478	492	469	457	445	425	401	395	382	380	475	487	529	542	569	613	631	704	701	683	665	631	614	600	675	689	704	736	752	768	725	697	798	870	918	943	984	1021	1010	980	964	979	993	993	1008	1022	1081	946	883	1009	1022	1024	1040	1067	1068	1055	1041	1057	1069	1096	1116	1085	1071	947	958	969	980	990	1013	1064	1086	1099	1150	1171	1203	1215	696	804	903	970	1095	1135	2017	2087	2089	2019	2092	2159	2200	2160	2070	1982	2071	2161	2203	2319	2275	2107	2037	2048	2117	2281	2323	2199	2266	2312	2311	2265	
1334	621	555	490	492	557	623	446	413	399	382	366	352	59	44	1	9999	81	129	200	214	152	110	203	235	227	208	173	143	176	172	184	208	223	290	213	203	187	276	124	196	226	223	223	238	268	292	349	382	349	321	298	278	260	248	247	256	278	271	272	283	297	413	385	335	302	293	292	299	304	318	312	313	323	337	376	390	402	462	446	386	350	345	336	338	362	357	366	379	388	464	478	457	445	434	416	395	390	380	382	465	475	516	529	555	599	613	685	683	665	648	614	600	586	660	675	689	719	736	752	710	684	783	854	902	928	967	1004	994	964	948	964	979	980	993	1008	1066	932	871	994	1009	1010	1024	1054	1055	1041	1026	1043	1057	1083	1107	1071	1059	939	947	958	969	980	1002	1053	1074	1086	1138	1162	1192	1203	676	783	886	953	1079	1126	1993	2063	2064	1995	2068	2137	2180	2139	2046	1959	2048	2140	2182	2307	2263	2084	2013	2024	2095	2267	2313	2179	2251	2296	2294	2250	
1450	766	693	621	623	695	768	553	516	499	482	464	446	124	131	105	81	9999	8	59	91	51	42	91	124	131	120	107	107	129	158	155	155	158	203	176	177	187	208	247	292	279	268	247	226	223	231	268	298	278	260	251	247	251	269	278	309	327	297	290	274	271	327	315	295	295	309	315	345	314	364	337	329	315	312	323	329	337	386	374	340	336	338	350	374	404	372	359	356	357	396	404	401	395	390	382	380	382	395	416	416	421	457	465	483	516	529	584	586	572	559	534	523	512	590	600	610	633	647	660	636	616	702	762	806	829	870	907	903	874	859	877	891	896	908	923	978	852	799	912	927	931	944	970	974	960	947	966	979	1003	1029	995	984	888	896	903	911	921	939	983	1002	1013	1074	1099	1130	1138	559	655	788	854	982	1045	1851	1919	1921	1852	1925	1996	2044	1998	1903	1816	1905	2000	2048	2210	2147	1942	1872	1884	1954	2157	2217	2043	2131	2194	2193	2130	
1492	814	743	670	671	744	816	591	553	534	516	499	482	164	172	154	129	8	9999	26	59	42	51	68	98	112	107	107	120	134	172	165	155	154	187	181	187	203	202	290	327	305	292	268	238	223	223	247	278	260	251	247	251	260	287	298	336	352	315	306	283	274	306	302	292	302	324	335	370	328	390	354	345	323	315	315	318	323	365	357	336	340	345	365	397	427	388	366	359	357	379	388	390	386	382	380	386	390	407	434	407	411	443	449	465	494	504	555	559	547	534	512	503	494	574	582	590	610	621	633	616	601	681	735	777	798	837	876	874	844	828	849	863	868	880	896	949	826	778	887	900	905	918	944	947	937	925	944	954	979	1003	973	960	875	880	888	896	903	921	960	980	990	1050	1074	1109	1118	525	613	757	819	947	1014	1802	1872	1874	1804	1878	1949	1996	1951	1856	1769	1858	1953	2000	2168	2104	1895	1824	1836	1907	2113	2178	1994	2086	2154	2152	2085	
1555	885	814	743	744	816	887	653	610	591	572	553	534	224	238	222	200	59	26	9999	42	59	91	62	81	107	112	131	158	164	208	196	172	165	176	203	213	242	203	350	386	349	334	305	268	238	226	226	256	248	248	256	269	287	321	336	382	399	352	339	306	290	283	293	299	324	357	370	413	357	430	390	376	345	329	313	312	313	345	340	338	357	365	397	433	464	415	388	372	366	362	366	380	380	380	386	401	407	434	469	402	403	429	432	443	465	474	516	523	512	503	485	478	470	553	559	567	582	590	600	594	583	650	696	735	755	790	826	828	801	788	808	820	828	842	855	908	793	753	850	862	870	881	905	912	901	890	909	921	944	966	940	930	858	864	869	875	880	896	933	947	958	1013	1037	1074	1086	476	559	713	772	900	972	1731	1799	1801	1732	1805	1878	1925	1880	1784	1695	1786	1882	1929	2104	2033	1824	1753	1766	1836	2044	2113	1923	2014	2086	2085	2013	
1606	890	819	749	744	816	887	614	574	553	532	512	494	202	222	238	214	91	59	42	9999	26	59	2	8	29	37	59	98	91	143	124	91	77	81	124	141	176	112	336	350	298	279	242	192	152	134	134	165	155	155	165	184	208	258	276	327	339	290	274	227	203	195	202	208	248	290	303	352	287	366	318	305	268	247	223	222	223	260	256	251	278	287	321	365	399	339	306	290	283	278	283	293	292	293	299	315	324	357	400	312	313	340	345	357	386	397	446	451	438	427	404	396	388	470	478	485	503	512	523	510	498	567	613	656	678	717	757	754	723	708	728	743	749	762	777	836	707	661	768	781	788	801	828	834	820	808	828	842	868	896	862	850	765	770	777	783	790	807	851	870	881	944	970	1010	1024	420	512	636	699	837	907	1732	1801	1799	1731	1800	1873	1920	1874	1778	1688	1779	1875	1922	2094	2022	1812	1741	1750	1821	2030	2101	1920	2013	2085	2086	2014	
1548	819	749	676	671	744	816	553	512	494	474	455	434	131	154	172	152	51	42	59	26	9999	8	11	37	37	29	29	47	51	91	77	62	59	98	89	98	124	107	272	290	242	223	192	152	131	131	164	196	172	158	154	158	172	208	223	276	290	242	227	195	181	227	214	200	214	248	260	303	249	318	279	268	238	226	226	231	238	287	278	248	256	260	287	321	352	306	283	274	272	297	306	302	299	295	292	299	302	324	357	318	323	357	365	386	420	433	491	492	478	464	438	427	415	494	503	512	534	547	559	536	519	597	656	701	726	768	810	802	770	754	772	788	790	806	821	883	745	691	810	824	828	844	874	877	863	849	868	880	908	937	900	887	783	790	798	807	816	836	884	905	918	984	1010	1054	1067	475	570	683	752	893	955	1803	1874	1872	1802	1873	1945	1991	1945	1850	1762	1851	1946	1993	2160	2094	1885	1812	1821	1893	2101	2165	1991	2085	2152	2153	2086	
1508	772	699	627	623	695	768	512	474	455	434	415	397	83	105	131	110	42	51	91	59	8	9999	44	68	59	47	29	29	42	68	62	62	68	124	81	83	98	120	223	247	206	192	164	134	131	142	192	223	196	172	158	154	158	184	196	240	258	213	203	181	176	258	235	203	203	224	235	276	228	292	257	247	226	222	238	247	257	309	298	256	248	251	269	298	327	290	274	271	272	315	327	315	309	302	295	293	295	309	335	329	337	374	386	407	446	462	522	521	506	492	464	451	438	512	523	534	559	572	586	557	536	620	685	734	760	803	847	836	802	786	803	819	821	837	854	915	772	713	840	856	859	874	903	904	891	877	896	908	937	965	927	912	798	807	816	825	836	859	908	931	944	1010	1040	1082	1096	512	610	716	788	929	987	1852	1921	1919	1851	1920	1991	2040	1992	1897	1808	1899	1993	2042	2201	2139	1932	1861	1868	1939	2145	2207	2040	2130	2193	2194	2131	
1600	870	798	727	721	793	865	587	546	525	504	485	465	176	202	224	203	91	68	62	2	11	44	9999	2	8	11	37	68	59	110	91	59	51	62	91	107	143	83	312	323	268	248	208	158	120	107	120	152	134	129	134	152	176	223	242	298	309	258	240	196	172	184	181	181	213	258	274	321	256	336	290	276	235	214	200	202	203	247	238	223	247	257	292	334	365	309	278	260	256	260	269	274	272	271	274	290	297	327	366	293	295	323	329	345	376	390	444	446	433	420	397	386	374	457	465	474	494	504	516	499	483	556	609	652	675	716	758	752	719	704	723	739	743	757	772	834	698	648	762	777	781	795	824	828	815	801	820	834	863	891	855	842	747	753	761	768	777	794	840	862	875	940	967	1009	1022	427	522	632	699	841	908	1758	1826	1824	1755	1824	1896	1944	1897	1800	1711	1801	1897	1945	2114	2044	1834	1763	1770	1841	2051	2121	1944	2037	2107	2110	2040	
1636	896	825	755	749	819	890	602	559	538	518	498	478	202	226	257	235	124	98	81	8	37	68	2	9999	2	11	44	83	68	120	98	59	47	42	91	110	152	68	336	340	278	257	213	158	110	89	89	120	107	107	120	143	173	227	248	306	315	260	242	192	164	152	155	165	208	258	276	327	254	339	290	274	227	203	177	176	177	214	208	203	235	248	290	336	366	305	268	247	238	231	238	248	247	248	256	278	287	321	365	271	272	299	302	315	345	357	413	416	402	390	364	354	345	428	436	444	465	475	487	471	457	527	577	617	641	682	723	717	685	670	689	704	708	723	739	800	665	616	728	743	749	762	790	795	781	768	788	801	828	859	820	808	716	723	730	738	746	764	808	828	842	908	937	980	993	397	494	600	665	807	877	1735	1804	1800	1731	1800	1873	1920	1873	1776	1686	1777	1873	1920	2090	2018	1808	1737	1744	1815	2024	2096	1920	2013	2085	2089	2017	
1630	877	806	736	727	798	870	574	531	510	491	470	449	181	208	248	227	131	112	107	29	37	59	8	2	9999	1	26	59	44	89	68	37	24	29	59	77	120	44	315	315	247	224	184	124	77	62	77	110	89	81	89	110	141	196	213	278	287	227	208	158	131	143	134	134	176	223	242	298	218	309	258	240	196	172	154	155	158	203	195	177	203	213	258	305	336	276	235	214	208	214	224	226	223	222	226	247	257	292	334	248	251	283	290	306	339	352	413	413	400	385	357	345	335	416	425	434	457	469	482	460	442	518	572	614	639	683	726	716	683	667	685	701	704	719	736	799	658	606	723	739	743	757	788	790	777	762	781	795	824	856	815	801	699	707	713	722	731	751	799	820	834	904	936	979	993	404	504	599	667	812	878	1761	1830	1825	1757	1824	1896	1944	1896	1800	1710	1800	1896	1944	2111	2041	1830	1759	1766	1837	2046	2116	1945	2039	2109	2113	2043	
1610	854	783	711	703	775	847	553	510	491	470	449	428	158	187	227	208	120	107	112	37	29	47	11	11	1	9999	8	42	29	68	51	24	11	37	47	59	98	42	295	295	224	203	164	107	68	59	91	124	98	83	83	98	124	176	196	257	268	208	192	143	120	158	142	131	164	206	223	279	203	292	240	223	184	165	155	158	165	213	203	176	195	203	242	290	318	260	224	208	203	224	235	231	226	223	223	238	247	279	318	251	256	290	297	315	352	366	430	429	413	400	370	357	345	425	434	445	469	482	495	469	451	530	586	631	657	701	746	734	699	683	701	717	719	736	752	816	671	614	739	754	757	772	803	806	790	777	795	810	840	871	828	815	707	713	722	731	741	762	812	834	849	920	948	993	1009	425	525	613	685	831	896	1785	1854	1850	1780	1849	1920	1968	1920	1824	1735	1824	1920	1968	2133	2064	1855	1783	1789	1861	2070	2139	1968	2062	2131	2135	2066	
1572	806	736	664	656	727	798	510	470	449	428	407	388	112	142	192	173	107	107	131	59	29	29	37	44	26	8	9999	8	2	37	24	8	11	59	29	37	59	51	251	251	184	164	124	77	59	68	124	158	124	98	83	83	98	141	158	213	227	173	158	120	107	192	164	131	142	176	192	242	176	258	208	196	165	155	165	172	184	242	227	181	181	187	213	258	290	235	208	202	200	248	260	247	238	231	223	226	231	257	292	260	269	306	315	339	382	399	464	462	444	429	400	385	370	445	457	469	495	508	522	490	469	553	614	665	692	739	783	770	734	716	734	751	752	768	785	852	698	638	770	786	788	803	836	837	821	806	824	840	871	902	859	844	722	731	741	751	762	784	838	863	877	948	979	1024	1041	465	567	649	723	871	931	1832	1902	1897	1828	1896	1968	2015	1967	1873	1783	1873	1968	2015	2177	2111	1902	1830	1837	1908	2116	2181	2016	2109	2175	2179	2113	
1534	760	688	617	609	680	751	470	428	407	388	365	345	68	98	158	143	107	120	158	98	47	29	68	83	59	42	8	9999	2	11	8	24	37	98	29	26	37	74	203	203	143	124	91	62	68	91	164	196	158	124	98	83	83	110	124	176	192	143	131	107	107	227	192	142	131	152	164	206	156	223	184	172	155	155	184	196	208	274	258	195	176	177	195	227	260	214	202	202	203	276	290	268	257	247	231	222	223	238	268	278	287	327	339	366	413	430	499	495	478	462	429	413	400	469	482	495	522	536	551	513	490	579	648	701	729	777	821	806	770	752	768	786	785	802	819	887	729	664	802	818	819	836	870	870	854	837	856	871	902	935	888	874	741	751	762	772	784	808	866	891	904	979	1009	1057	1071	504	609	685	762	909	964	1881	1949	1945	1877	1944	2015	2063	2015	1920	1831	1920	2015	2063	2217	2156	1950	1879	1885	1956	2160	2222	2064	2153	2215	2218	2157	
1569	788	716	647	635	707	778	485	443	421	401	379	357	98	131	192	176	129	134	164	91	51	42	59	68	44	29	2	2	9999	11	2	2	11	68	8	11	37	47	231	223	152	131	91	51	44	59	131	164	124	91	68	59	68	107	124	184	196	141	124	89	81	196	158	112	112	143	158	208	144	223	176	164	134	129	152	164	176	240	223	165	155	158	184	223	258	203	181	176	177	242	258	235	224	214	203	202	203	224	260	247	257	298	309	336	382	400	469	464	446	430	399	382	366	438	451	464	492	506	521	483	461	548	613	667	694	743	788	772	736	717	734	752	751	768	786	855	694	629	768	785	786	802	836	836	819	803	821	837	870	902	856	840	709	718	729	740	751	776	832	859	874	948	980	1026	1043	478	580	652	728	878	936	1859	1927	1922	1853	1920	1991	2040	1991	1896	1806	1896	1991	2040	2195	2132	1924	1853	1858	1929	2137	2200	2041	2132	2195	2200	2137	
1547	747	677	609	596	664	736	437	395	372	350	329	309	74	107	184	172	158	172	208	143	91	68	110	120	89	68	37	11	11	9999	1	26	42	107	11	2	2	68	195	176	98	77	47	26	47	77	165	195	152	110	74	51	42	59	74	131	143	91	77	59	68	224	176	110	81	98	110	158	102	173	131	120	105	112	158	173	192	260	242	164	131	129	142	176	208	165	154	158	165	258	276	242	227	213	195	177	176	187	213	248	260	305	318	349	402	420	494	487	469	451	416	400	382	446	462	476	506	522	538	493	466	560	632	689	718	768	815	795	757	739	754	772	770	788	806	877	709	638	786	803	802	819	856	854	836	818	836	854	886	920	870	854	707	718	730	743	755	781	844	871	886	965	996	1047	1061	510	617	675	755	906	957	1909	1977	1971	1903	1969	2041	2089	2040	1945	1855	1944	2040	2088	2231	2175	1971	1900	1904	1975	2178	2234	2090	2177	2233	2237	2181	
1567	770	699	629	617	688	760	459	416	395	372	350	329	91	124	196	184	155	165	196	124	77	62	91	98	68	51	24	8	2	1	9999	8	26	83	2	1	11	51	214	200	120	98	59	29	37	59	142	172	131	91	59	44	44	74	91	152	164	107	91	62	62	203	158	98	83	110	124	176	112	192	143	131	107	107	143	158	173	242	223	152	129	131	152	192	223	172	155	155	158	240	258	227	213	203	187	176	177	195	227	235	248	292	305	334	385	402	475	469	451	433	400	382	365	433	446	462	491	506	522	480	454	546	614	670	698	749	795	777	739	719	736	754	752	770	788	858	692	624	768	786	785	802	837	836	818	802	819	836	870	903	854	837	696	707	718	730	743	768	828	856	871	948	982	1029	1047	491	596	656	735	887	940	1885	1954	1948	1879	1945	2016	2064	2016	1920	1831	1920	2015	2063	2215	2153	1948	1877	1881	1952	2157	2218	2065	2156	2217	2222	2160	
1602	816	747	677	664	736	806	502	459	437	416	395	372	131	164	223	208	155	155	172	91	62	62	59	59	37	24	8	24	2	26	8	9999	1	44	2	11	44	24	260	247	165	142	98	47	26	37	98	131	91	59	44	44	59	110	131	195	203	143	124	77	62	164	124	83	98	141	158	213	137	227	173	158	120	107	120	131	143	206	192	134	134	142	176	223	258	196	165	155	154	208	223	203	195	187	177	181	187	213	258	214	224	268	279	305	349	366	438	433	416	400	365	349	336	407	420	433	462	476	491	454	430	518	583	632	660	708	755	739	701	683	699	717	716	734	752	819	660	598	734	751	752	768	802	802	786	770	788	803	836	870	821	806	678	686	696	707	718	743	799	824	840	918	948	996	1012	449	553	617	694	847	903	1837	1906	1900	1831	1897	1969	2016	1968	1873	1783	1873	1968	2015	2175	2109	1900	1828	1832	1904	2112	2178	2017	2111	2177	2181	2116	
1621	840	770	699	688	760	829	522	481	459	437	416	395	152	184	240	223	158	154	165	77	59	68	51	47	24	11	11	37	11	42	26	1	9999	29	11	29	62	11	283	271	187	165	120	59	29	29	77	110	74	51	42	51	74	131	152	214	224	164	143	91	68	143	110	81	110	158	176	235	154	248	192	173	131	112	112	120	131	192	176	131	142	152	192	242	276	208	172	158	155	196	208	195	187	181	176	187	195	227	274	208	214	257	268	292	334	349	420	416	400	382	349	336	321	397	407	420	446	462	476	441	419	504	568	614	642	689	735	719	683	665	682	699	699	716	734	802	646	587	717	734	736	752	785	786	770	754	772	788	819	854	806	790	669	678	686	696	707	730	785	810	824	902	935	982	996	428	531	600	675	825	885	1812	1883	1877	1806	1874	1945	1992	1945	1849	1759	1849	1944	1991	2153	2086	1877	1803	1808	1881	2090	2157	1993	2089	2156	2160	2094	
1697	912	846	777	765	834	903	583	539	518	497	476	455	224	257	305	290	203	187	176	81	98	124	62	42	29	37	59	98	68	107	83	44	29	9999	59	81	129	11	350	336	251	226	181	112	51	24	24	47	29	29	47	77	120	187	208	278	283	214	195	131	91	74	62	77	143	203	224	290	194	297	235	213	158	124	83	81	83	131	120	112	158	173	227	287	315	242	192	164	152	142	152	155	154	155	165	196	208	258	309	176	177	208	214	235	276	290	352	349	334	318	292	279	268	345	354	364	390	402	416	391	371	451	508	551	575	617	662	649	613	599	614	631	632	649	665	732	586	536	652	667	670	685	717	719	704	689	708	723	754	786	743	728	623	629	637	646	655	675	724	749	762	837	870	918	936	357	464	536	604	752	814	1744	1813	1805	1737	1802	1875	1922	1874	1778	1686	1777	1873	1920	2085	2013	1803	1731	1735	1806	2016	2088	1923	2018	2090	2097	2025	
1599	799	730	660	647	716	788	476	432	411	390	366	345	124	158	227	213	176	181	203	124	89	81	91	91	59	47	29	29	8	11	2	2	11	59	9999	1	26	29	247	223	134	112	68	24	11	37	112	142	98	59	37	26	37	77	98	165	172	110	91	51	42	172	124	68	68	107	124	184	104	196	141	124	89	81	110	124	141	208	192	120	107	112	143	192	223	164	134	129	131	206	223	196	184	172	158	155	158	184	223	203	213	260	276	303	352	370	445	438	420	402	366	349	334	402	416	430	461	476	492	448	423	514	584	636	665	713	762	743	704	685	701	719	717	736	754	823	659	592	734	752	751	768	803	802	785	768	786	802	836	871	819	803	664	675	685	696	709	735	794	821	837	918	950	999	1016	464	569	621	700	856	909	1864	1932	1925	1857	1922	1993	2042	1992	1897	1807	1897	1991	2040	2193	2130	1922	1851	1855	1926	2133	2196	2043	2135	2198	2204	2141	
1580	777	707	637	623	693	765	455	411	390	366	345	323	107	141	213	203	177	187	213	141	98	83	107	110	77	59	37	26	11	2	1	11	29	81	1	9999	8	44	224	202	112	89	51	11	24	51	134	165	120	77	47	29	29	59	77	142	152	91	74	44	44	195	143	77	62	91	107	164	90	176	124	110	83	83	124	141	158	227	208	131	105	107	131	173	206	152	131	131	134	223	242	208	196	184	165	154	155	172	208	213	227	276	290	318	370	390	465	457	438	420	385	366	349	416	430	444	476	492	508	463	435	530	600	656	684	735	782	762	723	704	719	739	736	754	772	843	675	606	752	770	768	786	821	819	802	785	802	818	854	888	836	819	675	685	696	709	721	749	810	837	854	936	967	1016	1032	485	590	640	721	877	929	1887	1956	1949	1881	1946	2017	2065	2016	1921	1831	1920	2016	2064	2214	2153	1947	1876	1879	1950	2156	2217	2066	2157	2218	2223	2161	
1545	730	660	594	580	647	716	411	366	345	323	302	283	77	110	195	187	187	203	242	176	124	98	143	152	120	98	59	37	37	2	11	44	62	129	26	8	9999	83	184	155	68	51	24	11	51	89	181	208	165	120	77	47	29	37	47	98	110	59	51	44	59	238	184	107	62	68	77	124	73	141	98	89	83	98	158	176	196	268	248	158	112	107	112	143	176	134	131	142	152	260	279	240	223	208	184	158	155	158	184	242	258	303	318	352	407	427	503	494	475	457	420	402	385	444	461	476	508	525	542	491	463	560	636	694	724	776	823	801	762	743	757	777	772	790	810	880	708	634	788	806	803	821	859	856	837	819	836	854	888	923	870	854	696	709	721	735	749	777	842	870	886	967	999	1050	1065	527	635	681	764	916	964	1934	2003	1996	1928	1993	2065	2112	2064	1969	1880	1968	2064	2110	2251	2193	1994	1922	1926	1997	2196	2253	2113	2198	2255	2258	2204	
1673	875	806	738	723	793	864	536	494	473	451	429	407	196	227	290	276	208	202	203	112	107	120	83	68	44	42	51	74	47	68	51	24	11	11	29	44	83	9999	315	295	202	177	131	62	11	1	44	68	37	11	11	37	68	134	158	226	231	165	142	77	47	98	59	44	91	152	172	238	142	247	184	164	107	77	62	68	77	141	124	81	110	124	176	235	268	192	143	120	112	143	158	142	134	131	131	152	164	206	260	158	165	203	213	242	290	305	376	370	352	336	303	290	276	345	357	370	400	413	429	393	369	458	521	569	595	640	688	670	632	614	631	649	648	665	683	753	595	537	665	682	683	699	734	734	717	701	719	736	768	802	754	739	614	623	632	642	653	676	732	757	772	854	886	937	953	395	502	555	626	780	839	1794	1864	1856	1787	1852	1923	1971	1922	1826	1736	1825	1921	1969	2130	2061	1851	1779	1781	1853	2063	2132	1972	2068	2137	2143	2074	
1306	502	437	372	362	429	494	276	240	223	208	196	184	81	62	107	124	247	290	350	336	272	223	312	336	315	295	251	203	231	195	214	260	283	350	247	224	184	315	9999	42	131	143	173	227	287	324	407	436	396	354	315	279	242	192	176	142	165	196	208	258	292	465	415	339	274	227	213	187	249	208	235	248	290	318	390	407	427	494	475	385	318	305	268	238	256	287	321	349	365	487	504	464	446	430	399	352	339	306	283	462	478	525	542	577	633	655	740	730	709	688	647	626	609	667	685	704	743	762	781	718	682	796	880	937	963	1008	1051	1030	995	979	990	1007	1003	1020	1037	1098	945	870	1016	1032	1029	1047	1077	1074	1059	1043	1057	1071	1100	1125	1085	1069	912	927	940	953	967	994	1058	1083	1097	1156	1179	1216	1231	761	875	925	997	1123	1157	2137	2197	2195	2135	2196	2253	2281	2253	2177	2095	2177	2254	2281	2376	2342	2204	2141	2146	2209	2346	2380	2280	2336	2371	2373	2338	
1372	525	465	404	388	449	510	224	184	164	143	124	107	110	107	184	196	292	327	386	350	290	247	323	340	315	295	251	203	223	176	200	247	271	336	223	202	155	295	42	9999	59	77	120	187	256	299	386	411	366	323	283	238	195	131	110	59	77	124	143	203	247	437	379	297	213	158	141	98	179	120	158	173	227	268	345	365	388	457	436	335	260	242	192	152	165	208	258	292	309	444	465	415	397	376	339	290	274	227	195	407	427	475	494	531	590	610	699	686	664	642	600	581	561	609	626	647	688	709	730	658	619	738	828	890	920	968	1012	987	949	932	944	960	954	973	990	1057	888	805	966	984	979	995	1030	1024	1007	990	1003	1020	1055	1087	1032	1016	840	856	871	886	902	935	1001	1029	1047	1119	1145	1182	1195	736	854	879	958	1096	1127	2143	2204	2199	2138	2197	2254	2281	2253	2177	2094	2176	2253	2281	2372	2337	2199	2136	2140	2203	2340	2375	2282	2339	2374	2377	2343	
1491	632	570	512	494	553	614	295	251	226	203	181	158	112	131	223	226	279	305	349	298	242	206	268	278	247	224	184	143	152	98	120	165	187	251	134	112	68	202	131	59	9999	1	26	81	154	200	292	313	272	223	177	131	83	29	11	2	11	24	37	89	134	338	278	187	98	47	37	29	62	44	51	59	110	152	238	260	283	350	329	224	143	124	77	59	83	98	141	176	196	337	357	306	287	268	227	173	158	120	105	298	315	364	386	425	485	504	587	574	553	532	494	474	455	499	516	534	572	591	610	544	509	616	709	772	804	858	907	879	837	816	828	850	842	862	881	951	769	684	855	875	868	887	925	918	900	880	896	912	947	984	927	908	723	739	754	770	786	818	893	923	940	1024	1060	1107	1120	627	749	762	849	996	1036	2058	2125	2119	2051	2115	2180	2220	2179	2091	1999	2090	2178	2218	2321	2278	2112	2042	2043	2113	2279	2322	2222	2285	2327	2330	2289	
1508	655	590	531	512	574	637	315	274	251	226	203	181	107	129	222	223	268	292	334	279	223	192	248	257	224	203	164	124	131	77	98	142	165	226	112	89	51	177	143	77	1	9999	8	59	129	176	271	293	248	202	155	107	62	11	2	11	24	11	24	68	112	315	256	165	77	37	29	37	50	51	44	51	91	131	214	238	260	329	309	203	124	107	68	62	89	89	124	158	176	315	337	287	268	248	208	158	143	112	107	279	298	345	364	404	465	485	567	553	532	512	474	455	434	482	499	516	553	572	591	527	493	599	688	751	783	836	886	859	816	795	808	828	820	842	862	934	750	666	834	855	849	868	905	900	880	863	877	896	931	966	908	891	708	723	739	754	770	802	876	904	923	1007	1043	1093	1107	606	724	740	825	977	1017	2035	2103	2096	2027	2092	2159	2200	2158	2066	1976	2065	2157	2197	2311	2265	2090	2017	2019	2091	2266	2312	2202	2271	2316	2318	2273	
1543	699	632	570	553	614	683	359	315	295	274	251	226	107	134	226	223	247	268	305	242	192	164	208	213	184	164	124	91	91	47	59	98	120	181	68	51	24	131	173	120	26	8	9999	26	81	129	222	248	202	155	107	62	29	1	2	44	51	11	8	37	68	274	208	120	47	26	29	59	36	74	44	42	59	91	172	195	214	290	269	164	91	77	59	77	110	81	98	124	141	278	297	248	227	208	173	131	120	105	120	242	260	309	327	364	425	444	525	512	494	474	434	415	397	446	464	482	516	534	553	493	461	564	647	709	741	793	844	816	776	755	768	788	781	801	820	895	711	630	795	815	810	828	868	863	844	824	840	859	896	931	874	856	681	694	708	723	739	770	841	871	888	974	1007	1060	1075	561	676	696	783	938	980	1986	2056	2049	1978	2044	2115	2159	2113	2019	1928	2017	2112	2157	2278	2230	2042	1970	1971	2043	2231	2279	2160	2237	2285	2289	2243	
1594	768	699	632	614	683	753	427	382	359	338	315	295	131	164	247	238	226	238	268	192	152	134	158	158	124	107	77	62	51	26	29	47	59	112	24	11	11	62	227	187	81	59	26	9999	26	59	154	177	131	83	44	11	1	29	44	107	112	51	37	8	24	203	142	59	26	47	59	120	45	131	74	59	42	51	110	131	152	224	203	107	62	59	77	124	158	98	81	89	98	213	235	192	173	158	131	107	105	120	158	192	206	258	276	309	364	386	465	455	434	415	376	357	339	399	413	430	464	482	499	444	414	513	589	647	678	730	779	755	713	694	708	728	723	743	762	835	658	585	739	757	754	772	810	806	788	770	786	803	840	877	819	802	643	655	667	681	694	723	789	818	836	923	956	1007	1024	497	606	633	718	877	924	1916	1984	1977	1909	1972	2044	2092	2043	1948	1857	1946	2042	2090	2230	2173	1970	1898	1900	1971	2175	2231	2094	2181	2237	2243	2187	
1651	836	768	699	683	753	822	492	448	427	404	382	359	173	206	279	268	223	223	238	152	131	131	120	110	77	68	59	68	44	47	37	26	29	51	11	24	51	11	287	256	154	129	81	26	9999	8	81	107	62	29	2	2	29	83	107	177	181	112	89	37	11	134	77	29	47	98	120	187	88	195	131	110	59	44	59	74	91	164	143	68	68	77	124	184	213	141	98	83	81	158	176	143	131	120	107	112	120	158	208	152	164	208	223	258	309	327	404	397	376	357	321	305	290	352	366	382	413	430	446	401	373	468	538	589	616	667	716	694	656	636	652	670	667	685	704	776	608	544	683	701	699	717	754	752	734	716	734	751	786	821	768	752	610	620	631	643	655	681	743	770	786	871	904	956	974	432	539	577	655	812	865	1845	1914	1906	1837	1901	1972	2020	1971	1876	1785	1875	1970	2017	2173	2107	1898	1826	1828	1900	2109	2175	2022	2116	2181	2187	2123	
1689	880	813	746	730	799	869	534	492	470	448	427	404	208	242	305	292	231	223	226	134	131	142	107	89	62	59	68	91	59	77	59	37	29	24	37	51	89	1	324	299	200	176	129	59	8	9999	42	62	29	2	2	29	62	131	155	223	226	158	134	68	37	89	47	29	77	142	165	231	130	238	172	152	91	59	44	51	59	124	107	59	91	107	164	224	257	176	124	98	89	124	141	120	112	107	107	131	143	192	248	134	142	184	196	223	276	292	364	357	339	321	290	274	258	327	339	352	382	399	413	373	349	440	506	555	581	626	675	656	617	600	614	632	631	649	667	738	577	520	648	665	665	682	717	716	699	683	701	717	751	786	736	719	594	603	610	620	631	655	711	739	754	836	871	923	940	390	497	542	613	769	824	1796	1867	1858	1789	1854	1925	1972	1923	1828	1737	1826	1922	1970	2130	2060	1851	1778	1780	1852	2062	2131	1974	2070	2139	2145	2077	
1766	966	903	836	822	891	955	623	578	557	534	512	492	287	315	366	349	268	247	226	134	164	192	120	89	77	91	124	164	131	165	142	98	77	24	112	134	181	44	407	386	292	271	222	154	81	42	9999	2	2	29	62	107	155	223	248	313	315	251	226	158	112	24	29	77	165	231	256	318	216	323	260	238	172	131	59	51	44	68	62	91	164	184	247	309	337	257	196	158	141	83	89	107	112	120	143	192	208	268	324	134	131	155	158	172	208	223	292	290	274	258	227	213	203	290	297	306	327	339	352	330	315	392	446	491	513	555	597	584	551	536	552	568	569	584	599	663	526	480	586	600	604	617	649	652	636	621	640	656	685	717	675	660	569	574	580	587	594	610	658	681	694	770	802	854	871	302	411	476	542	685	748	1702	1772	1763	1692	1758	1829	1878	1828	1732	1637	1731	1826	1875	2037	1965	1755	1681	1683	1757	1966	2038	1880	1975	2047	2054	1982	
