NAME: fri26Preorder
TYPE: ATSP
DIMENSION: 26
EDGE_WEIGHT_TYPE: EXPLICIT
EDGE_WEIGHT_FORMAT: FULL_MATRIX 
EDGE_WEIGHT_SECTION
9999	59	69	95	98	101	109	122	99	85	81	73	74	71	57	110	117	129	123	131	107	115	131	146	93	129	
59	9999	22	32	39	41	67	86	69	60	71	73	65	45	44	93	114	125	110	121	118	128	148	154	127	139	
69	22	9999	23	23	28	37	57	33	25	36	41	33	13	18	62	87	99	83	92	91	107	136	151	115	119	
95	32	23	9999	1	1	26	48	42	46	64	75	65	43	52	76	104	114	93	101	113	128	149	156	139	135	
98	39	23	1	9999	0	17	38	34	39	58	71	60	39	50	69	98	106	87	94	108	124	147	155	137	130	
101	41	28	1	0	9999	21	42	40	47	66	77	68	47	58	75	103	111	91	99	114	129	150	157	141	135	
109	67	37	26	17	21	9999	9	16	31	47	64	53	40	54	43	81	88	64	73	96	114	143	153	133	118	
122	86	57	48	38	42	9	9999	19	37	51	68	59	52	67	33	73	77	46	54	90	108	140	152	133	108	
99	69	33	42	34	40	16	19	9999	6	21	35	27	22	34	19	54	67	39	50	72	90	123	148	113	94	
85	60	25	46	39	47	31	37	6	9999	5	18	9	5	16	24	50	67	45	58	62	82	118	144	100	89	
81	71	36	64	58	66	47	51	21	5	9999	4	1	10	14	23	38	56	41	53	45	68	102	135	86	77	
73	73	41	75	71	77	64	68	35	18	4	9999	1	16	13	35	40	61	51	63	39	59	95	126	75	74	
74	65	33	65	60	68	53	59	27	9	1	1	9999	7	8	32	45	65	50	63	47	69	102	134	82	79	
71	45	13	43	39	47	40	52	22	5	10	16	7	9999	3	39	63	78	63	75	69	86	120	145	97	96	
57	44	18	52	50	58	54	67	34	16	14	13	8	3	9999	49	68	83	72	80	69	84	116	142	90	96	
110	93	62	76	69	75	43	33	19	24	23	35	32	39	49	9999	25	33	9	21	45	70	105	138	101	71	
117	114	87	104	98	103	81	73	54	50	38	40	45	63	68	25	9999	6	16	20	12	32	76	112	80	30	
129	125	99	114	106	111	88	77	67	67	56	61	65	78	83	33	6	9999	15	11	26	41	79	115	92	30	
123	110	83	93	87	91	64	46	39	45	41	51	50	63	72	9	16	15	9999	2	40	63	99	132	103	57	
131	121	92	101	94	99	73	54	50	58	53	63	63	75	80	21	20	11	2	9999	45	66	100	132	108	55	
107	118	91	113	108	114	96	90	72	62	45	39	47	69	69	45	12	26	40	45	9999	9	53	94	56	19	
115	128	107	128	124	129	114	108	90	82	68	59	69	86	84	70	32	41	63	66	9	9999	29	76	42	10	
131	148	136	149	147	150	143	140	123	118	102	95	102	120	116	105	76	79	99	100	53	29	9999	30	41	36	
146	154	151	156	155	157	153	152	148	144	135	126	134	145	142	138	112	115	132	132	94	76	30	9999	69	79	
93	127	115	139	137	141	133	133	113	100	86	75	82	97	90	101	80	92	103	108	56	42	41	69	9999	66	
129	139	119	135	130	135	118	108	94	89	77	74	79	96	96	71	30	30	57	55	19	10	36	79	66	9999	
EOF