NAME: gr120Preorder
TYPE: ATSP
DIMENSION: 120
EDGE_WEIGHT_TYPE: EXPLICIT
EDGE_WEIGHT_FORMAT: FULL_MATRIX 
EDGE_WEIGHT_SECTION
9999	513	413	273	572	388	311	211	443	545	531	778	612	236	166	70	391	379	451	368	589	319	489	132	490	248	504	129	59	109	380	113	645	238	484	432	606	318	689	222	355	428	484	301	164	332	303	367	426	339	584	635	552	272	351	309	589	577	193	133	49	585	610	621	482	351	620	540	457	226	296	251	554	198	272	33	627	190	547	476	269	454	633	424	354	247	240	689	375	274	630	154	564	229	696	225	766	405	575	613	486	442	387	508	171	508	413	514	609	425	145	450	421	502	545	214	411	414	348	100	
513	9999	86	220	169	330	299	333	103	487	59	295	411	620	556	429	603	730	781	644	55	708	131	426	818	262	136	518	486	499	769	503	904	260	426	337	313	254	262	332	499	573	759	590	554	617	293	213	643	585	112	895	92	363	262	458	276	848	583	380	443	328	207	108	757	740	327	811	732	295	315	361	255	458	662	508	167	580	818	129	659	44	320	366	743	637	498	163	270	403	891	544	46	619	200	433	281	575	554	877	188	165	148	368	391	265	689	786	87	231	497	292	697	209	24	292	797	632	146	490	
413	86	9999	127	116	219	211	240	67	376	106	315	458	520	456	336	510	638	691	551	162	609	113	333	729	169	74	425	393	406	670	410	823	167	315	226	230	166	233	239	406	480	667	497	461	524	170	106	550	492	159	813	80	253	178	365	213	759	483	287	350	245	154	155	665	641	244	722	640	202	191	268	178	365	562	408	161	480	729	46	559	21	257	255	644	537	405	250	159	257	808	451	125	519	230	340	301	482	309	792	90	58	84	257	298	210	596	697	170	124	404	181	604	126	118	199	701	539	58	397	
273	220	127	9999	353	169	118	92	150	326	238	488	531	386	316	189	363	491	544	404	296	469	196	186	583	21	211	278	246	259	530	263	681	19	265	213	387	73	470	92	259	333	520	350	314	377	85	103	403	345	291	671	259	122	132	218	370	613	343	140	203	366	391	328	518	501	401	576	493	55	74	121	335	218	422	268	334	340	583	183	419	161	414	205	504	397	258	396	156	162	666	304	271	379	403	192	474	335	356	649	180	134	95	289	151	289	449	550	316	206	256	231	457	283	252	52	561	392	56	250	
572	169	116	353	9999	237	473	351	181	310	213	201	565	685	615	488	669	793	845	709	171	767	227	449	877	311	21	577	545	558	824	562	949	343	333	244	147	292	96	398	565	639	821	656	613	683	254	198	708	651	266	944	58	298	208	524	86	902	642	439	502	162	17	100	819	796	131	871	795	339	268	427	65	524	720	567	47	639	877	49	717	116	130	273	799	696	564	218	177	287	941	603	114	678	116	352	187	641	216	928	118	136	221	215	456	156	754	851	144	141	416	145	762	60	207	350	854	698	184	549	
388	330	219	169	237	9999	289	167	307	150	344	449	702	501	431	304	485	613	666	526	421	584	349	259	705	127	236	393	361	374	645	378	799	159	89	38	218	260	354	214	381	455	642	472	429	499	70	92	525	467	397	789	308	108	18	340	254	734	458	255	318	195	275	348	640	616	241	698	615	155	84	243	219	340	537	383	295	455	705	236	534	261	298	29	619	512	380	466	32	97	784	419	364	494	364	162	435	457	158	770	151	140	277	106	272	144	571	672	403	90	226	78	579	167	362	166	676	514	238	365	
311	299	211	118	473	289	9999	187	167	446	228	567	396	163	354	227	189	317	370	230	375	373	154	225	409	148	295	258	284	297	453	293	507	121	385	333	507	24	590	68	85	159	346	176	210	203	204	268	229	171	243	497	338	241	252	44	490	439	381	178	241	486	511	407	344	435	521	402	319	149	197	63	455	146	217	306	413	210	409	267	296	240	534	325	363	210	120	475	276	281	492	290	350	256	482	311	553	161	476	475	387	230	110	409	139	409	275	376	395	326	315	351	283	403	331	147	420	218	132	288	
211	333	240	92	351	167	187	9999	263	324	351	563	600	370	300	120	387	515	568	428	409	453	309	92	607	42	334	262	230	243	514	247	705	51	263	211	385	163	468	112	279	357	544	374	298	401	83	147	427	369	404	695	382	39	130	238	368	637	327	57	187	364	389	451	542	485	399	600	517	18	58	141	333	238	406	252	409	324	607	306	403	274	412	203	488	381	278	509	154	79	690	288	384	363	478	109	549	359	354	673	265	195	208	287	133	287	473	574	429	204	93	229	481	281	365	22	545	416	169	234	
443	103	67	150	181	307	167	263	9999	464	40	371	390	351	486	359	377	505	558	418	181	561	25	356	597	192	139	448	416	429	641	433	695	190	403	314	279	122	298	262	273	347	534	351	398	391	223	194	417	359	91	685	142	293	303	232	301	627	513	310	373	333	219	211	532	623	293	590	507	225	245	213	266	296	405	438	217	458	597	134	484	44	345	343	551	398	308	279	247	333	680	474	154	444	286	363	357	349	531	663	192	146	36	345	321	298	463	564	199	212	427	269	471	214	100	222	608	406	76	420	
545	487	376	326	310	150	446	324	464	9999	501	481	848	658	588	461	642	769	818	683	494	740	506	416	856	284	309	550	518	531	798	535	932	316	49	161	145	417	333	371	538	612	795	629	586	656	227	249	682	624	554	924	381	265	175	497	227	880	615	412	475	126	285	407	793	772	168	850	771	312	241	400	229	497	694	540	341	612	856	314	691	418	245	104	775	669	537	525	197	254	921	576	437	651	396	319	467	614	79	909	308	297	434	104	429	161	727	824	462	247	383	189	735	234	519	323	828	671	395	522	
531	59	106	238	213	344	228	351	40	501	9999	365	333	412	574	447	438	566	619	479	120	622	51	444	658	280	146	536	504	517	702	521	755	278	440	351	327	183	330	347	334	408	595	425	459	452	311	233	478	420	34	745	136	381	303	293	310	688	601	398	461	342	251	205	593	684	341	651	568	313	333	274	275	357	466	526	211	459	658	143	545	64	354	389	612	459	369	228	284	421	740	562	126	505	280	451	351	410	568	723	202	185	97	382	409	307	524	625	167	251	515	337	532	153	39	310	669	467	164	508	
778	295	315	488	201	449	567	563	371	481	365	9999	716	881	819	697	864	958	988	896	212	944	417	694	1000	523	233	783	753	766	985	770	1013	528	545	456	310	522	181	600	766	836	980	852	817	873	466	410	895	848	418	1012	214	510	420	725	233	1005	846	648	710	336	189	166	979	966	292	997	960	551	480	629	245	725	911	775	133	843	1000	261	908	300	277	485	969	890	765	147	389	499	1010	807	228	875	74	564	4	838	386	1007	330	348	416	426	659	358	929	990	169	353	628	357	936	272	293	562	992	886	414	757	
612	411	458	531	565	702	396	600	390	848	333	716	9999	369	551	640	206	503	392	253	471	423	359	638	386	561	500	467	551	522	503	509	425	534	794	745	679	437	658	481	319	235	268	338	441	261	617	585	167	252	292	423	488	654	665	357	672	349	578	591	546	694	619	557	224	485	693	290	240	562	610	476	651	453	331	574	563	445	327	495	485	416	733	737	413	399	401	595	689	694	386	483	478	445	632	723	703	232	903	393	554	537	447	733	552	659	325	315	519	603	727	658	279	575	390	560	470	199	516	497	
236	620	520	386	685	501	163	370	351	658	412	881	369	9999	175	207	148	130	236	125	702	104	338	324	275	361	617	91	175	146	217	133	402	351	597	545	718	208	798	188	125	185	241	48	65	89	416	480	183	96	427	392	665	430	464	98	702	334	202	277	170	698	722	733	239	188	732	297	214	339	409	159	667	62	29	198	739	53	304	589	118	567	745	537	139	32	22	798	488	470	387	107	677	78	804	451	870	162	688	370	599	555	294	621	207	621	170	271	721	538	414	563	178	615	658	327	196	171	461	121	
166	556	456	316	615	431	354	300	486	588	574	819	551	175	9999	137	330	249	321	307	632	164	532	254	360	291	547	75	67	38	217	42	584	281	527	475	649	361	731	265	301	367	423	240	103	271	346	410	365	278	627	574	595	360	394	255	632	516	28	207	100	628	653	664	421	188	663	479	396	269	339	294	597	151	211	71	670	60	486	519	77	497	676	467	224	117	179	731	418	400	569	55	607	68	738	381	805	344	618	552	529	485	430	551	214	551	352	453	652	468	344	493	360	545	588	257	281	353	391	78	
70	429	336	189	488	304	227	120	359	461	447	697	640	207	137	9999	362	350	422	339	505	290	405	77	461	164	420	99	56	80	351	84	616	154	400	348	483	229	605	138	285	399	455	272	135	303	219	283	397	310	499	606	468	180	267	239	505	548	164	42	6	501	526	537	453	322	536	511	428	142	212	167	470	128	243	61	543	161	518	392	240	370	549	340	325	218	211	605	291	220	601	125	480	200	612	216	683	376	491	584	402	358	304	424	87	424	384	485	525	341	129	366	392	418	461	130	382	385	265	63	
391	603	510	363	669	485	189	387	377	642	438	864	206	148	330	362	9999	146	199	32	679	202	364	479	238	344	594	246	330	301	282	288	336	317	581	529	703	234	783	264	91	24	175	73	220	40	400	464	15	25	453	326	642	437	448	129	686	268	357	432	325	682	706	710	120	264	716	231	95	345	393	259	651	232	110	353	716	222	238	566	264	544	729	521	192	178	190	776	472	477	321	262	654	224	783	507	793	6	672	304	583	532	320	605	362	605	104	205	699	522	569	547	60	599	635	343	249	8	438	276	
379	730	638	491	793	613	317	515	505	769	566	958	503	130	249	350	146	9999	36	91	802	46	492	467	75	472	721	234	318	289	117	276	259	445	708	657	826	329	898	392	219	183	98	121	205	104	528	592	181	129	581	249	769	565	576	257	809	191	298	420	313	805	830	834	130	99	840	154	111	473	521	387	776	214	80	341	840	168	161	694	134	672	852	649	27	111	162	892	600	605	244	250	779	157	898	635	948	160	796	227	710	660	448	732	350	732	61	73	822	650	557	675	116	726	762	471	84	169	566	264	
451	781	691	544	845	666	370	568	558	818	619	988	392	236	321	422	199	36	9999	144	854	118	545	539	18	525	774	306	390	361	105	348	196	498	761	709	872	415	938	445	272	236	115	203	277	157	581	645	234	182	634	179	818	618	629	310	861	176	370	492	385	857	876	880	147	87	884	171	128	526	574	440	827	318	153	413	884	240	129	746	206	724	895	702	38	183	273	932	653	658	261	322	830	229	938	688	985	213	848	164	763	712	501	783	422	783	121	55	870	703	629	727	163	777	811	524	48	222	619	336	
368	644	551	404	709	526	230	428	418	683	479	896	253	125	307	339	32	91	144	9999	719	147	405	456	183	385	635	223	307	278	227	265	258	358	622	570	743	275	822	305	132	80	97	63	197	17	441	505	67	42	494	248	683	478	489	170	726	190	334	409	302	722	747	751	95	209	757	153	70	386	434	300	692	209	87	330	757	199	160	607	208	585	770	562	137	181	157	815	513	518	243	239	695	199	822	548	884	61	712	226	624	573	361	646	339	646	26	108	739	563	546	588	32	640	676	384	194	43	479	253	
589	55	162	296	171	421	375	409	181	494	120	212	471	702	632	505	679	802	854	719	9999	782	192	502	885	338	167	594	562	575	841	579	956	336	517	428	339	330	251	408	575	649	831	666	630	693	369	289	718	661	172	949	110	439	392	534	281	910	659	456	519	354	212	77	829	812	323	880	804	371	391	437	268	534	737	584	156	656	885	195	734	120	325	457	815	712	574	87	361	479	946	620	36	695	169	509	182	651	400	936	254	241	224	399	467	323	764	860	22	325	573	329	772	244	60	368	868	707	222	566	
319	708	609	469	767	584	373	453	561	740	622	944	423	104	164	290	202	46	118	147	782	9999	548	407	157	444	700	174	258	229	80	216	315	434	680	628	798	418	873	418	275	239	154	125	145	160	499	563	237	185	637	305	747	513	547	313	782	247	213	360	253	778	801	812	186	51	811	210	167	422	492	443	749	207	84	281	818	108	217	672	67	650	824	620	21	51	141	873	571	553	300	190	759	75	880	534	935	216	770	283	682	638	504	704	290	704	124	133	800	621	497	646	188	698	740	410	78	225	534	204	
489	131	113	196	227	349	154	309	25	506	51	417	359	338	532	405	364	492	545	405	192	548	9999	402	584	238	185	494	462	475	628	479	682	236	445	356	325	109	344	205	260	334	521	351	385	378	269	211	404	346	68	672	188	339	349	219	347	614	559	356	419	379	265	257	519	610	339	577	494	271	291	200	312	283	392	484	263	385	584	180	471	90	391	385	538	385	295	300	289	379	667	520	200	431	332	409	403	336	439	650	238	192	51	387	367	344	450	551	245	258	473	311	458	260	111	268	595	393	90	466	
132	426	333	186	449	259	225	92	356	416	444	694	638	324	254	77	479	467	539	456	502	407	402	9999	578	149	417	216	184	197	468	201	732	151	355	303	483	227	566	136	317	516	572	389	252	420	217	281	514	427	496	722	465	130	220	276	466	665	281	26	141	462	487	534	570	439	497	628	545	112	192	165	431	242	360	206	540	278	635	389	357	367	510	295	442	335	321	602	252	170	717	242	477	317	610	146	680	493	446	701	363	355	301	379	146	385	501	602	522	302	69	327	509	379	458	116	499	502	262	188	
490	818	729	583	877	705	409	607	597	856	658	1000	386	275	360	461	238	75	18	183	885	157	584	578	9999	564	809	345	429	391	144	387	173	537	797	748	906	454	964	484	311	275	108	242	316	196	620	684	273	221	673	156	856	657	668	349	891	136	409	531	424	888	908	912	141	126	916	165	138	565	613	479	864	357	192	452	916	279	106	783	245	763	924	740	77	222	312	958	692	697	255	361	867	268	964	726	995	252	880	141	799	751	540	820	461	820	124	54	902	741	668	766	173	814	850	563	87	261	658	375	
248	262	169	21	311	127	148	42	192	284	280	523	561	361	291	164	344	472	525	385	338	444	238	149	564	9999	253	253	221	234	505	238	662	6	223	171	345	115	428	73	240	314	501	331	289	358	43	107	384	326	333	652	301	80	90	199	328	594	318	115	178	324	349	370	499	476	359	557	474	16	32	102	293	199	397	243	369	315	564	225	394	203	372	163	479	372	239	438	114	120	647	279	313	354	438	150	509	316	314	630	181	155	137	247	132	247	430	531	358	164	214	189	438	241	294	27	536	373	98	225	
504	136	74	211	21	236	295	334	139	309	146	233	500	617	547	420	594	721	774	635	167	700	185	417	809	253	9999	509	477	490	760	494	896	251	332	243	158	250	138	323	490	564	750	581	545	608	206	142	634	576	199	888	36	297	207	449	128	839	574	371	434	173	59	111	748	731	172	802	723	286	227	352	106	449	653	499	79	571	809	7	650	74	172	272	734	628	489	220	176	286	883	535	110	610	148	351	219	566	215	870	66	94	179	214	382	138	680	778	140	140	415	144	688	54	168	283	788	623	142	481	
129	518	425	278	577	393	258	262	448	550	536	783	467	91	75	99	246	234	306	223	594	174	494	216	345	253	509	9999	42	35	235	13	500	243	488	437	611	265	694	169	199	283	339	156	19	187	308	372	281	194	589	490	557	322	356	153	594	432	102	169	62	590	615	626	337	206	625	395	312	231	376	172	559	58	127	98	632	84	402	481	123	459	638	429	209	102	77	694	380	362	485	11	569	84	701	343	771	260	580	468	491	447	392	513	98	513	268	369	614	430	381	455	276	507	550	219	266	269	354	14	
59	486	393	246	545	361	284	230	416	518	504	753	551	175	67	56	330	318	390	307	562	258	462	184	429	221	477	42	9999	5	319	8	584	211	457	405	579	291	662	195	301	367	423	240	103	271	276	340	365	278	556	574	525	290	324	255	562	516	94	137	26	558	583	594	421	290	593	479	396	199	269	224	527	118	211	10	600	129	486	449	155	427	606	397	293	186	179	662	348	330	569	55	537	168	669	311	739	344	548	552	459	415	361	481	144	481	352	453	582	398	274	423	360	475	518	187	350	353	322	8	
109	499	406	259	558	374	297	243	429	531	517	766	522	146	38	80	301	289	361	278	575	229	475	197	391	234	490	35	5	9999	290	3	555	224	470	418	592	304	675	208	272	338	394	211	74	242	289	353	336	249	570	545	538	303	337	226	575	487	65	150	43	571	596	607	392	261	606	450	367	212	357	237	540	113	182	22	613	100	457	462	143	440	619	410	264	157	150	675	361	343	540	26	550	139	682	324	752	315	561	523	472	428	373	494	157	494	323	424	595	411	362	436	331	488	531	200	321	324	335	21	
380	769	670	530	824	645	453	514	641	798	702	985	503	217	217	351	282	117	105	227	841	80	628	468	144	505	760	235	319	290	9999	277	395	495	740	689	857	498	922	479	355	319	234	226	206	240	560	624	317	265	716	385	804	574	608	393	841	327	266	421	314	837	861	869	266	8	868	290	247	483	553	523	806	268	185	342	872	169	297	732	119	710	878	681	69	164	254	922	632	614	380	251	816	130	926	595	977	296	827	363	742	699	584	764	351	764	204	181	860	682	558	706	264	758	798	471	56	305	605	265	
113	503	410	263	562	378	293	247	433	535	521	770	509	133	42	84	288	276	348	265	579	216	479	201	387	238	494	13	8	3	277	9999	542	228	473	422	596	300	679	204	232	325	381	198	61	229	293	357	323	236	574	532	542	307	341	186	579	474	69	154	47	575	600	611	379	248	610	437	354	216	361	207	544	91	169	37	617	87	444	466	115	444	623	414	251	144	110	679	365	347	527	9	554	126	686	328	756	302	565	510	476	432	377	498	133	498	310	411	599	415	366	440	318	492	535	204	308	311	339	15	
645	904	823	681	949	799	507	705	695	932	755	1013	425	402	584	616	336	259	196	258	956	315	682	732	173	662	896	500	584	555	395	542	9999	635	885	842	976	552	1003	582	409	373	140	340	474	294	717	779	371	319	770	21	932	754	765	447	963	63	611	686	579	959	978	981	180	377	983	133	205	663	710	577	940	486	364	607	983	476	77	872	403	856	987	834	305	380	434	1002	786	791	153	516	941	426	1003	820	1011	350	951	11	887	845	638	906	616	906	217	154	973	835	818	859	240	901	926	661	362	359	755	530	
238	260	167	19	343	159	121	51	190	316	278	528	534	351	281	154	317	445	498	358	336	434	236	151	537	6	251	243	211	224	495	228	635	9999	255	203	377	81	460	46	213	287	474	304	279	331	74	138	357	299	331	625	299	111	122	172	360	567	308	105	168	356	381	368	472	466	391	530	447	13	67	75	325	172	387	233	374	305	537	223	384	201	404	195	469	362	212	436	146	151	620	269	311	344	443	181	514	289	346	603	257	189	134	279	105	279	403	504	851	196	168	221	411	273	292	11	526	346	95	215	
484	426	315	265	333	89	385	263	403	49	440	545	794	597	527	400	581	708	761	622	517	680	445	355	797	223	332	488	457	470	740	473	885	255	9999	74	141	356	324	310	477	551	737	568	525	595	166	188	621	563	493	877	404	204	114	436	218	826	554	351	414	118	272	444	735	711	164	790	710	251	180	339	216	436	633	479	391	551	797	332	630	357	241	43	714	608	476	562	136	193	872	515	460	590	460	258	531	553	70	861	247	236	373	59	368	116	667	767	499	186	322	135	675	263	458	262	771	610	334	461	
432	337	226	213	244	38	333	211	314	161	351	456	745	545	475	348	529	657	709	570	428	628	356	303	748	171	243	437	405	418	689	422	842	203	74	9999	156	304	316	258	425	499	686	516	473	543	114	99	569	511	404	832	315	152	62	384	210	776	502	299	362	133	240	355	684	660	179	741	659	199	128	287	184	384	581	427	302	499	748	243	578	268	233	36	663	556	424	473	46	141	827	463	371	538	371	206	442	501	96	810	120	147	284	47	316	85	615	715	410	120	270	40	623	174	369	210	719	558	245	409	
606	313	230	387	147	218	507	385	279	145	327	310	679	718	649	483	703	826	872	743	339	798	325	483	906	345	158	611	579	592	857	596	976	377	141	156	9999	404	162	432	599	673	854	690	647	716	288	198	742	685	380	968	215	332	242	558	56	926	676	473	536	3	117	239	852	829	4	900	828	373	302	461	61	558	754	601	173	673	906	163	751	251	79	172	832	729	598	357	194	321	964	637	282	711	225	386	296	675	51	950	152	198	323	91	490	54	785	878	294	141	450	114	793	83	345	384	881	731	284	583	
318	254	166	73	292	260	24	163	122	417	183	522	437	208	361	229	234	329	415	275	330	418	109	227	454	115	250	265	291	304	498	300	552	81	356	304	404	9999	409	75	130	204	391	221	255	248	175	208	274	216	198	542	293	212	223	89	387	484	388	180	248	426	330	362	389	480	418	447	364	125	168	70	352	153	262	313	368	255	454	222	341	195	431	296	408	255	165	430	247	252	537	297	305	301	437	282	508	206	447	520	231	185	65	380	141	349	320	421	350	251	274	290	328	300	286	123	465	263	87	295	
689	262	233	470	96	354	590	468	298	333	330	181	658	798	731	605	783	898	938	822	251	873	344	566	964	428	138	694	662	675	922	679	1003	460	324	316	162	409	9999	515	682	755	920	772	729	796	371	315	821	767	383	1001	155	415	325	641	85	984	758	556	619	188	58	140	919	901	144	958	900	456	385	544	120	641	833	684	74	755	964	166	830	233	82	390	903	808	681	258	294	404	999	719	194	791	96	469	167	757	238	994	235	253	338	278	573	210	865	942	195	258	533	255	870	172	287	467	944	810	301	666	
222	332	239	92	398	214	68	112	262	371	347	600	481	188	265	138	264	392	445	305	408	418	205	136	484	73	323	169	195	208	479	204	582	46	310	258	432	75	515	9999	160	234	421	251	186	278	129	193	304	246	400	572	371	166	177	119	415	514	292	89	152	411	436	440	419	450	446	477	394	74	122	8	380	105	227	217	446	289	484	295	368	273	459	250	453	346	145	508	201	206	567	201	383	328	515	236	586	236	401	550	312	261	207	334	50	334	350	451	428	251	226	276	358	328	364	72	510	293	168	199	
355	499	406	259	565	381	85	279	273	538	334	766	319	125	301	285	91	219	272	132	575	275	260	317	311	240	490	199	301	272	355	232	409	213	477	425	599	130	682	160	9999	61	248	78	191	105	296	360	131	73	349	399	538	333	344	25	582	341	328	270	274	578	603	607	246	333	613	304	221	241	289	121	547	133	119	306	613	183	311	462	269	440	626	417	265	183	93	675	368	373	394	235	550	229	682	403	752	63	568	377	479	428	216	501	186	501	177	278	595	418	407	443	185	495	531	239	322	120	335	247	
428	573	480	333	639	455	159	357	347	612	408	836	235	185	367	399	24	183	236	80	649	239	334	516	275	314	564	283	367	338	319	325	373	287	551	499	673	204	755	234	61	9999	212	85	257	61	370	434	47	37	423	363	612	407	418	99	656	305	394	469	362	652	677	681	210	301	687	268	185	315	363	229	621	269	147	390	687	259	275	536	301	514	700	491	229	215	227	748	442	447	358	299	624	261	755	477	822	1	642	341	553	502	290	575	399	575	141	242	669	492	606	517	105	569	605	313	286	57	408	313	
484	759	667	520	821	642	346	544	534	795	595	980	268	241	423	455	175	98	115	97	831	154	521	572	108	501	750	339	423	394	234	381	140	474	737	686	854	391	920	421	248	212	9999	179	313	133	557	621	210	158	610	130	795	594	605	286	838	72	450	525	418	834	858	862	23	216	867	44	34	502	550	416	803	325	203	446	867	315	42	722	242	701	875	678	144	219	273	915	629	634	134	355	806	265	920	664	970	189	824	108	739	689	477	761	455	761	56	37	851	679	662	704	69	755	788	500	201	198	595	369	
301	590	497	350	656	472	176	374	351	629	425	852	338	48	240	272	73	121	203	63	666	125	351	389	242	331	581	156	240	211	226	198	340	304	568	516	690	221	772	251	78	85	179	9999	130	25	387	451	109	27	440	330	629	424	435	105	673	272	267	342	235	669	694	698	177	197	704	235	152	332	380	246	638	115	20	263	704	122	242	553	174	531	716	508	148	88	46	765	459	464	325	172	641	134	772	494	839	62	659	308	570	519	307	592	211	592	108	209	686	509	479	534	116	586	622	330	205	102	425	186	
164	554	461	314	613	429	210	298	398	586	459	817	441	65	103	135	220	205	277	197	630	145	385	252	316	289	545	19	103	74	206	61	474	279	525	473	647	255	729	186	191	257	313	130	9999	161	344	408	255	168	474	464	593	358	392	145	630	406	130	205	98	626	651	662	311	177	661	369	286	267	337	138	595	600	101	126	668	16	376	517	95	495	674	465	180	65	69	729	416	398	459	35	605	55	736	379	803	234	616	442	527	483	341	549	115	549	242	343	650	466	342	491	250	543	586	255	237	243	390	49	
332	617	524	377	683	499	203	401	391	656	452	873	261	89	271	303	40	104	157	17	693	160	378	420	196	358	608	187	271	242	240	229	294	331	595	543	716	248	796	278	105	61	133	25	161	9999	414	478	75	10	467	284	656	451	462	143	700	226	298	375	266	696	720	724	131	222	730	189	106	359	407	273	665	173	51	294	730	163	196	580	205	558	743	535	150	119	121	789	486	491	279	203	668	165	796	521	864	46	686	262	597	546	334	619	303	619	62	163	712	536	510	561	70	613	649	357	207	63	452	217	
303	293	170	85	254	70	204	83	223	227	311	466	617	416	346	219	400	528	581	441	369	499	269	217	620	43	206	308	276	289	560	293	717	74	166	114	288	175	371	129	296	370	557	387	344	414	9999	43	440	382	364	707	332	62	33	255	271	650	373	170	233	267	292	401	555	531	302	613	530	71	2	158	236	255	452	298	312	370	620	178	449	234	315	106	534	427	295	469	57	93	703	334	344	409	381	136	452	372	257	686	117	91	167	190	188	190	486	587	389	107	200	132	494	184	325	82	591	429	128	280	
367	213	106	103	198	92	268	147	194	249	233	410	585	480	410	283	464	592	645	505	289	563	211	281	684	107	142	372	340	353	624	357	779	138	188	99	198	208	315	193	360	434	621	451	408	478	43	9999	504	446	286	771	199	126	51	319	215	713	437	234	357	211	236	309	619	595	212	677	594	135	64	222	180	319	516	362	256	434	684	114	513	148	259	128	598	491	359	427	32	130	766	398	240	473	325	200	396	436	200	749	53	27	139	148	252	134	550	651	285	29	264	72	558	128	245	146	655	493	100	344	
426	643	550	403	708	525	229	427	417	682	478	895	167	183	365	397	15	181	234	67	718	237	404	514	273	384	634	281	365	336	317	323	371	357	621	569	742	274	821	304	131	47	210	109	255	75	440	504	9999	61	493	361	582	477	488	169	725	303	392	467	360	721	746	750	153	299	756	266	128	385	433	299	691	267	145	388	756	257	273	606	299	584	769	561	227	213	225	814	512	517	356	297	694	259	821	547	883	44	711	339	623	572	360	645	397	645	139	240	738	562	604	587	90	639	675	383	284	13	478	311	
339	585	492	345	651	467	171	369	359	624	420	848	252	96	278	310	25	129	182	42	661	185	346	427	221	326	576	194	278	249	265	236	319	299	563	511	685	216	767	246	73	37	158	27	168	10	382	446	61	9999	435	309	624	419	430	111	668	251	305	380	273	664	689	693	156	247	699	214	131	327	375	241	633	180	68	301	699	170	221	548	222	526	711	503	175	136	138	760	454	459	304	210	636	182	767	489	834	14	654	287	565	514	302	587	310	587	87	188	681	504	517	529	95	581	617	325	232	54	420	224	
584	112	159	291	266	397	243	404	91	554	34	418	292	427	627	499	453	581	634	494	172	637	68	496	673	333	199	589	556	570	716	574	770	331	493	404	380	198	383	400	349	423	610	440	474	467	364	286	493	435	9999	760	189	434	356	308	363	703	654	450	513	395	304	258	608	699	394	666	583	366	386	289	328	372	481	579	264	474	673	196	560	117	407	433	627	474	384	289	337	474	755	615	179	520	333	504	404	425	621	738	255	238	148	435	461	360	539	640	220	304	568	359	547	276	91	363	684	482	217	560	
635	895	813	671	944	789	497	695	685	924	745	1012	423	392	574	606	326	249	179	248	949	305	672	722	156	652	888	490	574	545	385	532	21	625	877	832	968	542	1001	572	399	363	130	330	464	284	707	771	361	309	760	9999	924	744	755	437	954	64	601	676	569	951	971	974	178	367	978	131	203	653	701	567	931	476	354	597	978	466	75	867	393	847	985	824	295	370	424	998	777	782	152	506	934	416	1001	810	1009	340	945	12	879	835	628	897	606	897	207	139	965	825	808	850	238	892	920	651	352	349	745	520	
552	92	80	259	58	308	338	382	142	381	136	214	488	665	595	468	642	769	818	683	110	747	188	465	856	301	36	557	525	538	804	542	932	299	404	315	215	293	155	371	538	612	795	629	593	656	332	199	582	624	189	924	9999	354	279	497	165	880	622	419	482	241	96	54	793	777	210	850	771	334	354	400	144	497	701	547	60	619	856	64	698	71	209	344	780	676	537	163	248	343	921	583	53	658	129	408	200	614	287	909	123	151	187	286	430	210	727	824	83	212	472	216	735	126	137	331	835	671	185	529	
272	363	253	122	298	108	241	39	293	265	381	510	654	430	360	180	437	565	618	478	439	513	339	130	657	80	297	322	290	303	574	307	754	111	204	152	332	212	415	166	333	407	594	424	358	451	62	126	477	419	434	744	354	9999	69	292	315	687	387	117	247	311	336	409	592	545	346	650	567	62	41	195	280	292	466	312	356	384	657	271	463	304	359	144	548	441	332	539	101	19	739	348	414	423	425	49	496	409	295	722	212	174	238	228	225	234	523	624	459	151	113	176	531	228	395	74	605	466	199	294	
351	262	178	132	208	18	252	130	303	175	303	420	665	464	394	267	448	576	629	489	392	547	349	220	668	90	207	356	324	337	608	341	765	122	114	62	242	223	325	177	344	418	605	435	392	462	33	51	488	430	356	755	279	69	9999	303	225	698	421	218	281	221	246	319	603	579	256	661	578	118	47	206	190	303	500	346	266	418	668	207	497	220	269	54	582	475	343	437	11	58	750	382	335	457	335	123	406	420	191	733	122	99	248	204	235	144	534	635	374	61	187	86	542	138	321	129	639	477	209	328	
309	458	365	218	524	340	44	238	232	497	293	725	357	98	255	239	129	257	310	170	534	313	219	276	349	199	449	153	255	226	393	186	447	172	436	384	558	89	641	119	25	99	286	105	145	143	255	319	169	111	308	437	497	292	303	9999	541	379	282	229	228	537	562	566	284	375	572	342	259	200	248	75	506	87	146	260	572	145	349	421	231	399	585	376	303	145	55	634	327	332	432	189	509	191	641	362	711	101	527	415	438	387	175	460	140	460	215	316	554	377	351	402	223	454	490	198	360	158	294	201	
589	276	213	370	86	254	490	368	301	227	310	233	672	702	632	505	686	809	861	726	281	782	347	466	891	328	128	594	562	575	841	579	963	360	218	210	56	387	85	415	582	656	838	673	630	700	271	215	725	668	363	954	165	315	225	541	9999	915	659	456	519	82	48	170	836	812	38	885	811	356	285	444	14	541	737	584	104	656	891	146	734	234	23	290	815	712	581	288	194	304	950	620	224	695	148	369	219	658	132	934	135	181	306	172	473	104	771	866	225	158	433	149	777	66	314	367	868	714	267	566	
577	848	759	613	902	734	439	637	627	880	688	1005	349	334	516	548	268	191	176	190	910	247	614	665	136	594	839	432	516	487	327	474	63	567	826	776	926	484	984	514	341	305	72	272	406	226	650	713	303	251	703	64	880	687	698	379	915	9999	543	618	511	913	929	933	104	309	938	56	129	595	643	509	887	418	296	539	938	408	9	811	335	790	945	770	237	312	366	981	721	726	69	448	889	358	984	756	1004	282	905	31	828	779	570	850	548	850	149	119	923	771	754	793	164	844	873	593	294	291	688	462	
193	583	483	343	642	458	381	327	513	615	601	846	578	202	28	164	357	298	370	334	659	213	559	281	409	318	574	102	94	65	266	69	611	308	554	502	676	388	758	292	328	394	450	267	130	298	373	437	392	305	654	601	622	387	421	282	659	543	9999	234	127	655	680	691	448	237	690	506	423	296	366	321	624	178	238	63	697	139	513	546	126	524	703	494	273	166	206	758	445	427	596	82	634	117	765	408	832	371	645	579	556	512	457	578	241	578	379	480	679	495	371	520	387	572	615	284	330	380	418	105	
133	380	287	140	439	255	178	57	310	412	398	648	591	277	207	42	432	420	492	409	456	360	356	26	531	115	371	169	137	150	421	154	686	105	351	299	473	180	556	89	270	469	525	342	205	375	170	234	467	380	450	676	419	117	218	229	456	618	234	9999	94	452	477	488	523	392	487	581	498	71	163	118	421	195	313	159	494	231	588	343	310	321	500	291	395	288	274	556	242	157	671	195	431	270	563	153	634	446	442	654	353	309	255	375	99	375	454	555	476	292	116	317	462	369	412	73	452	455	216	141	
49	443	350	203	502	318	241	187	373	475	461	710	546	170	100	6	325	313	385	302	519	253	419	141	424	178	434	62	26	43	314	47	579	168	414	362	536	248	619	152	274	362	418	235	98	266	233	357	360	273	513	569	482	247	281	228	519	511	127	94	9999	515	540	551	416	285	550	474	391	156	226	188	484	132	206	32	557	124	481	406	203	384	563	354	288	181	174	619	305	287	564	88	494	163	626	268	697	339	505	547	416	372	318	438	89	438	347	448	539	355	231	380	355	432	475	144	345	348	279	34	
585	328	245	366	162	195	486	364	333	126	342	336	694	698	628	501	682	805	857	722	354	778	379	462	888	324	173	590	558	571	837	575	959	356	118	133	3	426	188	411	578	652	834	669	626	696	267	211	721	664	395	951	241	311	221	537	82	913	655	452	515	9999	132	254	832	808	24	882	807	352	281	440	76	537	733	580	188	652	888	178	730	266	101	149	811	708	577	372	185	300	948	616	297	691	251	365	322	654	26	939	187	233	370	68	469	56	767	863	327	154	429	126	775	98	360	363	866	710	331	562	
610	207	154	391	17	275	511	389	219	285	251	189	619	722	653	526	706	830	876	747	212	801	265	487	908	349	59	615	583	596	861	600	978	381	272	240	117	330	58	436	603	677	858	694	651	720	292	236	746	689	304	971	96	336	246	562	48	929	680	477	540	132	9999	101	856	833	101	903	832	377	306	465	35	562	758	605	35	677	908	87	755	154	92	311	836	733	602	219	215	325	967	641	155	715	104	390	175	679	191	953	156	174	259	210	494	134	789	881	156	179	454	170	797	87	245	388	884	735	222	587	
621	108	155	328	100	348	407	451	211	407	205	166	557	733	664	537	710	834	880	751	77	812	257	534	912	370	111	626	594	607	869	611	981	368	444	355	239	362	140	440	607	681	862	698	662	724	401	309	750	693	258	974	54	409	319	566	170	933	691	488	551	254	101	9999	860	844	223	907	836	403	423	469	157	566	769	616	45	688	912	139	766	140	214	384	847	744	606	97	288	398	970	652	41	726	71	463	152	683	313	956	198	226	256	332	569	226	793	884	34	252	527	256	800	171	134	400	894	739	254	598	
482	757	665	518	819	640	344	542	532	793	593	979	224	239	421	453	120	130	147	95	829	186	519	570	141	499	748	337	421	392	266	379	180	472	735	684	852	389	919	419	246	210	23	177	311	131	555	619	153	156	608	178	793	592	603	284	836	104	448	523	416	832	856	860	9999	248	865	45	5	500	548	414	801	323	201	444	865	313	82	720	274	699	873	676	176	251	271	914	627	632	141	353	804	297	919	662	969	187	822	148	737	687	475	759	453	759	55	70	849	677	660	702	39	753	786	498	233	116	593	367	
351	740	641	501	796	616	435	485	623	772	684	966	485	188	188	322	264	99	87	209	812	51	610	439	126	476	731	206	290	261	8	248	377	466	711	660	829	480	901	450	333	301	216	197	177	222	531	595	299	247	699	367	777	545	579	375	812	309	237	392	285	808	833	844	248	9999	843	272	229	454	524	505	779	239	156	313	850	140	279	704	90	682	855	652	51	135	225	901	603	585	362	222	788	101	907	566	955	278	799	345	713	670	566	735	322	735	186	163	832	653	529	678	246	729	772	442	45	287	566	236	
620	327	244	401	131	241	521	399	293	168	341	292	693	732	663	536	716	840	884	757	323	811	339	497	916	359	172	625	593	606	868	610	983	391	164	179	4	418	144	446	613	687	867	704	661	730	302	212	756	699	394	978	210	346	256	572	38	938	690	487	550	24	101	223	865	843	9999	911	842	387	316	475	45	572	768	615	157	687	916	177	765	265	56	195	846	743	612	341	217	335	975	651	266	725	207	400	278	689	74	962	166	212	337	114	504	68	799	889	278	155	464	128	806	97	359	398	893	745	298	597	
540	811	722	576	871	698	402	600	590	850	651	997	290	297	479	511	231	154	171	153	880	210	577	628	165	557	802	395	479	450	290	437	133	530	790	741	900	447	958	477	304	268	44	235	369	189	613	677	266	214	666	131	850	650	661	342	885	56	506	581	474	882	903	907	45	272	911	9999	70	558	606	472	858	381	259	502	911	371	35	776	298	756	920	733	200	275	329	952	685	690	75	411	861	321	958	719	993	245	873	101	792	744	533	813	511	813	112	92	896	734	717	759	105	807	843	556	257	254	651	425	
457	732	640	493	795	615	319	517	507	771	568	960	240	214	396	428	95	111	128	70	804	167	494	545	138	474	723	312	396	367	247	354	205	447	710	659	828	364	900	394	221	185	34	152	286	106	530	594	128	131	583	203	771	567	578	259	811	129	423	498	391	807	832	836	5	229	842	70	9999	475	523	389	778	298	176	419	842	288	99	696	255	674	854	651	157	232	246	894	602	607	166	328	781	278	900	637	949	162	798	173	712	662	450	734	428	734	30	67	824	652	635	677	14	728	764	473	214	91	568	342	
226	295	202	55	339	155	149	18	225	312	313	551	562	339	269	142	345	473	526	386	371	422	271	112	565	16	286	231	199	212	483	216	663	13	251	199	373	125	456	74	241	315	502	332	267	359	71	135	385	327	366	653	334	62	118	200	356	595	296	71	156	352	377	403	500	454	387	558	475	9999	49	103	321	200	375	221	397	293	565	258	372	236	400	191	457	350	240	471	142	102	648	257	346	332	466	132	537	317	342	631	253	183	170	275	106	275	431	532	391	192	129	217	439	269	327	0	514	374	131	203	
296	315	191	74	268	84	197	58	245	241	333	480	610	409	339	212	393	521	574	434	391	492	291	192	613	32	227	376	269	357	553	361	710	67	180	128	302	168	385	122	289	363	550	380	337	407	2	64	433	375	386	701	354	41	47	248	285	643	366	163	226	281	306	423	548	524	316	606	523	49	9999	151	250	248	445	291	326	363	613	199	442	256	329	120	527	420	288	491	71	72	696	402	366	402	395	111	466	365	271	679	138	112	190	204	181	204	479	580	411	121	175	146	487	198	347	71	584	422	151	273	
251	361	268	121	427	243	63	141	213	400	274	629	476	159	294	167	259	387	440	300	437	443	200	165	479	102	352	172	224	237	523	207	577	75	339	287	461	70	544	8	121	229	416	246	138	273	158	222	299	241	289	567	400	195	206	75	444	509	321	118	188	440	465	469	414	505	475	472	389	103	151	9999	409	76	198	246	475	175	479	324	254	302	488	279	433	206	116	537	230	235	562	204	412	214	544	265	615	231	430	545	341	290	156	363	53	363	345	446	457	280	255	305	353	357	393	101	490	288	197	228	
554	255	178	335	65	219	455	333	266	229	275	245	651	667	597	470	651	776	827	692	268	749	312	431	864	293	106	559	527	540	806	544	940	325	216	184	61	352	120	380	547	621	803	638	595	665	236	180	691	633	328	931	144	280	190	506	14	887	624	421	484	76	35	157	801	779	45	858	778	321	250	409	9999	506	703	549	91	621	864	111	700	199	58	255	806	678	546	275	159	269	927	585	211	660	160	334	231	623	135	916	100	146	271	154	438	78	736	833	212	123	398	114	744	31	293	332	837	680	232	531	
198	458	365	218	524	340	146	238	296	497	357	725	453	62	151	128	232	214	318	209	534	207	283	242	357	199	449	58	118	113	268	91	486	172	436	384	558	153	641	105	133	269	325	115	600	173	255	319	267	180	372	476	497	292	303	87	541	418	178	195	132	537	562	566	323	239	572	381	298	200	248	76	506	9999	113	149	572	78	388	421	157	399	585	376	242	109	48	634	327	332	471	83	509	117	641	362	711	246	527	454	438	387	239	460	75	460	254	355	554	377	332	402	262	454	490	198	299	255	294	83	
272	662	562	422	720	537	217	406	405	694	466	911	331	29	211	243	110	80	153	87	737	84	392	360	192	397	653	127	211	182	185	169	364	387	633	581	754	262	833	227	119	147	203	20	101	51	452	516	145	68	481	354	701	466	500	146	737	296	238	313	206	733	758	769	201	156	768	259	176	375	445	198	703	113	9999	234	775	104	266	625	133	603	779	573	107	47	61	833	524	506	349	143	712	93	840	487	900	124	723	332	635	591	348	657	243	657	132	155	757	574	450	599	140	651	694	363	164	133	497	157	
33	508	408	268	567	383	306	252	438	540	526	775	574	198	71	61	353	341	413	330	584	281	484	206	452	243	499	98	10	22	342	37	607	233	479	427	601	313	684	217	306	390	446	263	126	294	298	362	388	301	579	597	547	312	346	260	584	539	63	159	32	580	605	616	444	313	615	502	419	221	291	246	549	149	234	9999	622	152	509	471	169	449	628	419	316	209	202	684	370	352	592	78	559	191	691	333	761	367	570	575	481	437	382	503	166	503	375	476	604	420	296	445	383	497	540	209	373	376	343	39	
627	167	161	334	47	295	413	409	217	341	211	133	563	739	670	543	716	840	884	757	156	818	263	540	916	369	79	632	600	613	872	617	983	374	391	302	173	368	74	446	613	687	867	704	668	730	312	256	756	699	264	978	60	356	266	572	104	938	697	494	557	188	35	45	865	850	157	911	842	397	326	475	91	572	775	622	9999	694	916	107	772	146	148	331	852	750	612	158	235	345	975	658	99	732	48	410	133	689	247	962	176	194	262	266	505	190	799	889	100	199	474	203	806	118	192	408	899	745	260	604	
190	580	480	340	639	455	210	324	458	612	459	843	445	53	60	161	222	168	240	199	656	108	385	278	279	315	571	84	129	100	169	87	476	305	551	499	673	255	755	289	183	259	315	122	16	163	370	434	257	170	474	466	619	384	418	145	656	408	139	231	124	652	677	688	313	140	687	371	288	293	363	175	621	78	104	152	694	9999	378	543	58	521	700	491	143	36	69	755	442	424	461	36	631	18	762	405	829	236	642	444	553	509	341	575	161	575	244	255	676	492	368	517	252	569	612	281	200	245	415	75	
547	818	729	583	877	705	409	607	597	856	658	1000	327	304	486	518	238	161	129	160	885	217	584	635	106	564	809	402	486	457	297	444	77	537	797	748	906	454	964	484	311	275	42	242	376	196	620	684	273	221	673	75	856	657	668	349	891	9	513	588	481	888	908	912	82	279	916	35	99	565	613	479	864	388	266	509	916	378	9999	783	305	763	924	740	207	282	336	958	692	697	91	418	867	328	964	726	995	252	880	45	799	751	540	820	518	820	119	89	902	741	724	766	134	814	850	563	264	261	658	432	
476	129	46	183	49	236	267	306	134	314	143	261	495	589	519	392	566	694	746	607	195	672	180	389	783	225	7	481	449	462	732	466	872	223	332	243	163	222	166	295	462	536	722	553	517	580	178	114	606	548	196	867	64	271	207	421	146	811	546	343	406	178	87	139	720	704	177	776	696	258	199	324	111	421	625	471	107	543	783	9999	622	67	190	272	706	606	461	248	176	260	863	507	138	582	176	325	247	538	220	847	38	66	151	219	354	143	652	752	168	87	389	118	660	59	161	255	763	595	114	453	
269	659	559	419	717	534	296	403	484	691	545	908	485	118	77	240	264	134	206	208	734	67	471	357	245	394	650	123	155	143	119	115	403	384	630	578	751	341	830	368	269	301	242	174	95	205	449	513	299	222	560	393	698	463	497	231	734	335	126	310	203	730	755	766	274	90	765	298	255	372	442	254	700	157	133	169	772	58	305	622	9999	600	776	570	109	65	155	830	521	503	388	91	709	19	837	484	897	278	720	371	632	588	427	654	240	654	212	221	754	571	447	596	272	648	691	360	156	287	494	154	
454	44	21	161	116	261	240	274	44	418	64	300	416	567	497	370	544	672	724	585	120	650	90	367	763	203	74	459	427	440	710	444	856	201	357	268	251	195	233	273	440	514	701	531	495	558	234	148	584	526	117	847	71	304	220	399	234	790	524	321	384	266	154	140	699	682	265	756	674	236	256	302	199	399	603	449	146	521	763	67	600	9999	278	297	685	578	439	208	201	344	842	485	83	560	215	374	286	516	485	825	126	100	89	299	332	231	630	730	128	166	438	223	638	147	76	233	741	573	87	431	
633	320	257	414	130	298	534	412	345	245	354	277	733	745	676	549	729	852	895	770	325	824	391	510	924	372	172	638	606	619	878	623	987	404	241	233	79	431	82	459	626	700	875	716	674	743	315	259	769	711	407	985	209	359	269	585	23	945	703	500	563	101	92	214	873	855	56	920	854	400	329	488	58	585	779	628	148	700	924	190	776	278	9999	334	858	756	625	332	238	348	982	664	268	738	192	413	263	702	151	972	179	225	350	191	517	127	811	901	269	202	477	193	819	110	358	411	904	758	311	610	
424	366	255	205	273	29	325	203	343	104	389	485	737	537	467	340	521	649	702	562	457	620	385	295	740	163	272	429	397	410	681	414	834	195	43	36	172	296	390	250	417	491	678	508	465	535	106	128	561	503	433	824	344	144	54	376	290	770	494	291	354	149	311	384	676	652	195	733	651	191	120	279	255	376	573	419	331	491	740	272	570	297	334	9999	655	548	416	502	76	133	819	455	400	530	400	198	471	493	112	802	187	176	313	63	308	147	607	707	439	126	262	97	615	203	398	202	711	550	274	401	
