NAME: gr137Preorder
TYPE: ATSP
DIMENSION: 137
EDGE_WEIGHT_TYPE: EXPLICIT
EDGE_WEIGHT_FORMAT: FULL_MATRIX 
EDGE_WEIGHT_SECTION
9999	287	452	843	1784	1692	1865	2157	1979	2441	1850	3234	3210	3248	3217	3510	3543	1935	2046	2665	2705	3040	3150	2715	3191	2917	3190	3407	2748	2887	3032	3184	3356	3537	3753	3097	3207	3310	3531	3876	3236	3421	3404	3732	3498	3533	3598	3624	3979	4274	4358	3616	3842	3893	4159	4103	4139	4285	4316	4321	4455	4448	4518	4392	4579	4697	4762	4770	4883	5067	5172	4374	4473	4672	4753	4793	4855	4912	5167	5267	5339	5173	5620	5574	5504	5280	5184	5153	5326	5404	5417	5405	5513	5561	5571	5657	5707	5812	5859	5890	5898	5915	5920	5940	5993	5999	6015	6016	6009	6010	6007	6006	6000	5994	5990	5972	5979	6003	5998	5989	5986	5984	5978	5971	5951	5916	5941	5939	5935	5914	5899	5877	5878	5837	5794	5751	5836	
287	9999	46	338	1180	1216	1352	1737	1555	2094	1650	3045	3059	3115	3111	3453	3580	1331	1478	2049	2090	2486	2613	2176	2693	2456	2733	2953	2429	2553	2683	2836	2971	3161	3383	2834	2925	2995	3214	3557	3007	3209	3148	3464	3369	3371	3416	3420	3730	4012	4135	3168	3425	3499	3780	3706	3721	3889	3932	3951	4070	4081	4181	4071	4265	4355	4432	4464	4590	4781	4931	4106	4229	4427	4518	4599	4683	4755	5054	5142	5209	5016	5564	5511	5422	5115	5004	4938	5105	5210	5211	5124	5329	5400	5410	5531	5578	5681	5775	5826	5848	5887	5891	5903	5962	5974	6012	6014	6001	6005	5996	5994	5983	5967	5959	5937	5948	5988	5985	5976	5973	5975	5961	5954	5929	5893	5918	5919	5926	5910	5895	5865	5856	5810	5756	5662	5758	
452	46	9999	292	1100	1228	1340	1765	1584	2145	1780	3118	3147	3213	3217	3566	3714	1232	1415	1913	1947	2355	2494	2122	2603	2417	2677	2896	2490	2591	2696	2846	2956	3137	3364	2889	2967	3016	3224	3554	3068	3269	3191	3491	3457	3449	3492	3487	3760	4037	4163	3097	3368	3449	3740	3654	3656	3836	3884	3911	4011	4032	4147	4053	4246	4327	4407	4436	4572	4767	4925	4119	4244	4456	4536	4637	4721	4786	5092	5184	5249	5041	5594	5534	5451	5144	5021	4949	5108	5213	5204	5086	5314	5388	5396	5527	5560	5668	5768	5820	5844	5888	5889	5900	5957	5965	6011	6013	5997	6004	5995	5992	5982	5964	5953	5933	5949	5991	5987	5980	5977	5981	5968	5960	5932	5897	5924	5927	5936	5921	5906	5882	5876	5833	5778	5674	5763	
843	338	292	9999	509	595	683	1101	932	1493	1255	2591	2651	2732	2758	3144	3374	623	764	1321	1363	1762	1896	1442	1973	1746	2024	2273	1855	1943	2044	2206	2332	2549	2798	2280	2370	2409	2658	3007	2509	2747	2638	2949	2987	2958	2993	2977	3238	3545	3677	2524	2821	2905	3214	3129	3141	3333	3382	3403	3528	3543	3649	3555	3758	3845	3934	3964	4102	4314	4489	3623	3759	3982	4064	4183	4277	4365	4712	4808	4869	4619	5366	5272	5124	4747	4590	4519	4704	4806	4795	4684	4930	5032	5043	5236	5292	5467	5572	5638	5670	5762	5766	5800	5904	5911	6002	6008	5958	5970	5950	5946	5923	5909	5901	5879	5894	5945	5938	5922	5919	5925	5913	5908	5872	5796	5864	5871	5885	5873	5839	5772	5750	5667	5599	5472	5561	
1784	1180	1100	509	9999	262	181	550	474	930	1132	2074	2207	2320	2397	2857	3221	9	92	470	524	829	954	550	1014	855	1079	1326	1260	1276	1283	1419	1471	1671	1939	1653	1710	1670	1878	2218	1917	2167	1980	2253	2574	2486	2489	2429	2592	2907	3073	1570	1903	2013	2382	2267	2276	2517	2576	2612	2747	2766	2905	2819	3041	3129	3227	3277	3421	3661	3867	2952	3124	3392	3462	3618	3743	3867	4242	4356	4393	4080	5000	4858	4698	4237	4023	3927	4108	4242	4223	4017	4332	4431	4442	4709	4744	4984	5176	5290	5367	5493	5499	5528	5742	5771	5942	5969	5881	5892	5875	5863	5819	5768	5733	5661	5725	5867	5858	5828	5831	5845	5824	5808	5672	5554	5678	5686	5763	5755	5685	5603	5551	5473	5343	5072	5193	
1692	1216	1228	595	262	9999	27	194	102	491	545	1564	1666	1773	1835	2316	2707	307	201	851	934	1172	1282	618	1202	784	1117	1399	798	863	969	1135	1304	1532	1812	1210	1300	1338	1592	2023	1452	1711	1570	1926	2055	1995	2017	1986	2274	2654	2802	1666	1968	2018	2361	2303	2370	2551	2596	2605	2792	2775	2855	2714	2939	3080	3171	3190	3338	3574	3750	2750	2901	3166	3252	3371	3484	3591	3960	4092	4158	3860	4752	4632	4446	4004	3832	3763	3960	4098	4097	4040	4254	4360	4378	4600	4706	4934	5109	5235	5297	5431	5447	5504	5729	5773	5947	5966	5874	5884	5851	5843	5795	5746	5714	5635	5675	5834	5818	5777	5767	5786	5747	5717	5613	5474	5596	5605	5647	5624	5557	5459	5407	5289	5129	4899	5077	
1865	1352	1340	683	181	27	9999	179	123	487	681	1569	1700	1810	1889	2370	2792	201	89	666	747	967	1069	450	1001	626	928	1200	786	822	872	1038	1157	1386	1662	1175	1248	1256	1495	1898	1432	1690	1525	1854	2081	1998	2010	1962	2196	2567	2735	1470	1777	1841	2195	2131	2183	2368	2419	2437	2627	2617	2715	2578	2818	2941	3041	3075	3219	3464	3649	2652	2815	3089	3175	3311	3426	3547	3930	4056	4115	3800	4726	4589	4405	3948	3766	3685	3879	4008	4001	3915	4160	4271	4286	4514	4602	4835	5042	5151	5231	5377	5392	5453	5683	5723	5934	5952	5850	5869	5827	5821	5761	5696	5673	5593	5642	5811	5799	5754	5748	5765	5715	5698	5581	5438	5567	5583	5639	5617	5552	5447	5391	5274	5105	4841	5020	
2157	1737	1765	1101	550	194	179	9999	17	135	441	1063	1182	1300	1383	1875	2348	547	345	925	1017	1122	1187	464	1015	467	811	1087	359	413	506	651	841	1075	1347	705	781	819	1077	1520	930	1177	1042	1393	1560	1483	1495	1453	1746	2140	2300	1348	1613	1621	1952	1922	2037	2166	2204	2198	2433	2385	2436	2249	2514	2690	2779	2791	2946	3189	3362	2246	2411	2717	2813	2931	3051	3169	3570	3703	3767	3460	4391	4264	4078	3620	3435	3364	3585	3722	3730	3733	3896	4015	4036	4260	4380	4642	4804	4950	5026	5166	5194	5294	5600	5644	5912	5930	5782	5802	5738	5718	5654	5606	5586	5476	5524	5694	5676	5625	5616	5630	5590	5566	5434	5228	5406	5418	5483	5452	5365	5195	5127	4997	4810	4560	4756	
1979	1555	1584	932	474	102	123	17	9999	221	399	1189	1306	1413	1485	1976	2408	492	311	943	1036	1182	1269	540	1117	583	944	1222	475	543	651	813	1018	1244	1528	842	933	992	1254	1702	1082	1333	1197	1566	1688	1617	1640	1603	1922	2312	2472	1494	1770	1784	2128	2089	2185	2327	2364	2362	2593	2554	2607	2428	2687	2841	2927	2941	3093	3334	3502	2425	2589	2873	2963	3083	3190	3307	3696	3823	3886	3594	4510	4370	4205	3750	3575	3503	3721	3854	3862	3859	4026	4153	4174	4380	4504	4746	4923	5062	5118	5275	5295	5382	5648	5689	5928	5944	5823	5838	5787	5776	5700	5655	5638	5538	5582	5757	5724	5671	5664	5679	5640	5621	5498	5321	5476	5485	5533	5505	5430	5286	5225	5081	4917	4680	4860	
2441	2094	2145	1493	930	491	487	135	221	9999	401	656	783	882	980	1468	1981	919	661	1223	1319	1342	1387	629	1133	490	836	1096	95	153	299	438	683	891	1148	370	446	532	788	1247	553	780	669	1042	1137	1058	1073	1042	1386	1785	1937	1339	1550	1509	1795	1812	1967	2045	2072	2048	2315	2234	2231	2016	2264	2478	2568	2564	2730	2966	3117	1930	2084	2373	2499	2607	2725	2838	3252	3387	3469	3163	4119	3969	3793	3322	3153	3089	3336	3480	3498	3589	3693	3815	3834	4034	4203	4443	4627	4768	4821	4986	5028	5137	5518	5569	5896	5907	5693	5712	5643	5637	5558	5510	5492	5348	5393	5602	5570	5516	5498	5517	5464	5435	5266	5029	5217	5228	5300	5256	5134	4963	4887	4733	4554	4309	4529	
1850	1650	1780	1255	1132	545	681	441	399	401	9999	999	979	1045	1043	1479	1772	1191	999	1772	1863	2007	2080	1280	1882	1215	1630	1907	559	744	988	1160	1488	1717	1971	880	1031	1215	1521	2020	1016	1226	1245	1699	1347	1371	1447	1482	2030	2425	2535	2160	2376	2338	2609	2632	2768	2834	2857	2830	3066	2995	2973	2763	2975	3171	3235	3218	3363	3568	3672	2608	2710	2934	3062	3099	3170	3231	3596	3717	3821	3601	4383	4277	4121	3735	3631	3605	3840	3959	3999	4180	4212	4321	4346	4506	4698	4916	5049	5173	5215	5330	5372	5478	5721	5783	5955	5963	5857	5862	5813	5808	5755	5703	5698	5593	5607	5764	5719	5665	5648	5649	5609	5584	5503	5325	5449	5444	5456	5380	5280	5118	5090	4941	4794	4672	4904	
3234	3045	3118	2591	2074	1564	1569	1063	1189	656	999	9999	53	113	213	515	1108	2049	1762	2204	2285	2174	2166	1504	1824	1146	1421	1568	384	421	552	572	867	980	1096	161	213	400	543	918	43	58	176	460	191	132	151	156	658	1022	1082	1721	1767	1600	1713	1852	2094	2002	1991	1909	2239	2091	1924	1610	1812	2104	2152	2084	2223	2442	2506	1251	1304	1524	1689	1696	1763	1847	2307	2472	2595	2305	3299	3153	2958	2481	2358	2353	2688	2817	2891	3276	3142	3294	3325	3456	3718	3962	4084	4260	4294	4409	4490	4685	5178	5297	5792	5797	5448	5455	5327	5324	5191	5122	5126	4884	4889	5206	5132	5037	4995	5003	4902	4847	4697	4394	4595	4593	4650	4566	4417	4224	4155	3967	3787	3600	3883	
3210	3059	3147	2651	2207	1666	1700	1182	1306	783	979	53	9999	5	67	335	849	2195	1916	2407	2495	2402	2399	1725	2076	1383	1673	1835	520	582	770	806	1133	1241	1362	337	396	612	784	1164	186	169	360	657	112	128	187	254	838	1189	1223	1990	2040	1873	1976	2123	2352	2255	2242	2166	2498	2336	2165	1853	2040	2326	2364	2289	2428	2630	2664	1445	1470	1656	1835	1798	1841	1892	2324	2485	2626	2381	3287	3158	2975	2546	2470	2487	2805	2925	3010	3446	3270	3414	3451	3556	3832	4074	4179	4338	4359	4477	4557	4760	5255	5367	5824	5817	5486	5486	5363	5364	5247	5179	5194	4952	4936	5239	5155	5055	5012	5008	4905	4847	4727	4426	4608	4600	4624	4522	4378	4185	4131	3943	3776	3638	3937	
3248	3115	3213	2732	2320	1773	1810	1300	1413	882	1045	113	5	9999	16	245	742	2312	2039	2536	2616	2533	2528	1854	2197	1511	1803	1958	617	701	878	925	1255	1358	1472	427	493	724	875	1264	271	236	442	740	78	125	197	280	893	1230	1250	2112	2154	1988	2075	2215	2461	2354	2339	2251	2587	2422	2238	1922	2106	2392	2427	2345	2485	2670	2690	1495	1501	1671	1856	1796	1821	1864	2276	2433	2587	2364	3234	3109	2932	2523	2467	2494	2814	2930	3021	3494	3289	3431	3472	3561	3846	4086	4179	4339	4353	4462	4548	4759	5256	5370	5825	5815	5482	5479	5351	5352	5238	5170	5192	4942	4919	5218	5128	5033	4974	4968	4863	4811	4708	4405	4577	4563	4572	4463	4319	4124	4074	3890	3727	3615	3925	
3217	3111	3217	2758	2397	1835	1889	1383	1485	980	1043	213	67	16	9999	160	591	2397	2134	2657	2735	2669	2671	1985	2348	1655	1961	2130	725	823	1037	1086	1425	1535	1646	550	630	873	1056	1438	389	354	580	890	108	204	298	393	1060	1386	1390	2271	2322	2162	2243	2391	2634	2529	2515	2427	2753	2595	2405	2096	2259	2557	2589	2505	2636	2801	2804	1649	1645	1802	1987	1909	1915	1939	2332	2486	2648	2459	3262	3144	2980	2604	2571	2610	2920	3032	3124	3618	3387	3534	3571	3645	3941	4181	4252	4410	4418	4524	4613	4818	5310	5421	5842	5832	5517	5507	5384	5389	5284	5230	5259	5013	4969	5253	5160	5060	5007	4991	4885	4830	4742	4452	4607	4589	4576	4453	4312	4120	4082	3901	3751	3664	3980	
3510	3453	3566	3144	2857	2316	2370	1875	1976	1468	1479	515	335	245	160	9999	301	2858	2609	3070	3135	3065	3060	2451	2767	2125	2386	2526	1182	1284	1478	1504	1824	1905	1977	947	1018	1266	1391	1709	727	607	895	1140	168	337	427	547	1207	1467	1411	2652	2663	2484	2516	2684	2906	2777	2755	2667	2960	2802	2588	2260	2397	2695	2705	2603	2706	2837	2786	1746	1686	1767	1955	1806	1764	1735	2067	2199	2394	2288	2982	2884	2730	2406	2448	2531	2854	2944	3065	3671	3347	3488	3527	3551	3891	4110	4148	4315	4306	4369	4481	4727	5226	5352	5808	5781	5436	5415	5261	5275	5152	5110	5154	4875	4797	5088	4993	4862	4786	4768	4674	4609	4556	4269	4385	4355	4307	4168	4007	3813	3801	3622	3477	3467	3823	
3543	3580	3714	3374	3221	2707	2792	2348	2408	1981	1772	1108	849	742	591	301	9999	3241	3030	3520	3586	3552	3558	2975	3302	2711	2974	3103	1754	1886	2114	2159	2487	2573	2653	1578	1667	1934	2082	2393	1359	1261	1573	1836	703	914	1045	1189	1890	2119	2035	3221	3239	3090	3120	3263	3473	3353	3328	3245	3518	3370	3173	2895	2995	3248	3251	3156	3230	3330	3247	2387	2303	2331	2520	2320	2225	2150	2361	2472	2692	2700	3102	3044	2938	2777	2886	2986	3270	3342	3476	4123	3744	3869	3908	3882	4251	4421	4413	4587	4551	4582	4707	4958	5402	5505	5870	5835	5532	5505	5375	5394	5306	5283	5345	5074	4959	5183	5076	4964	4864	4811	4722	4664	4701	4411	4484	4428	4301	4107	3950	3783	3819	3646	3549	3678	4052	
1935	1331	1232	623	9	307	201	547	492	919	1191	2049	2195	2312	2397	2858	3241	9999	63	359	409	697	810	451	864	767	951	1184	1229	1224	1211	1340	1367	1562	1827	1611	1653	1599	1793	2130	1880	2134	1921	2182	2556	2454	2451	2384	2516	2833	3000	1430	1765	1878	2252	2139	2143	2380	2444	2488	2617	2646	2795	2717	2938	3023	3128	3182	3327	3568	3782	2876	3048	3324	3384	3547	3686	3808	4196	4311	4341	4011	4947	4805	4647	4175	3952	3848	4022	4166	4137	3920	4256	4351	4359	4633	4670	4896	5108	5224	5308	5454	5457	5487	5694	5731	5931	5956	5860	5883	5853	5841	5791	5730	5691	5627	5688	5847	5840	5807	5809	5827	5804	5790	5643	5523	5651	5663	5740	5728	5669	5585	5529	5443	5303	5022	5133	
2046	1478	1415	764	92	201	89	345	311	661	999	1762	1916	2039	2134	2609	3030	63	9999	392	454	674	781	308	768	551	778	1026	952	945	936	1071	1120	1328	1590	1330	1368	1325	1526	1872	1591	1846	1636	1911	2278	2173	2169	2112	2244	2594	2770	1279	1594	1694	2070	1965	1997	2214	2270	2303	2463	2477	2613	2508	2754	2857	2955	3001	3154	3396	3613	2648	2831	3109	3182	3337	3477	3608	3983	4123	4161	3824	4773	4647	4453	3975	3770	3670	3852	3984	3965	3802	4102	4218	4227	4476	4537	4774	4996	5102	5184	5354	5363	5411	5650	5681	5917	5943	5830	5852	5816	5803	5734	5673	5641	5565	5629	5806	5793	5749	5752	5770	5732	5710	5573	5437	5577	5590	5659	5652	5592	5488	5433	5319	5149	4853	5011	
2665	2049	1913	1321	470	851	666	925	943	1223	1772	2204	2407	2536	2657	3070	3520	359	392	9999	2	146	233	309	368	611	578	711	1446	1350	1211	1269	1137	1266	1474	1724	1707	1550	1645	1841	1993	2203	1934	2068	2719	2572	2533	2433	2354	2631	2826	871	1193	1366	1750	1574	1521	1816	1891	1955	2032	2103	2325	2305	2546	2581	2706	2786	2930	3187	3447	2609	2820	3108	3139	3359	3519	3679	4062	4195	4198	3814	4816	4679	4487	3968	3712	3578	3723	3866	3809	3458	3895	3987	3993	4305	4293	4542	4786	4909	5027	5221	5200	5225	5519	5540	5868	5905	5722	5777	5726	5699	5632	5563	5518	5445	5544	5736	5737	5684	5696	5743	5702	5687	5512	5359	5539	5562	5666	5682	5633	5530	5462	5358	5177	4792	4886	
2705	2090	1947	1363	524	934	747	1017	1036	1319	1863	2285	2495	2616	2735	3135	3586	409	454	2	9999	138	219	366	380	676	622	739	1535	1434	1292	1339	1192	1318	1517	1802	1782	1625	1714	1889	2072	2279	2012	2137	2788	2649	2605	2509	2409	2680	2876	888	1210	1390	1771	1586	1520	1826	1901	1971	2033	2112	2341	2332	2570	2598	2724	2802	2949	3202	3470	2653	2863	3148	3179	3389	3561	3714	4101	4230	4229	3843	4848	4713	4518	3999	3746	3607	3747	3882	3825	3452	3907	3996	3999	4313	4295	4543	4791	4911	5031	5227	5206	5223	5514	5537	5861	5902	5716	5774	5727	5697	5631	5561	5515	5446	5548	5739	5744	5690	5705	5753	5709	5695	5521	5370	5546	5575	5680	5694	5646	5545	5477	5379	5203	4813	4903	
3040	2486	2355	1762	829	1172	967	1122	1182	1342	2007	2174	2402	2533	2669	3065	3552	697	674	146	138	9999	7	343	144	555	394	431	1491	1349	1147	1152	945	1024	1178	1682	1635	1432	1468	1565	1938	2133	1831	1880	2682	2510	2446	2330	2144	2371	2594	535	809	998	1361	1167	1093	1402	1480	1550	1596	1685	1937	1952	2183	2194	2328	2424	2590	2865	3145	2319	2558	2870	2888	3122	3307	3480	3871	3988	3976	3582	4649	4479	4285	3751	3463	3309	3440	3587	3521	3103	3603	3697	3698	4015	3980	4252	4527	4649	4764	4993	4968	4977	5334	5373	5780	5854	5603	5653	5610	5583	5498	5409	5335	5241	5395	5619	5623	5576	5591	5636	5604	5589	5350	5150	5403	5440	5580	5608	5545	5434	5328	5198	5018	4574	4655	
3150	2613	2494	1896	954	1282	1069	1187	1269	1387	2080	2166	2399	2528	2671	3060	3558	810	781	233	219	7	9999	376	99	557	357	360	1509	1356	1142	1131	893	949	1096	1672	1617	1403	1414	1485	1923	2107	1799	1824	2666	2488	2413	2297	2074	2290	2515	443	702	876	1237	1053	962	1274	1346	1426	1466	1552	1813	1840	2069	2074	2203	2306	2471	2755	3046	2222	2467	2783	2795	3045	3225	3405	3804	3928	3910	3504	4576	4402	4219	3669	3373	3214	3348	3496	3423	2991	3500	3597	3598	3927	3886	4157	4423	4549	4681	4907	4879	4889	5264	5305	5745	5829	5555	5615	5563	5536	5449	5347	5265	5162	5336	5579	5587	5531	5549	5601	5562	5547	5288	5085	5351	5388	5541	5575	5522	5390	5276	5145	4941	4495	4564	
2715	2176	2122	1442	550	618	450	464	540	629	1280	1504	1725	1854	1985	2451	2975	451	308	309	366	343	376	9999	261	127	225	408	787	678	557	609	554	709	935	1024	1009	863	993	1249	1285	1500	1230	1400	2041	1879	1842	1741	1717	2035	2235	614	900	997	1366	1262	1297	1514	1572	1602	1770	1779	1931	1843	2106	2200	2324	2379	2560	2839	3081	2051	2263	2601	2662	2868	3024	3184	3605	3737	3758	3376	4415	4271	4068	3546	3297	3172	3358	3505	3475	3261	3604	3710	3721	3998	4049	4314	4553	4693	4780	4989	4994	5051	5421	5471	5846	5886	5645	5681	5628	5612	5527	5461	5408	5290	5397	5618	5611	5553	5559	5595	5551	5535	5322	5097	5342	5368	5489	5495	5424	5270	5158	5033	4819	4451	4590	
3191	2693	2603	1973	1014	1202	1001	1015	1117	1133	1882	1824	2076	2197	2348	2767	3302	864	768	368	380	144	99	261	9999	327	124	137	1207	1048	815	793	567	610	761	1333	1269	1050	1051	1124	1573	1745	1436	1451	2326	2139	2066	1938	1705	1937	2164	243	480	614	968	808	781	1046	1111	1164	1263	1320	1540	1529	1772	1807	1940	2034	2201	2503	2803	1883	2132	2462	2487	2753	2935	3121	3539	3671	3657	3236	4339	4184	3962	3410	3113	2955	3107	3264	3201	2846	3306	3404	3410	3741	3731	3996	4281	4395	4526	4755	4739	4768	5165	5230	5708	5805	5502	5550	5496	5470	5362	5247	5161	5054	5205	5500	5501	5441	5463	5509	5469	5450	5136	4920	5191	5240	5429	5463	5382	5214	5087	4951	4737	4292	4374	
2917	2456	2417	1746	855	784	626	467	583	490	1215	1146	1383	1511	1655	2125	2711	767	551	611	676	555	557	127	327	9999	126	299	537	417	273	296	256	393	600	680	650	516	601	860	920	1118	841	990	1671	1499	1447	1341	1300	1620	1830	497	724	754	1088	1030	1119	1278	1324	1333	1543	1520	1622	1493	1760	1893	2013	2057	2232	2536	2778	1650	1868	2207	2274	2494	2674	2841	3278	3415	3441	3052	4142	3971	3773	3223	2972	2853	3059	3213	3187	3057	3339	3465	3480	3756	3826	4099	4325	4471	4569	4767	4776	4851	5287	5355	5801	5849	5555	5598	5526	5509	5413	5320	5271	5111	5227	5506	5491	5425	5430	5469	5416	5387	5117	4876	5125	5156	5315	5323	5219	5042	4922	4769	4564	4194	4334	
3190	2733	2677	2024	1079	1117	928	811	944	836	1630	1421	1673	1803	1961	2386	2974	951	778	578	622	394	357	225	124	126	9999	63	857	691	477	445	266	330	481	939	865	660	671	794	1165	1337	1036	1063	1924	1732	1652	1530	1326	1583	1808	208	419	479	804	716	762	944	1003	1035	1192	1200	1357	1287	1543	1630	1759	1826	2008	2312	2601	1559	1796	2147	2181	2437	2641	2831	3267	3403	3402	2984	4118	3939	3734	3165	2880	2728	2910	3074	3023	2784	3155	3271	3282	3591	3632	3906	4169	4302	4404	4643	4642	4695	5120	5187	5706	5789	5468	5519	5442	5415	5293	5174	5107	4971	5103	5432	5423	5346	5361	5414	5357	5334	5023	4774	5058	5090	5286	5311	5212	5035	4894	4749	4532	4097	4227	
3407	2953	2896	2273	1326	1399	1200	1087	1222	1096	1907	1568	1835	1958	2130	2526	3103	1184	1026	711	739	431	360	408	137	299	63	9999	1082	879	634	564	319	313	404	1105	1014	771	718	731	1315	1449	1134	1083	2050	1842	1751	1612	1305	1515	1744	50	227	304	594	492	521	708	764	800	933	957	1140	1107	1349	1408	1538	1618	1796	2110	2412	1452	1699	2043	2064	2343	2562	2765	3203	3342	3326	2889	4041	3868	3652	3066	2754	2580	2757	2918	2863	2545	2976	3090	3095	3430	3445	3733	3997	4145	4263	4493	4486	4533	4980	5053	5634	5709	5360	5426	5342	5302	5160	5050	4967	4815	4989	5337	5333	5245	5273	5336	5277	5249	4896	4667	4955	5009	5216	5264	5157	4973	4820	4688	4447	3979	4089	
2748	2429	2490	1855	1260	798	786	359	475	95	559	384	520	617	725	1182	1754	1229	952	1446	1535	1491	1509	787	1207	537	857	1082	9999	29	177	288	558	743	961	140	205	311	538	991	284	474	383	730	825	737	744	706	1057	1455	1593	1297	1457	1374	1615	1667	1858	1881	1899	1860	2155	2054	2011	1759	2010	2235	2321	2302	2475	2729	2867	1616	1753	2047	2172	2269	2386	2513	2957	3102	3183	2878	3855	3711	3524	3035	2877	2815	3082	3218	3249	3408	3462	3597	3626	3807	3983	4253	4404	4570	4634	4776	4817	4967	5398	5475	5866	5880	5614	5626	5543	5537	5454	5385	5371	5176	5228	5490	5458	5376	5355	5374	5301	5268	5072	4802	5024	5036	5098	5059	4932	4741	4672	4499	4311	4062	4300	
2887	2553	2591	1943	1276	863	822	413	543	153	744	421	582	701	823	1284	1886	1224	945	1350	1434	1349	1356	678	1048	417	691	879	29	9999	68	149	381	544	756	110	143	180	386	799	277	452	319	592	869	752	738	671	916	1312	1466	1089	1235	1149	1397	1444	1632	1657	1675	1636	1933	1835	1797	1554	1809	2038	2130	2114	2281	2554	2713	1448	1597	1908	2032	2154	2282	2418	2894	3036	3105	2767	3800	3651	3453	2938	2754	2686	2942	3090	3110	3241	3321	3458	3483	3692	3857	4126	4299	4449	4520	4690	4728	4853	5316	5399	5836	5855	5556	5582	5494	5484	5383	5307	5285	5088	5143	5441	5401	5315	5296	5326	5250	5208	5002	4731	4953	4970	5069	5038	4906	4718	4630	4450	4262	3973	4209	
3032	2683	2696	2044	1283	969	872	506	651	299	988	552	770	878	1037	1478	2114	1211	936	1211	1292	1147	1142	557	815	273	477	634	177	68	9999	20	182	334	526	190	161	115	262	598	368	529	330	521	1031	858	819	735	821	1181	1364	811	951	866	1120	1155	1340	1375	1398	1362	1649	1557	1546	1327	1581	1790	1890	1889	2071	2347	2544	1292	1468	1787	1895	2058	2209	2367	2858	3005	3056	2686	3774	3619	3404	2868	2640	2545	2805	2959	2965	3036	3167	3308	3325	3559	3705	3972	4177	4323	4395	4584	4622	4738	5204	5299	5788	5822	5497	5525	5438	5420	5302	5207	5171	4992	5066	5381	5349	5258	5244	5281	5198	5164	4918	4662	4892	4916	5052	5034	4905	4711	4603	4426	4234	3900	4109	
3184	2836	2846	2206	1419	1135	1038	651	813	438	1160	572	806	925	1086	1504	2159	1340	1071	1269	1339	1152	1131	609	793	296	445	564	288	149	20	9999	99	215	378	230	161	62	151	453	377	513	286	413	1039	844	792	685	687	1032	1213	719	816	728	944	1000	1182	1200	1217	1179	1479	1377	1355	1136	1396	1600	1700	1699	1879	2165	2359	1118	1302	1627	1730	1904	2071	2235	2745	2897	2934	2537	3677	3508	3298	2733	2484	2372	2648	2810	2813	2886	3013	3153	3177	3414	3566	3837	4039	4208	4282	4461	4497	4625	5097	5192	5735	5779	5429	5466	5356	5338	5201	5101	5073	4871	4960	5298	5269	5159	5151	5189	5116	5082	4807	4545	4787	4812	4967	4954	4826	4635	4516	4342	4136	3786	3977	
3356	2971	2956	2332	1471	1304	1157	841	1018	683	1488	867	1133	1255	1425	1824	2487	1367	1120	1137	1192	945	893	554	567	256	266	319	558	381	182	99	9999	34	178	486	397	210	184	346	641	758	485	484	1332	1125	1045	907	726	1009	1213	420	499	426	647	668	830	865	890	867	1139	1065	1090	915	1171	1343	1454	1480	1661	1963	2202	1033	1239	1583	1651	1880	2077	2265	2772	2921	2936	2500	3694	3517	3300	2701	2401	2266	2518	2694	2678	2635	2859	2992	3011	3290	3395	3691	3912	4067	4166	4364	4384	4488	4978	5070	5660	5713	5341	5386	5278	5248	5104	5008	4947	4763	4870	5234	5202	5101	5107	5158	5088	5059	4745	4481	4758	4783	4972	4987	4860	4666	4531	4363	4145	3737	3900	
3537	3161	3137	2549	1671	1532	1386	1075	1244	891	1717	980	1241	1358	1535	1905	2573	1562	1328	1266	1318	1024	949	709	610	393	330	313	743	544	334	215	34	9999	59	600	501	283	183	223	744	818	539	446	1402	1176	1082	937	637	860	1082	354	373	281	457	494	658	669	687	659	921	835	856	711	954	1114	1218	1246	1431	1736	1992	852	1080	1423	1477	1727	1929	2141	2654	2806	2811	2332	3581	3396	3174	2546	2221	2079	2314	2499	2471	2400	2661	2800	2817	3108	3214	3512	3755	3903	3996	4225	4239	4328	4826	4929	5597	5653	5220	5279	5151	5121	4981	4857	4795	4620	4739	5114	5089	4997	5005	5061	4985	4945	4616	4338	4644	4677	4867	4895	4778	4570	4419	4268	4025	3596	3757	
3753	3383	3364	2798	1939	1812	1662	1347	1528	1148	1971	1096	1362	1472	1646	1977	2653	1827	1590	1474	1517	1178	1096	935	761	600	481	404	961	756	526	378	178	59	9999	769	632	407	240	116	855	892	620	432	1469	1234	1121	975	544	707	910	379	316	179	280	347	531	482	490	452	713	608	607	474	698	837	945	977	1150	1456	1722	653	869	1209	1245	1518	1738	1958	2476	2639	2628	2123	3424	3230	2998	2328	1991	1824	2056	2238	2206	2140	2391	2548	2567	2890	2985	3295	3540	3701	3803	4023	4038	4141	4664	4756	5508	5568	5065	5123	5006	4965	4798	4692	4636	4422	4562	4961	4937	4822	4834	4910	4823	4787	4429	4170	4467	4511	4736	4771	4666	4428	4291	4125	3875	3401	3559	
3097	2834	2889	2280	1653	1210	1175	705	842	370	880	161	337	427	550	947	1578	1611	1330	1724	1802	1682	1672	1024	1333	680	939	1105	140	110	190	230	486	600	769	9999	11	136	308	701	53	179	107	391	546	429	414	364	660	1049	1164	1275	1357	1224	1401	1496	1722	1681	1684	1623	1946	1814	1718	1435	1669	1927	2004	1963	2137	2378	2509	1218	1337	1618	1758	1847	1960	2090	2575	2740	2819	2480	3533	3380	3180	2665	2487	2429	2736	2884	2917	3162	3150	3297	3323	3504	3711	3970	4135	4299	4344	4506	4559	4722	5197	5309	5798	5814	5481	5496	5388	5378	5262	5168	5159	4940	4990	5307	5254	5145	5118	5141	5063	5026	4800	4534	4749	4759	4842	4790	4676	4459	4376	4212	4000	3754	3990	
3207	2925	2967	2370	1710	1300	1248	781	933	446	1031	213	396	493	630	1018	1667	1653	1368	1707	1782	1635	1617	1009	1269	650	865	1014	205	143	161	161	397	501	632	11	9999	63	200	561	75	166	55	289	580	440	403	340	547	909	1053	1157	1227	1091	1247	1351	1576	1532	1533	1469	1792	1656	1556	1281	1513	1772	1848	1807	1978	2227	2361	1079	1198	1491	1624	1730	1857	1994	2492	2661	2738	2361	3472	3313	3098	2560	2357	2300	2605	2761	2797	3029	3028	3178	3202	3390	3605	3870	4027	4206	4258	4408	4466	4632	5119	5232	5760	5784	5427	5448	5331	5313	5180	5095	5082	4856	4908	5242	5182	5083	5064	5087	5013	4962	4736	4446	4687	4703	4789	4761	4638	4409	4320	4154	3942	3665	3904	
3310	2995	3016	2409	1670	1338	1256	819	992	532	1215	400	612	724	873	1266	1934	1599	1325	1550	1625	1432	1403	863	1050	516	660	771	311	180	115	62	210	283	407	136	63	9999	73	377	223	311	118	235	794	607	546	452	489	820	986	888	948	814	981	1074	1295	1253	1258	1196	1518	1392	1316	1061	1303	1539	1621	1596	1775	2050	2212	937	1096	1409	1523	1668	1824	1989	2501	2669	2725	2313	3481	3313	3090	2515	2273	2189	2484	2653	2674	2838	2897	3039	3067	3286	3472	3752	3928	4095	4169	4336	4381	4525	5039	5127	5701	5742	5364	5394	5274	5252	5112	5025	4999	4772	4839	5187	5146	5051	5039	5069	4988	4939	4691	4396	4660	4678	4796	4782	4668	4437	4333	4172	3946	3625	3835	
3531	3214	3224	2658	1878	1592	1495	1077	1254	788	1521	543	784	875	1056	1391	2082	1793	1526	1645	1714	1468	1414	993	1051	601	671	718	538	386	262	151	184	183	240	308	200	73	9999	167	358	390	174	129	890	688	592	479	331	595	776	790	784	624	735	837	1077	1001	998	929	1250	1115	1025	774	1004	1234	1321	1297	1473	1747	1925	682	841	1159	1263	1438	1610	1791	2317	2492	2531	2086	3329	3149	2920	2287	2027	1919	2206	2381	2396	2566	2638	2789	2815	3055	3228	3522	3716	3883	3956	4153	4195	4320	4843	4963	5622	5656	5211	5257	5113	5091	4946	4837	4803	4591	4678	5052	5013	4887	4878	4927	4836	4793	4513	4233	4495	4521	4689	4686	4552	4329	4217	4030	3805	3431	3644	
3876	3557	3554	3007	2218	2023	1898	1520	1702	1247	2020	918	1164	1264	1438	1709	2393	2130	1872	1841	1889	1565	1485	1249	1124	860	794	731	991	799	598	453	346	223	116	701	561	377	167	9999	724	694	476	217	1203	978	845	715	263	383	563	705	581	403	388	534	766	616	594	532	825	675	566	357	550	759	828	815	989	1267	1473	375	549	851	906	1146	1355	1571	2105	2268	2266	1766	3126	2929	2689	1983	1657	1519	1780	1969	1959	2079	2183	2347	2372	2675	2836	3141	3370	3541	3635	3838	3871	3991	4544	4665	5465	5518	4944	5010	4846	4817	4674	4547	4507	4289	4387	4785	4762	4653	4656	4718	4633	4586	4247	3947	4254	4294	4502	4535	4400	4188	4024	3853	3610	3146	3332	
3236	3007	3068	2509	1917	1452	1432	930	1082	553	1016	43	186	271	389	727	1359	1880	1591	1993	2072	1938	1923	1285	1573	920	1165	1315	284	277	368	377	641	744	855	53	75	223	358	724	9999	42	69	339	349	237	226	188	559	920	1020	1461	1512	1353	1483	1604	1849	1769	1762	1687	2021	1869	1732	1428	1643	1919	1981	1921	2085	2315	2401	1128	1208	1465	1615	1665	1763	1870	2353	2525	2628	2294	3352	3198	2996	2482	2325	2291	2614	2760	2816	3140	3066	3212	3242	3399	3643	3898	4035	4217	4255	4390	4457	4646	5135	5257	5769	5785	5428	5439	5312	5304	5169	5093	5092	4852	4877	5206	5143	5046	5017	5028	4931	4881	4699	4397	4618	4628	4705	4648	4503	4296	4220	4028	3833	3606	3872	
3421	3209	3269	2747	2167	1711	1690	1177	1333	780	1226	58	169	236	354	607	1261	2134	1846	2203	2279	2133	2107	1500	1745	1118	1337	1449	474	452	529	513	758	818	892	179	166	311	390	694	42	9999	80	272	238	114	85	55	435	758	822	1569	1580	1404	1481	1631	1884	1769	1751	1664	2008	1841	1659	1342	1537	1830	1874	1803	1953	2170	2230	980	1033	1258	1418	1440	1526	1624	2115	2276	2385	2070	3145	2991	2786	2245	2118	2097	2423	2576	2650	3053	2915	3069	3100	3241	3509	3768	3890	4068	4109	4249	4314	4506	5040	5147	5713	5720	5332	5344	5186	5181	5057	4976	4983	4729	4740	5079	5019	4890	4850	4865	4774	4730	4538	4245	4444	4450	4532	4468	4324	4117	4027	3844	3650	3416	3704	
3404	3148	3191	2638	1980	1570	1525	1042	1197	669	1245	176	360	442	580	895	1573	1921	1636	1934	2012	1831	1799	1230	1436	841	1036	1134	383	319	330	286	485	539	620	107	55	118	174	476	69	80	9999	150	465	309	255	172	361	690	802	1251	1273	1101	1194	1337	1579	1488	1478	1400	1736	1576	1433	1136	1349	1626	1688	1633	1795	2042	2153	861	968	1234	1377	1463	1580	1719	2219	2394	2482	2110	3251	3087	2878	2299	2117	2060	2374	2542	2590	2903	2847	2996	3026	3206	3438	3709	3860	4028	4085	4248	4303	4470	5001	5106	5692	5710	5317	5340	5188	5178	5053	4958	4946	4717	4747	5094	5047	4926	4897	4926	4829	4784	4563	4275	4505	4517	4631	4585	4440	4236	4138	3951	3750	3462	3715	
3732	3464	3491	2949	2253	1926	1854	1393	1566	1042	1699	460	657	740	890	1140	1836	2182	1911	2068	2137	1880	1824	1400	1451	990	1063	1083	730	592	521	413	484	446	432	391	289	235	129	217	339	272	150	9999	668	473	373	265	91	345	459	1128	1066	855	864	1048	1305	1145	1125	1039	1373	1193	1020	724	906	1183	1236	1175	1338	1576	1698	472	568	832	956	1081	1227	1397	1922	2104	2155	1729	3006	2822	2578	1930	1701	1626	1941	2118	2155	2496	2424	2598	2636	2839	3075	3362	3529	3707	3768	3938	3989	4167	4720	4832	5560	5588	5077	5099	4949	4933	4779	4689	4674	4409	4475	4849	4792	4688	4671	4710	4611	4567	4298	3985	4255	4277	4412	4401	4279	4044	3923	3749	3513	3157	3400	
3498	3369	3457	2987	2574	2055	2081	1560	1688	1137	1347	191	112	78	108	168	703	2556	2278	2719	2788	2682	2666	2041	2326	1671	1924	2050	825	869	1031	1039	1332	1402	1469	546	580	794	890	1203	349	238	465	668	9999	33	100	185	763	1049	1031	2167	2170	1988	2027	2192	2447	2307	2280	2188	2524	2343	2133	1798	1953	2250	2276	2180	2305	2477	2464	1316	1291	1426	1607	1527	1533	1557	1974	2136	2287	2088	2982	2852	2668	2229	2195	2236	2584	2706	2808	3354	3088	3233	3275	3351	3668	3899	3971	4157	4168	4267	4350	4580	5096	5233	5759	5741	5361	5353	5185	5190	5075	5020	5048	4766	4732	5052	4956	4829	4777	4769	4678	4623	4499	4209	4361	4348	4355	4260	4114	3894	3847	3666	3492	3374	3708	
3533	3371	3449	2958	2486	1995	1998	1483	1617	1058	1371	132	128	125	204	337	914	2454	2173	2572	2649	2510	2488	1879	2139	1499	1732	1842	737	752	858	844	1125	1176	1234	429	440	607	688	978	237	114	309	473	33	9999	8	66	562	840	845	1951	1944	1754	1786	1962	2215	2078	2052	1954	2292	2121	1899	1567	1733	2039	2064	1970	2103	2280	2287	1106	1098	1261	1437	1387	1420	1476	1920	2089	2222	1975	2961	2820	2619	2141	2067	2093	2432	2568	2668	3183	2948	3098	3136	3229	3542	3788	3877	4054	4073	4199	4278	4491	5030	5148	5711	5704	5305	5304	5138	5139	5020	4939	4966	4700	4679	5014	4918	4790	4750	4751	4661	4600	4441	4152	4330	4322	4359	4284	4136	3917	3850	3667	3482	3317	3637	
3598	3416	3492	2993	2489	2017	2010	1495	1640	1073	1447	151	187	197	298	427	1045	2451	2169	2533	2605	2446	2413	1842	2066	1447	1652	1751	744	738	819	792	1045	1082	1121	414	403	546	592	845	226	85	255	373	100	8	9999	10	447	721	733	1855	1831	1633	1655	1838	2100	1943	1914	1818	2162	1980	1757	1427	1584	1893	1919	1827	1958	2148	2160	969	965	1133	1312	1274	1319	1387	1851	2017	2149	1869	2913	2762	2551	2043	1950	1966	2311	2450	2547	3069	2840	2993	3031	3133	3441	3695	3794	3967	3986	4122	4207	4403	4952	5085	5680	5677	5246	5251	5086	5084	4948	4872	4891	4628	4611	4948	4861	4746	4709	4716	4609	4555	4386	4085	4287	4283	4328	4261	4117	3888	3818	3634	3432	3240	3561	
3624	3420	3487	2977	2429	1986	1962	1453	1603	1042	1482	156	254	280	393	547	1189	2384	2112	2433	2509	2330	2297	1741	1938	1341	1530	1612	706	671	735	685	907	937	975	364	340	452	479	715	188	55	172	265	185	66	10	9999	346	605	640	1708	1677	1483	1499	1678	1942	1785	1762	1662	2009	1825	1604	1281	1444	1748	1779	1692	1828	2027	2058	837	852	1052	1214	1201	1275	1358	1844	2014	2135	1820	2919	2760	2541	2002	1881	1881	2220	2365	2457	2954	2756	2909	2947	3072	3366	3627	3737	3914	3940	4076	4158	4352	4901	5045	5658	5658	5210	5222	5061	5056	4913	4828	4840	4579	4581	4928	4845	4731	4696	4710	4606	4553	4360	4060	4273	4275	4340	4288	4144	3916	3829	3647	3439	3214	3520	
3979	3730	3760	3238	2592	2274	2196	1746	1922	1386	2030	658	838	893	1060	1207	1890	2516	2244	2354	2409	2144	2074	1717	1705	1300	1326	1305	1057	916	821	687	726	637	544	660	547	489	331	263	559	435	361	91	763	562	447	346	9999	123	209	1307	1171	949	862	1077	1343	1130	1090	984	1318	1119	871	575	720	1002	1031	942	1085	1297	1376	253	310	530	636	748	886	1066	1586	1769	1811	1370	2720	2512	2240	1574	1345	1284	1600	1773	1825	2262	2120	2288	2328	2533	2807	3100	3265	3455	3511	3692	3750	3922	4501	4645	5460	5480	4868	4900	4735	4723	4560	4454	4438	4191	4239	4642	4575	4439	4420	4469	4371	4325	4042	3738	3996	4020	4195	4193	4047	3811	3684	3495	3243	2863	3119	
4274	4012	4037	3545	2907	2654	2567	2140	2312	1785	2425	1022	1189	1230	1386	1467	2119	2833	2594	2631	2680	2371	2290	2035	1937	1620	1583	1515	1455	1312	1181	1032	1009	860	707	1049	909	820	595	383	920	758	690	345	1049	840	721	605	123	9999	30	1467	1276	1040	848	1087	1349	1078	1025	896	1207	1000	711	437	497	765	764	655	769	934	985	60	70	242	323	439	588	779	1289	1464	1475	1003	2410	2189	1910	1207	955	876	1191	1362	1417	1940	1716	1895	1935	2138	2437	2763	2927	3127	3187	3375	3434	3630	4228	4360	5275	5297	4615	4652	4465	4441	4290	4186	4173	3887	3944	4358	4308	4187	4170	4221	4122	4069	3761	3436	3727	3759	3945	3965	3831	3588	3430	3238	2970	2514	2785	
4358	4135	4163	3677	3073	2802	2735	2300	2472	1937	2535	1082	1223	1250	1390	1411	2035	3000	2770	2826	2876	2594	2515	2235	2164	1830	1808	1744	1593	1466	1364	1213	1213	1082	910	1164	1053	986	776	563	1020	822	802	459	1031	845	733	640	209	30	9999	1696	1497	1259	1062	1301	1562	1278	1212	1091	1393	1168	847	571	595	869	850	739	816	946	934	134	56	147	247	297	423	576	1072	1240	1268	824	2204	1983	1703	1028	812	782	1104	1257	1335	1988	1650	1837	1879	2039	2380	2702	2848	3049	3092	3268	3341	3553	4165	4310	5230	5242	4542	4562	4375	4358	4207	4098	4100	3806	3841	4262	4201	4060	4037	4083	3977	3933	3641	3312	3592	3621	3796	3810	3673	3415	3262	3067	2794	2342	2655	
3616	3168	3097	2524	1570	1666	1470	1348	1494	1339	2160	1721	1990	2112	2271	2652	3221	1430	1279	871	888	535	443	614	243	497	208	50	1297	1089	811	719	420	354	379	1275	1157	888	790	705	1461	1569	1251	1128	2167	1951	1855	1708	1307	1467	1696	9999	84	173	440	318	321	504	555	596	703	741	941	953	1175	1199	1335	1429	1599	1911	2237	1365	1615	1952	1953	2252	2488	2704	3138	3276	3244	2785	3963	3791	3572	2964	2633	2435	2599	2770	2697	2299	2799	2914	2917	3272	3266	3562	3840	3974	4112	4347	4331	4368	4817	4893	5552	5641	5237	5318	5225	5175	5044	4902	4809	4682	4847	5229	5230	5133	5163	5243	5177	5153	4777	4540	4843	4898	5141	5196	5100	4911	4757	4610	4368	3871	3952	
3842	3425	3368	2821	1903	1968	1777	1613	1770	1550	2376	1767	2040	2154	2322	2663	3239	1765	1594	1193	1210	809	702	900	480	724	419	227	1457	1235	951	816	499	373	316	1357	1227	948	784	581	1512	1580	1273	1066	2170	1944	1831	1677	1171	1276	1497	84	9999	35	218	106	130	258	302	347	432	455	648	683	877	879	1018	1115	1283	1583	1928	1137	1388	1713	1695	2020	2251	2493	2941	3083	3033	2539	3778	3590	3365	2739	2352	2150	2296	2484	2389	1977	2498	2624	2629	3005	2994	3303	3602	3739	3869	4128	4107	4146	4616	4696	5444	5542	5055	5131	5043	4996	4826	4702	4604	4453	4651	5048	5052	4948	4988	5071	5015	4982	4571	4318	4659	4715	4979	5055	4949	4743	4576	4418	4189	3647	3720	
3893	3499	3449	2905	2013	2018	1841	1621	1784	1509	2338	1600	1873	1988	2162	2484	3090	1878	1694	1366	1390	998	876	997	614	754	479	304	1374	1149	866	728	426	281	179	1224	1091	814	624	403	1353	1404	1101	855	1988	1754	1633	1483	949	1040	1259	173	35	9999	109	72	157	199	235	249	390	372	507	506	698	736	845	931	1104	1410	1739	900	1145	1473	1460	1781	2022	2252	2744	2888	2839	2316	3608	3412	3182	2525	2143	1935	2108	2288	2210	1890	2337	2476	2486	2866	2887	3191	3486	3635	3761	4001	3992	4051	4546	4639	5419	5520	4986	5068	4952	4908	4748	4612	4530	4362	4543	4943	4939	4836	4866	4956	4880	4853	4445	4200	4523	4578	4838	4914	4799	4597	4416	4276	4016	3491	3582	
4159	3780	3740	3214	2382	2361	2195	1952	2128	1795	2609	1713	1976	2075	2243	2516	3120	2252	2070	1750	1771	1361	1237	1366	968	1088	804	594	1615	1397	1120	944	647	457	280	1401	1247	981	735	388	1483	1481	1194	864	2027	1786	1655	1499	862	848	1062	440	218	109	9999	37	174	64	61	38	197	145	227	258	398	415	518	585	745	1034	1360	678	900	1193	1155	1498	1747	1998	2477	2627	2559	2001	3360	3156	2911	2206	1800	1579	1734	1921	1838	1531	1959	2101	2111	2516	2539	2880	3181	3333	3468	3726	3713	3777	4297	4382	5245	5369	4747	4828	4719	4673	4498	4350	4274	4098	4284	4714	4711	4598	4641	4725	4658	4630	4197	3920	4272	4321	4629	4717	4602	4376	4200	4037	3780	3200	3287	
4103	3706	3654	3129	2267	2303	2131	1922	2089	1812	2632	1852	2123	2215	2391	2684	3263	2139	1965	1574	1586	1167	1053	1262	808	1030	716	492	1667	1444	1155	1000	668	494	347	1496	1351	1074	837	534	1604	1631	1337	1048	2192	1962	1838	1678	1077	1087	1301	318	106	72	37	9999	54	41	79	105	181	185	355	432	573	552	667	772	917	1212	1563	905	1144	1445	1406	1749	1999	2238	2709	2847	2780	2232	3545	3349	3109	2439	2036	1808	1941	2134	2032	1604	2133	2248	2254	2684	2666	2988	3306	3444	3584	3845	3827	3869	4357	4435	5282	5412	4814	4915	4794	4755	4588	4433	4345	4202	4388	4801	4808	4721	4754	4840	4776	4756	4314	4058	4399	4465	4765	4849	4756	4541	4349	4214	3944	3371	3438	
4139	3721	3656	3141	2276	2370	2183	2037	2185	1967	2768	2094	2352	2461	2634	2906	3473	2143	1997	1521	1520	1093	962	1297	781	1119	762	521	1858	1632	1340	1182	830	658	531	1722	1576	1295	1077	766	1849	1884	1579	1305	2447	2215	2100	1942	1343	1349	1562	321	130	157	174	54	9999	92	141	202	173	253	489	615	755	673	798	918	1064	1345	1722	1156	1401	1693	1636	1992	2231	2483	2910	3037	2962	2443	3701	3508	3281	2641	2224	1998	2101	2275	2163	1598	2222	2338	2337	2774	2712	3025	3360	3494	3641	3911	3880	3892	4363	4428	5260	5405	4824	4935	4827	4777	4621	4463	4354	4233	4434	4854	4870	4775	4816	4924	4859	4833	4384	4150	4496	4561	4869	4975	4874	4677	4485	4336	4085	3497	3535	
4285	3889	3836	3333	2517	2551	2368	2166	2327	2045	2834	2002	2255	2354	2529	2777	3353	2380	2214	1816	1826	1402	1274	1514	1046	1278	944	708	1881	1657	1375	1200	865	669	482	1681	1532	1253	1001	616	1769	1769	1488	1145	2307	2078	1943	1785	1130	1078	1278	504	258	199	64	41	92	9999	1	24	56	60	234	357	456	389	496	593	735	1008	1366	860	1092	1361	1299	1652	1908	2158	2611	2750	2665	2106	3430	3226	2991	2301	1876	1640	1745	1930	1817	1350	1900	2025	2028	2466	2427	2778	3105	3253	3397	3679	3652	3690	4195	4274	5140	5291	4669	4762	4654	4594	4414	4275	4183	4014	4233	4667	4675	4567	4611	4719	4651	4628	4162	3900	4266	4323	4657	4757	4663	4425	4243	4094	3827	3216	3267	
4316	3932	3884	3382	2576	2596	2419	2204	2364	2072	2857	1991	2242	2339	2515	2755	3328	2444	2270	1891	1901	1480	1346	1572	1111	1324	1003	764	1899	1675	1398	1217	890	687	490	1684	1533	1258	998	594	1762	1751	1478	1125	2280	2052	1914	1762	1090	1025	1212	555	302	235	61	79	141	1	9999	4	45	25	172	307	395	335	433	533	653	926	1286	806	1028	1291	1218	1575	1832	2087	2538	2679	2587	2022	3369	3165	2922	2217	1794	1556	1663	1853	1739	1298	1822	1948	1951	2386	2357	2719	3047	3195	3343	3625	3600	3637	4151	4236	5111	5263	4626	4723	4600	4547	4373	4231	4133	3966	4183	4611	4625	4515	4558	4668	4592	4569	4104	3839	4214	4275	4596	4710	4601	4377	4190	4030	3769	3151	3201	
4321	3951	3911	3403	2612	2605	2437	2198	2362	2048	2830	1909	2166	2251	2427	2667	3245	2488	2303	1955	1971	1550	1426	1602	1164	1333	1035	800	1860	1636	1362	1179	867	659	452	1623	1469	1196	929	532	1687	1664	1400	1039	2188	1954	1818	1662	984	896	1091	596	347	249	38	105	202	24	4	9999	88	23	119	224	312	270	363	449	573	839	1185	693	897	1158	1099	1452	1706	1957	2411	2563	2474	1905	3273	3072	2825	2111	1680	1446	1564	1754	1646	1284	1749	1881	1889	2316	2313	2676	2996	3152	3296	3569	3551	3604	4127	4222	5101	5243	4595	4694	4565	4514	4337	4200	4105	3931	4132	4568	4573	4460	4505	4605	4537	4509	4046	3785	4149	4216	4528	4640	4528	4304	4107	3951	3692	3074	3131	
