NAME: gr17Preorder
TYPE: ATSP
DIMENSION: 17
EDGE_WEIGHT_TYPE: EXPLICIT
EDGE_WEIGHT_FORMAT: FULL_MATRIX 
EDGE_WEIGHT_SECTION
9999	118	62	18	94	32	15	28	63	109	86	76	12	48	67	58	26	
118	9999	91	120	49	107	116	112	114	70	68	119	115	103	95	122	110	
62	91	9999	50	37	24	43	34	89	64	23	99	42	13	6	104	30	
18	120	50	9999	90	25	14	21	38	105	76	56	0	39	55	53	17	
94	49	37	90	9999	66	84	74	81	43	9	96	82	57	44	111	72	
32	107	24	25	66	9999	10	2	65	87	47	78	16	21	27	88	3	
15	116	43	14	84	10	9999	1	51	101	71	72	5	32	46	79	1	
28	112	34	21	74	2	1	9999	59	93	60	75	11	22	36	83	4	
63	114	89	38	81	65	51	59	9999	108	85	19	41	77	90	45	52	
109	70	64	105	43	87	101	93	108	9999	34	117	100	80	56	121	91	
86	68	23	76	9	47	71	60	85	34	9999	98	69	40	29	113	54	
76	119	99	56	96	78	72	75	19	117	98	9999	61	92	102	35	73	
12	115	42	0	82	16	5	11	41	100	69	61	9999	31	45	70	7	
48	103	13	39	57	21	32	22	77	80	40	92	31	9999	8	97	20	
67	95	6	55	44	27	46	36	90	56	29	102	45	8	9999	106	33	
58	122	104	53	111	88	79	83	45	121	113	35	70	97	106	9999	80	
26	110	30	17	72	3	1	4	52	91	54	73	7	20	33	80	9999	
EOF