NAME: gr21Preorder
TYPE: ATSP
DIMENSION: 21
EDGE_WEIGHT_TYPE: EXPLICIT
EDGE_WEIGHT_FORMAT: FULL_MATRIX 
EDGE_WEIGHT_SECTION
9999	85	102	12	62	23	17	20	81	59	23	6	99	106	79	42	41	74	26	38	61	
85	9999	56	67	95	78	79	83	98	52	61	72	57	37	9	79	72	43	73	46	21	
102	56	9999	98	63	82	93	90	47	110	103	94	111	95	71	68	114	101	113	96	82	
12	67	98	9999	55	18	8	14	76	44	4	0	87	92	61	37	37	54	24	21	44	
62	95	63	55	9999	38	52	45	18	96	70	52	116	113	94	19	105	107	82	79	79	
23	78	82	18	38	9999	13	2	55	58	31	12	98	100	72	19	59	70	42	41	53	
17	79	93	8	52	13	9999	1	69	55	24	3	96	101	75	31	52	68	34	32	55	
20	83	90	14	45	2	1	9999	63	59	27	5	99	104	77	25	55	72	38	34	59	
81	98	47	76	18	55	69	63	9999	101	89	70	117	115	97	36	108	109	97	86	84	
59	52	110	44	96	58	55	59	101	9999	38	48	40	45	39	78	22	7	37	22	29	
23	61	103	4	70	31	24	27	89	38	9999	11	79	86	54	50	27	50	19	15	38	
6	72	94	0	52	12	3	5	70	48	11	9999	91	95	67	32	42	61	26	26	50	
99	57	111	87	116	98	96	99	117	40	79	91	9999	30	47	112	65	28	80	63	54	
106	37	95	92	113	100	101	104	115	45	86	95	30	9999	26	105	71	33	88	69	44	
79	9	71	61	94	72	75	77	97	39	54	67	47	26	9999	78	62	30	66	41	16	
42	79	68	37	19	19	31	25	36	78	50	32	112	105	78	9999	80	91	60	64	61	
41	72	114	37	105	59	52	55	108	22	27	42	65	71	62	80	9999	35	10	32	44	
74	43	101	54	107	70	68	72	109	7	50	61	28	33	30	91	35	9999	51	34	25	
26	73	113	24	82	42	34	38	97	37	19	26	80	88	66	60	10	51	9999	23	49	
38	46	96	21	79	41	32	34	86	22	15	26	63	69	41	64	32	34	23	9999	22	
61	21	82	44	79	53	55	59	84	29	38	50	54	44	16	61	44	25	49	22	9999	
EOF