NAME: gr229Preorder
TYPE: ATSP
DIMENSION: 229
EDGE_WEIGHT_TYPE: EXPLICIT
EDGE_WEIGHT_FORMAT: FULL_MATRIX 
EDGE_WEIGHT_SECTION
9999	228	602	643	945	1153	1085	1204	1653	1471	1883	948	972	1130	1386	1364	1516	1674	2074	1826	1726	2028	2453	2603	2650	1127	1410	803	1608	1966	2299	2600	2461	3104	3052	3138	3306	3468	3373	3883	3739	3431	4267	5060	4250	4399	4689	4820	5258	5174	2463	2733	2628	2688	2587	2666	2865	2866	2958	3107	3237	3265	3466	3374	3384	3417	4205	4517	4524	5181	5229	5460	5323	4552	4312	4250	4140	4251	3767	3650	3310	3090	2987	2843	2977	3170	3243	3674	3482	3819	3836	3280	3540	3911	3718	3928	4167	4147	4220	4089	4371	4611	4693	4412	4550	4653	4740	4866	5061	5104	5510	4961	5339	5601	5416	5690	5809	5791	6167	6172	6343	6473	6794	4913	5085	5470	5629	5839	6343	6227	6331	6523	6269	6783	6841	7261	7109	6780	7506	7737	7922	7607	8017	8275	8581	8607	8746	8768	8898	9143	8593	8113	8025	8446	8793	8497	8910	9094	8149	7840	7789	7419	6485	6682	6504	4933	4806	5143	5321	5507	5790	6379	6328	5712	5747	5930	5302	5430	5032	5037	4996	5283	5023	4783	5363	5516	5845	5517	5792	5938	6166	6100	5978	6098	6118	6039	6074	6226	6622	8213	9091	9379	9548	9371	9936	10413	10580	10751	10534	10382	9965	9917	11091	11069	11033	10884	10492	10278	10340	10366	9728	9392	8750	8557	9639	10168	10481	10687	10608	
228	9999	428	589	827	1076	921	988	1452	1183	1572	583	537	658	912	969	1149	1320	1723	1408	1270	1550	2001	2157	2178	672	965	647	1552	1563	1951	2328	2013	2649	2569	2645	2813	3067	3134	3615	3552	3434	4514	5156	4338	4291	4644	4752	5228	5052	2166	2453	2290	2317	2201	2245	2454	2496	2566	2721	2851	2887	3089	2998	3010	3037	3792	4109	4114	4755	4809	5029	4874	4061	3825	3772	3663	3796	3306	3185	2866	2645	2549	2388	2505	2691	2781	3208	3003	3335	3340	2778	3038	3408	3221	3436	3675	3650	3720	3583	3870	4113	4192	3930	4064	4157	4251	4388	4595	4649	5063	4469	4863	5134	4927	5207	5338	5304	5674	5684	5857	5996	6320	4456	4650	5031	5190	5420	5916	5811	5936	6134	5895	6415	6479	6895	6728	6374	7127	7370	7571	7225	7657	7952	8298	8330	8513	8539	8677	8953	8344	7807	7730	8181	8586	8264	8733	8948	7915	7583	7526	7150	6175	6406	6242	4506	4469	4830	4968	5166	5413	6064	6057	5422	5491	5684	5021	5202	4758	4801	4757	5072	4844	4642	5180	5333	5669	5461	5709	5848	6067	5969	5857	5963	5984	5876	5884	6053	6404	8110	8976	9304	9453	9210	9741	10283	10484	10641	10452	10293	9856	9772	11042	11025	11005	10855	10520	10333	10358	10330	9689	9382	8756	8731	9763	10336	10579	10834	10769	
602	428	9999	87	202	411	271	346	746	573	955	270	488	743	930	599	663	779	1153	1003	1015	1343	1661	1798	1927	1030	1309	1339	2296	2041	2502	2949	2365	2947	2731	2741	2935	3508	3786	4239	4245	4192	5200	5897	5084	5008	5373	5471	5959	5746	1507	1783	1690	1771	1684	1812	1995	1946	2052	2199	2322	2343	2538	2448	2457	2493	3295	3599	3612	4313	4341	4605	4505	3869	3588	3470	3351	3410	2949	2844	2478	2267	2146	2056	2240	2455	2450	2874	2743	3072	3165	2705	2995	3395	3301	3568	3809	3763	3796	3585	3871	4098	4150	4109	4212	4224	4358	4564	4798	4882	5312	4505	4976	5328	4925	5288	5487	5326	5711	5763	5904	6027	6349	4706	4951	5314	5470	5751	6214	6157	6314	6498	6316	6825	6887	7248	7065	6697	7379	7611	7823	7448	7864	8174	8502	8529	8699	8736	8882	9176	8591	8095	8068	8485	8826	8606	9003	9217	8327	8017	7960	7611	6670	6943	6810	4844	4978	5360	5439	5655	5836	6557	6610	5983	6093	6290	5598	5824	5337	5420	5372	5707	5503	5332	5844	5998	6332	6189	6422	6554	6753	6647	6546	6639	6658	6544	6532	6693	7003	8576	9281	9636	9734	9457	9843	10441	10618	10779	10616	10499	10113	9973	11185	11184	11172	11065	10754	10576	10591	10563	10005	9723	9155	9078	10059	10502	10776	10949	10759	
643	589	87	9999	107	267	226	360	698	641	1022	480	739	1028	1203	794	824	905	1246	1179	1232	1585	1857	1990	2148	1301	1598	1543	2485	2326	2774	3211	2655	3240	3017	3022	3215	3805	4049	4509	4491	4368	5260	6037	5226	5228	5571	5679	6156	5981	1534	1797	1759	1876	1806	1972	2136	2046	2165	2305	2422	2436	2625	2530	2536	2575	3407	3706	3723	4446	4463	4737	4661	4093	3800	3663	3537	3571	3122	3022	2639	2439	2312	2252	2450	2665	2631	3055	2954	3281	3395	2960	3253	3659	3577	3854	4094	4047	4073	3851	4136	4353	4401	4393	4496	4497	4638	4848	5078	5162	5598	4769	5249	5611	5175	5557	5762	5585	5978	6038	6167	6278	6595	4991	5241	5601	5756	6051	6496	6433	6596	6782	6597	7098	7166	7502	7334	6967	7623	7855	8048	7693	8089	8385	8670	8701	8859	8900	9028	9320	8754	8305	8278	8657	8980	8763	9159	9356	8523	8227	8179	7849	6937	7206	7064	5129	5261	5640	5724	5942	6129	6832	6873	6253	6355	6550	5870	6092	5609	5682	5634	5970	5748	5566	6098	6239	6570	6387	6631	6763	6961	6868	6768	6861	6879	6779	6776	6929	7248	8717	9422	9742	9855	9590	9970	10531	10715	10873	10712	10584	10225	10097	11233	11227	11214	11129	10795	10606	10650	10635	10098	9815	9238	9080	10064	10471	10763	10888	10670	
945	827	202	107	9999	71	35	142	424	412	738	459	772	1068	1201	673	644	676	988	995	1115	1461	1664	1781	1981	1410	1693	1798	2749	2447	2924	3392	2715	3268	2994	2974	3167	3888	4237	4679	4701	4651	5584	6332	5521	5462	5828	5931	6408	6204	1221	1478	1463	1597	1540	1735	1885	1758	1890	2024	2135	2144	2335	2241	2246	2284	3122	3415	3434	4170	4178	4465	4406	3907	3601	3441	3315	3323	2892	2798	2405	2209	2076	2047	2266	2491	2418	2833	2760	3079	3227	2840	3138	3549	3507	3802	4039	3981	3994	3746	4027	4237	4272	4350	4443	4409	4566	4801	5043	5138	5579	4667	5176	5569	5056	5465	5698	5469	5864	5940	6061	6167	6479	4979	5248	5598	5750	6069	6496	6451	6632	6813	6653	7152	7213	7529	7355	6978	7610	7842	8036	7666	8062	8373	8658	8689	8852	8902	9038	9342	8770	8323	8316	8686	8999	8815	9194	9414	8580	8308	8253	7933	7037	7324	7200	5155	5370	5757	5813	6043	6188	6924	7000	6382	6502	6707	6017	6255	5753	5854	5801	6155	5954	5784	6288	6431	6763	6633	6862	6986	7187	7078	6976	7070	7087	6969	6955	7116	7396	8836	9496	9833	9925	9628	9938	10540	10728	10880	10743	10625	10281	10115	11248	11249	11240	11175	10898	10714	10743	10704	10183	9928	9377	9245	10191	10562	10866	10967	10709	
1153	1076	411	267	71	9999	85	201	327	449	721	657	1012	1299	1412	830	743	733	990	1092	1261	1608	1748	1853	2084	1671	1946	2062	3011	2697	3183	3662	2954	3489	3192	3155	3353	4135	4508	4942	4968	4909	5784	6564	5762	5726	6096	6193	6662	6462	1139	1366	1407	1577	1542	1773	1900	1728	1873	1996	2098	2099	2281	2186	2189	2235	3083	3366	3389	4143	4137	4437	4406	3989	3670	3487	3358	3335	2927	2840	2436	2251	2111	2115	2353	2577	2473	2878	2838	3147	3326	2979	3282	3696	3680	3983	4215	4154	4156	3891	4166	4369	4395	4540	4620	4564	4730	4978	5228	5329	5768	4809	5336	5742	5179	5614	5867	5601	5999	6088	6188	6287	6599	5174	5452	5794	5955	6272	6692	6657	6844	7016	6871	7356	7413	7715	7532	7180	7775	7989	8179	7823	8194	8499	8760	8790	8954	9000	9148	9458	8890	8472	8474	8808	9121	8945	9316	9533	8723	8482	8435	8123	7264	7539	7425	5372	5617	6015	6063	6278	6410	7161	7241	6630	6754	6950	6267	6512	6018	6119	6072	6408	6217	6059	6548	6691	7013	6884	7116	7237	7419	7324	7231	7317	7332	7223	7206	7358	7621	8977	9619	9952	10049	9721	10019	10598	10790	10951	10820	10707	10377	10201	11282	11285	11279	11219	10980	10783	10823	10788	10294	10052	9509	9327	10263	10577	10909	10958	10658	
1085	921	271	226	35	85	9999	44	293	271	580	419	742	1036	1136	573	516	532	813	845	996	1331	1503	1618	1828	1405	1674	1878	2838	2435	2925	3413	2669	3199	2903	2868	3061	3848	4261	4688	4739	4741	5725	6435	5632	5518	5904	5999	6481	6249	1058	1306	1284	1413	1362	1563	1707	1578	1709	1841	1954	1963	2152	2057	2061	2102	2942	3231	3251	3986	3994	4280	4226	3746	3435	3272	3142	3144	2717	2626	2232	2037	1901	1881	2107	2333	2252	2662	2600	2918	3071	2704	3004	3418	3391	3694	3924	3866	3872	3611	3890	4101	4129	4248	4328	4281	4449	4695	4944	5045	5482	4537	5059	5460	4921	5341	5588	5334	5727	5808	5922	6031	6347	4892	5165	5507	5665	5990	6412	6378	6566	6746	6598	7092	7162	7467	7283	6903	7528	7765	7956	7578	7976	8297	8602	8634	8797	8853	8991	9306	8726	8259	8261	8646	8967	8789	9177	9395	8561	8282	8229	7904	7004	7308	7192	5083	5342	5735	5774	6005	6135	6895	6986	6367	6499	6709	6009	6265	5748	5863	5810	6171	5985	5830	6317	6456	6790	6699	6918	7043	7231	7122	7023	7111	7129	7003	6973	7140	7403	8851	9491	9837	9923	9597	9878	10515	10696	10849	10728	10614	10268	10089	11241	11243	11239	11182	10932	10753	10765	10716	10195	9964	9422	9327	10262	10615	10929	11012	10752	
1204	988	346	360	142	201	44	9999	219	122	419	358	670	949	1026	432	354	362	631	659	823	1159	1305	1412	1633	1348	1597	1912	2877	2360	2861	3371	2558	3064	2745	2701	2901	3740	4222	4632	4716	4781	5839	6500	5695	5514	5920	6006	6498	6234	897	1157	1108	1221	1169	1359	1503	1383	1511	1646	1759	1770	1965	1868	1875	1913	2743	3037	3055	3786	3797	4083	4024	3538	3230	3062	2939	2942	2512	2426	2027	1830	1697	1679	1904	2131	2046	2463	2400	2710	2873	2517	2818	3229	3217	3521	3754	3692	3692	3425	3700	3905	3932	4083	4160	4103	4270	4527	4780	4889	5326	4345	4885	5295	4728	5157	5413	5144	5540	5626	5729	5835	6161	4734	5020	5357	5510	5841	6263	6233	6431	6610	6474	6966	7036	7350	7155	6765	7390	7621	7833	7437	7846	8179	8502	8533	8711	8762	8915	9236	8643	8155	8168	8563	8894	8721	9122	9337	8504	8205	8152	7830	6907	7230	7116	4948	5248	5647	5667	5897	6013	6798	6910	6284	6428	6642	5930	6209	5678	5804	5750	6121	5946	5811	6279	6417	6751	6707	6916	7037	7220	7099	7006	7088	7103	6969	6934	7095	7354	8829	9451	9819	9885	9538	9803	10465	10651	10798	10682	10585	10227	10034	11222	11231	11230	11169	10945	10772	10771	10698	10179	9967	9433	9399	10321	10672	10982	11067	10808	
1653	1452	746	698	424	327	293	219	9999	199	269	727	1075	1328	1352	673	498	399	495	736	1016	1308	1307	1378	1667	1773	1999	2396	3361	2753	3274	3808	2894	3351	2973	2892	3087	4079	4654	5038	5152	5256	6300	6958	6179	5976	6381	6455	6945	6671	561	770	824	1008	997	1253	1346	1140	1286	1396	1492	1488	1667	1574	1575	1619	2478	2746	2773	3525	3513	3824	3812	3485	3153	2947	2814	2756	2377	2305	1887	1718	1577	1633	1892	2119	1957	2345	2352	2642	2863	2603	2906	3316	3364	3692	3910	3838	3817	3510	3774	3963	3967	4255	4313	4203	4393	4687	4946	5068	5506	4421	4990	5442	4764	5241	5529	5186	5584	5694	5772	5864	6180	4934	5244	5561	5708	6074	6455	6449	6672	6841	6740	7216	7279	7541	7352	6959	7531	7766	7957	7559	7946	8287	8587	8626	8795	8865	9003	9350	8757	8306	8350	8708	9009	8885	9254	9488	8688	8439	8384	8084	7211	7531	7441	5190	5589	6002	5986	6215	6285	7100	7245	6631	6800	7008	6298	6598	6064	6206	6158	6520	6368	6253	6690	6827	7151	7147	7341	7447	7607	7488	7410	7479	7489	7370	7322	7466	7688	9049	9618	10003	10054	9658	9831	10519	10706	10846	10762	10676	10352	10114	11257	11267	11272	11232	11076	10937	10928	10830	10348	10154	9656	9609	10470	10775	11083	11106	10777	
1471	1183	573	641	412	449	271	122	199	9999	167	396	671	908	916	293	146	109	344	400	605	905	993	1093	1318	1344	1552	2051	3007	2309	2827	3365	2439	2896	2533	2469	2661	3612	4213	4594	4731	4901	6078	6651	5851	5565	6001	6071	6577	6261	639	899	797	898	837	1031	1165	1062	1177	1308	1421	1437	1634	1537	1545	1583	2409	2699	2717	3437	3449	3733	3669	3204	2892	2718	2591	2591	2168	2079	1679	1484	1351	1341	1578	1803	1701	2114	2064	2376	2549	2230	2527	2941	2956	3272	3494	3429	3416	3132	3402	3601	3619	3833	3900	3817	3996	4273	4533	4651	5091	4055	4608	5042	4420	4877	5143	4847	5243	5335	5429	5529	5849	4508	4811	5134	5289	5636	6048	6033	6244	6416	6306	6801	6865	7167	6951	6555	7179	7415	7626	7214	7627	7987	8328	8368	8562	8634	8785	9145	8522	7988	8020	8443	8781	8633	9030	9259	8409	8107	8051	7722	6786	7136	7028	4753	5132	5543	5528	5760	5839	6668	6822	6191	6362	6580	5848	6166	5607	5758	5703	6090	5939	5834	6264	6399	6735	6766	6957	7073	7243	7110	7024	7096	7109	6964	6910	7069	7299	8813	9396	9789	9847	9450	9679	10390	10576	10725	10624	10542	10165	9926	11192	11202	11206	11150	10974	10823	10789	10683	10164	9990	9470	9531	10415	10784	11056	11156	10902	
1883	1572	955	1022	738	721	580	419	269	167	9999	695	959	1149	1092	463	253	106	79	344	633	868	789	856	1142	1607	1772	2404	3354	2504	3030	3595	2546	2940	2517	2415	2608	3709	4434	4781	4968	5225	6456	6977	6199	5826	6284	6339	6853	6494	304	542	436	545	515	729	835	681	808	933	1043	1051	1228	1142	1147	1186	2014	2305	2324	3046	3052	3344	3301	2936	2607	2409	2278	2243	1841	1762	1349	1183	1049	1096	1347	1573	1406	1801	1801	2096	2318	2079	2379	2782	2856	3187	3400	3324	3291	2978	3233	3415	3416	3752	3802	3669	3867	4176	4444	4577	5018	3878	4468	4938	4217	4709	5011	4648	5045	5158	5236	5323	5634	4450	4778	5081	5232	5603	5981	5991	6227	6392	6316	6798	6863	7131	6908	6498	7081	7328	7536	7105	7517	7893	8234	8279	8502	8571	8735	9118	8474	7937	8000	8417	8749	8640	9035	9267	8441	8141	8086	7773	6843	7219	7138	4742	5231	5646	5592	5829	5860	6730	6919	6295	6491	6720	5981	6325	5742	5932	5873	6262	6147	6078	6459	6591	6915	7021	7200	7304	7452	7313	7239	7297	7307	7164	7084	7241	7425	8911	9438	9853	9877	9436	9587	10344	10548	10673	10606	10546	10176	9891	11178	11194	11205	11162	11045	10931	10867	10729	10230	10087	9594	9712	10542	10919	11160	11213	10955	
948	583	270	480	459	657	419	358	727	396	695	9999	141	368	475	185	312	462	818	555	518	819	1155	1296	1391	714	959	1343	2303	1701	2205	2708	1936	2482	2224	2219	2410	3100	3550	3965	4060	4189	5418	5966	5151	4886	5303	5374	5892	5595	1267	1551	1361	1383	1273	1342	1540	1563	1642	1793	1923	1958	2159	2069	2081	2109	2867	3176	3182	3854	3898	4143	4012	3322	3049	2951	2834	2923	2453	2342	1991	1773	1665	1542	1706	1916	1939	2369	2219	2544	2620	2159	2450	2845	2760	3036	3274	3224	3250	3033	3316	3538	3591	3579	3678	3676	3819	4039	4278	4369	4812	3953	4443	4814	4373	4754	4964	4787	5172	5231	5362	5478	5804	4202	4469	4825	4982	5284	5728	5681	5863	6056	5887	6401	6468	6821	6622	6232	6920	7182	7394	6985	7436	7787	8142	8180	8393	8452	8611	8949	8277	7721	7711	8165	8566	8344	8791	9022	8049	7717	7651	7292	6302	6621	6495	4372	4611	5008	5047	5270	5409	6188	6288	5641	5783	6006	5280	5556	5028	5150	5098	5461	5293	5167	5627	5768	6115	6099	6304	6425	6610	6478	6386	6465	6480	6349	6305	6467	6744	8443	9128	9524	9600	9239	9613	10266	10482	10631	10495	10389	9962	9773	11100	11108	11099	11002	10747	10593	10573	10493	9895	9683	9123	9218	10156	10633	10875	11086	10942	
972	537	488	739	772	1012	742	670	1075	671	959	141	9999	94	224	282	486	661	1025	631	466	702	1138	1289	1305	401	610	1098	2022	1324	1825	2342	1572	2133	1915	1936	2122	2730	3178	3583	3690	3882	5230	5687	4883	4536	4973	5037	5562	5240	1520	1803	1559	1529	1396	1393	1609	1706	1755	1913	2048	2088	2292	2207	2222	2245	2943	3254	3255	3881	3945	4160	3991	3190	2949	2890	2779	2915	2431	2312	2001	1778	1689	1511	1630	1820	1908	2333	2131	2463	2486	1962	2240	2621	2500	2749	2989	2948	2989	2803	3087	3318	3384	3280	3387	3419	3542	3738	3972	4057	4496	3710	4169	4519	4152	4498	4685	4555	4942	4977	5123	5250	5580	3877	4131	4498	4658	4949	5403	5344	5513	5701	5528	6059	6125	6486	6291	5901	6618	6877	7112	6696	7169	7516	7893	7934	8153	8208	8398	8752	8025	7430	7408	7889	8342	8072	8582	8830	7755	7395	7338	6944	5937	6254	6131	4027	4232	4635	4681	4904	5051	5815	5917	5268	5410	5626	4907	5180	4654	4781	4728	5091	4929	4812	5260	5401	5740	5749	5960	6086	6263	6128	6039	6115	6128	5987	5939	6108	6379	8173	8930	9331	9425	9059	9479	10126	10363	10527	10379	10238	9791	9623	11006	11009	11000	10881	10639	10506	10466	10372	9732	9523	8946	9139	10084	10607	10826	11097	11010	
1130	658	743	1028	1068	1299	1036	949	1328	908	1149	368	94	9999	73	427	648	838	1166	705	464	626	1107	1260	1210	207	364	1021	1886	1051	1546	2079	1268	1833	1637	1676	1854	2430	2915	3301	3434	3707	5164	5536	4736	4299	4763	4815	5350	4992	1694	1970	1682	1616	1469	1405	1632	1784	1810	1969	2101	2151	2350	2270	2286	2303	2945	3257	3252	3838	3916	4113	3909	3029	2810	2782	2681	2850	2361	2239	1964	1741	1672	1456	1528	1702	1843	2257	2018	2342	2324	1761	2027	2398	2245	2487	2719	2683	2732	2573	2856	3090	3165	2998	3112	3164	3281	3455	3686	3764	4203	3463	3902	4234	3917	4240	4412	4313	4699	4728	4887	5013	5341	3583	3829	4201	4361	4651	5110	5048	5217	5405	5230	5747	5818	6196	5999	5605	6340	6601	6839	6417	6897	7265	7660	7699	7925	7985	8182	8578	7790	7168	7143	7642	8117	7833	8392	8659	7494	7133	7059	6661	5633	5963	5834	3720	3926	4329	4372	4600	4750	5513	5621	4973	5118	5340	4613	4904	4358	4498	4443	4817	4663	4562	4992	5131	5474	5527	5719	5841	6024	5871	5780	5856	5869	5717	5664	5833	6102	7963	8764	9190	9270	8904	9332	10008	10247	10435	10257	10116	9664	9478	10911	10918	10910	10786	10568	10445	10392	10262	9620	9401	8822	9105	10048	10613	10797	11118	11073	
1386	912	930	1203	1201	1412	1136	1026	1352	916	1092	475	224	73	9999	403	609	777	1062	584	305	412	878	1037	959	322	389	1229	2070	1047	1556	2117	1166	1678	1425	1443	1630	2332	2943	3297	3481	3852	5378	5690	4899	4372	4861	4900	5441	5042	1594	1857	1536	1440	1288	1197	1412	1603	1612	1767	1899	1956	2149	2073	2089	2103	2708	3019	3013	3580	3664	3849	3640	2755	2537	2513	2418	2592	2100	1977	1716	1497	1433	1208	1267	1432	1585	1993	1744	2070	2051	1494	1761	2140	2006	2263	2498	2458	2500	2322	2602	2833	2906	2784	2893	2926	3043	3241	3473	3561	4008	3215	3669	4024	3660	4000	4188	4064	4453	4489	4641	4768	5094	3389	3652	4018	4178	4486	4936	4886	5068	5253	5095	5615	5684	6048	5834	5433	6157	6417	6659	6226	6709	7091	7497	7537	7785	7852	8056	8496	7650	7010	7003	7521	8006	7740	8305	8599	7414	7039	6965	6573	5540	5893	5777	3556	3846	4262	4270	4503	4621	5421	5561	4913	5081	5308	4565	4887	4317	4483	4425	4813	4683	4610	5006	5141	5482	5607	5781	5899	6071	5904	5820	5887	5898	5734	5664	5833	6074	7958	8729	9181	9242	8834	9228	9924	10177	10376	10207	10079	9627	9402	10871	10880	10877	10770	10583	10478	10406	10251	9609	9424	8863	9206	10122	10691	10862	11180	11140	
1364	969	599	794	673	830	573	432	673	293	463	185	282	427	403	9999	64	206	500	204	205	488	741	880	1000	841	1012	1657	2587	1739	2266	2811	1855	2330	1997	1952	2148	3026	3649	4021	4185	4448	5781	6246	5440	5046	5499	5556	6096	5724	976	1240	1010	997	876	926	1119	1166	1224	1377	1508	1546	1747	1662	1675	1698	2441	2744	2750	3411	3456	3699	3566	2916	2634	2521	2407	2488	2017	1906	1553	1337	1229	1123	1291	1503	1505	1935	1797	2126	2227	1804	2102	2508	2473	2765	2995	2939	2946	2696	2976	3187	3227	3319	3400	3357	3516	3768	4023	4130	4577	3616	4142	4551	4021	4434	4678	4441	4838	4912	5026	5135	5459	3974	4268	4610	4767	5095	5515	5489	5696	5878	5745	6259	6332	6649	6436	6038	6698	6953	7191	6751	7207	7579	7950	7997	8219	8291	8482	8858	8137	7550	7571	8044	8465	8253	8726	8974	7982	7643	7581	7225	6225	6583	6475	4196	4558	4969	4959	5189	5279	6112	6261	5613	5788	6020	5273	5594	5032	5192	5136	5517	5381	5297	5706	5846	6190	6267	6452	6570	6740	6589	6505	6574	6585	6431	6369	6532	6763	8484	9108	9536	9588	9174	9475	10177	10420	10565	10457	10354	9921	9694	11062	11078	11082	10998	10799	10669	10617	10507	9921	9742	9206	9413	10309	10768	11003	11186	11032	
1516	1149	663	824	644	743	516	354	498	146	253	312	486	648	609	64	9999	45	303	138	283	559	694	814	998	1090	1249	1898	2837	1989	2511	3064	2074	2515	2150	2083	2280	3244	3905	4268	4443	4705	6012	6490	5691	5302	5756	5810	6346	5984	729	1005	784	803	698	806	984	977	1059	1202	1323	1354	1556	1465	1477	1504	2280	2583	2592	3277	3309	3564	3460	2898	2600	2463	2338	2381	1927	1827	1449	1243	1131	1067	1266	1486	1434	1859	1764	2085	2229	1864	2167	2574	2576	2888	3110	3044	3037	2766	3037	3243	3270	3444	3515	3440	3615	3888	4149	4265	4713	3686	4233	4666	4070	4512	4776	4495	4894	4978	5082	5185	5504	4119	4425	4756	4911	5254	5659	5645	5865	6048	5931	6428	6500	6805	6589	6184	6819	7072	7302	6858	7307	7685	8048	8091	8312	8393	8563	8942	8244	7681	7715	8164	8558	8393	8832	9069	8134	7820	7755	7401	6424	6793	6693	4365	4775	5185	5159	5393	5460	6310	6476	5833	6024	6245	5497	5830	5264	5430	5375	5759	5629	5550	5958	6099	6426	6518	6703	6817	6973	6831	6751	6817	6827	6673	6605	6768	6979	8632	9212	9644	9687	9249	9513	10235	10462	10599	10509	10423	10024	9759	11110	11124	11135	11055	10886	10758	10699	10575	10036	9854	9334	9519	10403	10821	11057	11199	11011	
1674	1320	779	905	676	733	532	362	399	109	106	462	661	838	777	206	45	9999	162	154	385	636	677	772	1008	1285	1446	2103	3042	2181	2704	3267	2244	2657	2267	2180	2377	3406	4108	4460	4645	4914	6198	6691	5897	5501	5967	6021	6543	6182	552	802	617	657	581	720	876	820	918	1060	1178	1201	1393	1304	1314	1343	2140	2444	2458	3152	3177	3444	3363	2873	2561	2399	2273	2287	1851	1757	1363	1174	1050	1031	1249	1475	1376	1791	1734	2048	2222	1908	2213	2619	2652	2973	3191	3121	3101	2813	3077	3275	3289	3533	3595	3495	3681	3969	4232	4355	4803	3726	4290	4742	4092	4556	4837	4521	4922	5018	5108	5207	5522	4220	4538	4858	5006	5365	5754	5750	5987	6161	6065	6553	6623	6904	6691	6280	6895	7152	7373	6927	7368	7749	8104	8144	8372	8453	8623	8994	8320	7768	7815	8244	8627	8480	8903	9149	8239	7925	7867	7529	6571	6938	6851	4490	4936	5350	5310	5545	5597	6452	6636	6002	6194	6416	5672	6016	5436	5615	5559	5949	5820	5744	6151	6280	6611	6717	6894	7002	7169	7013	6934	6996	7007	6857	6787	6940	7153	8731	9288	9717	9756	9310	9529	10270	10487	10623	10544	10464	10075	9802	11135	11152	11161	11096	10956	10826	10761	10630	10108	9945	9441	9601	10460	10865	11108	11212	10999	
2074	1723	1153	1246	988	990	813	631	495	344	79	818	1025	1166	1062	500	303	162	9999	249	547	704	563	611	901	1621	1746	2493	3424	2451	2978	3554	2436	2776	2332	2209	2401	3571	4380	4701	4932	5266	6588	7040	6264	5805	6286	6328	6853	6453	268	483	279	336	287	487	581	473	575	691	804	823	1018	924	933	967	1763	2060	2076	2789	2802	3081	3026	2653	2327	2125	1997	1966	1560	1481	1081	911	774	831	1091	1304	1137	1518	1523	1815	2045	1832	2129	2531	2625	2963	3167	3087	3044	2722	2975	3148	3145	3521	3561	3414	3617	3938	4210	4346	4794	3614	4214	4698	3943	4449	4764	4376	4779	4900	4968	5054	5364	4228	4568	4867	5010	5392	5751	5772	6031	6192	6130	6607	6676	6923	6704	6284	6856	7108	7333	6872	7303	7697	8053	8101	8334	8423	8601	8996	8310	7761	7832	8256	8630	8526	8931	9176	8314	8010	7944	7624	6685	7081	7005	4547	5090	5508	5428	5672	5675	6570	6794	6166	6379	6609	5858	6226	5632	5837	5777	6182	6083	6036	6389	6517	6844	7005	7173	7271	7413	7260	7195	7243	7250	7093	7001	7166	7329	8854	9349	9794	9810	9323	9463	10245	10465	10591	10543	10480	10102	9789	11120	11147	11166	11116	11029	10940	10845	10677	10180	10061	9580	9783	10578	10994	11195	11255	11020	
1826	1408	1003	1179	995	1092	845	659	736	400	344	555	631	705	584	204	138	154	249	9999	133	309	380	487	650	1139	1235	2060	2963	1924	2456	3027	1918	2296	1881	1785	1985	3061	3851	4174	4408	4787	6204	6592	5799	5294	5779	5815	6363	5943	698	948	649	595	476	507	676	747	792	946	1073	1112	1305	1220	1233	1257	1977	2287	2292	2946	2990	3231	3107	2522	2230	2091	1970	2031	1569	1465	1109	904	793	708	910	1125	1081	1493	1390	1712	1854	1514	1817	2230	2260	2575	2793	2723	2704	2423	2685	2885	2906	3132	3193	3096	3281	3564	3831	3958	4407	3330	3891	4340	3702	4159	4440	4132	4536	4631	4728	4829	5146	3821	4145	4463	4616	4978	5367	5366	5601	5769	5682	6184	6250	6534	6313	5893	6516	6779	7009	6552	7002	7409	7794	7839	8079	8164	8368	8786	8027	7430	7481	7949	8376	8209	8693	8950	7963	7628	7562	7217	6221	6614	6530	4103	4594	5014	4953	5191	5225	6107	6311	5664	5875	6113	5352	5710	5121	5321	5264	5661	5557	5508	5875	6010	6344	6515	6679	6789	6934	6774	6701	6755	6763	6597	6507	6670	6854	8558	9119	9570	9599	9124	9335	10109	10351	10500	10422	10329	9900	9632	11023	11050	11063	10997	10871	10766	10675	10528	9972	9830	9324	9621	10458	10921	11115	11253	11105	
1726	1270	1015	1232	1115	1261	996	823	1016	605	633	518	466	464	305	205	283	385	547	133	9999	128	416	550	591	837	906	1792	2661	1563	2090	2667	1560	1963	1581	1513	1711	2711	3480	3805	4046	4458	5950	6282	5488	4942	5432	5463	6020	5584	1051	1288	965	865	715	655	864	1026	1041	1187	1314	1363	1560	1481	1497	1513	2164	2477	2475	3078	3145	3357	3191	2472	2204	2116	2005	2123	1639	1521	1212	1004	919	749	881	1080	1131	1545	1369	1699	1772	1340	1638	2046	2020	2326	2547	2490	2491	2238	2510	2721	2759	2876	2950	2894	3056	3316	3572	3689	4141	3147	3676	4101	3546	3967	4219	3971	4370	4448	4565	4678	5000	3539	3849	4183	4335	4691	5094	5081	5303	5477	5371	5876	5949	6252	6039	5616	6273	6536	6779	6322	6790	7198	7589	7635	7881	7968	8177	8629	7818	7190	7226	7721	8167	7972	8512	8773	7700	7351	7279	6903	5890	6280	6191	3792	4243	4667	4619	4859	4910	5768	5968	5317	5518	5750	4997	5355	4770	4963	4906	5301	5195	5150	5511	5643	5987	6173	6334	6436	6592	6420	6353	6402	6411	6243	6160	6321	6511	8320	8939	9402	9439	8967	9241	10012	10250	10430	10315	10202	9767	9504	10955	10976	10987	10894	10756	10654	10567	10421	9809	9675	9153	9498	10360	10860	11044	11245	11152	
2028	1550	1343	1585	1461	1608	1331	1159	1308	905	868	819	702	626	412	488	559	636	704	309	128	9999	261	386	333	943	930	1953	2757	1489	2008	2596	1378	1704	1280	1196	1383	2498	3382	3662	3959	4486	6091	6320	5539	4879	5396	5409	5974	5484	1195	1403	1038	873	713	558	754	1008	978	1118	1237	1300	1480	1411	1432	1437	1993	2302	2292	2847	2932	3114	2923	2133	1879	1818	1712	1869	1377	1258	1007	795	741	533	605	770	880	1275	1071	1385	1429	1002	1283	1688	1676	1988	2211	2144	2138	1880	2156	2367	2408	2540	2609	2540	2706	2976	3234	3355	3807	2790	3321	3754	3187	3606	3866	3607	4013	4090	4205	4316	4647	3214	3532	3857	4013	4377	4776	4771	5002	5173	5084	5585	5655	5947	5717	5299	5943	6211	6451	5989	6456	6878	7298	7351	7607	7702	7918	8432	7537	6886	6936	7455	7922	7748	8305	8618	7471	7109	7034	6659	5635	6055	5974	3488	4015	4444	4361	4607	4628	5514	5739	5095	5324	5563	4800	5181	4577	4799	4737	5143	5066	5057	5374	5497	5834	6106	6244	6350	6485	6302	6234	6281	6286	6109	6000	6166	6325	8188	8804	9292	9307	8804	9064	9851	10117	10302	10184	10090	9645	9341	10844	10870	10887	10806	10711	10631	10521	10331	9718	9605	9099	9554	10399	10932	11064	11287	11216	
2453	2001	1661	1857	1664	1748	1503	1305	1307	993	789	1155	1138	1107	878	741	694	677	563	380	416	261	9999	26	136	1461	1449	2485	3303	1994	2498	3088	1800	2014	1507	1349	1534	2846	3857	4102	4440	5013	6608	6830	6076	5357	5895	5897	6454	5941	915	1066	666	474	347	143	302	565	512	627	736	798	970	909	930	931	1457	1767	1760	2350	2420	2621	2466	1837	1537	1409	1295	1390	930	821	534	351	291	153	309	495	467	848	727	1042	1186	944	1222	1626	1730	2070	2270	2187	2139	1816	2069	2253	2259	2620	2654	2504	2702	3022	3296	3439	3887	2704	3293	3782	3043	3533	3847	3474	3882	3996	4079	4173	4495	3328	3681	3969	4118	4519	4867	4896	5157	5318	5278	5751	5828	6073	5829	5396	5980	6239	6481	5998	6447	6891	7302	7359	7622	7736	7959	8493	7604	6963	7060	7554	8007	7882	8425	8716	7660	7316	7244	6888	5893	6341	6282	3675	4335	4769	4637	4885	4840	5772	6059	5417	5673	5919	5145	5567	4944	5189	5126	5545	5493	5511	5793	5914	6238	6570	6695	6790	6911	6723	6663	6698	6702	6512	6386	6547	6663	8450	8936	9447	9436	8873	9015	9857	10119	10295	10220	10145	9717	9371	10853	10892	10926	10859	10832	10773	10631	10432	9857	9784	9319	9793	10561	11077	11191	11326	11224	
2603	2157	1798	1990	1781	1853	1618	1412	1378	1093	856	1296	1289	1260	1037	880	814	772	611	487	550	386	26	9999	137	1620	1601	2641	3458	2126	2620	3216	1906	2082	1559	1381	1562	2926	3974	4202	4560	5154	6761	6962	6216	5477	6026	6022	6577	6055	906	1032	634	422	305	76	203	487	414	522	620	679	837	781	802	799	1299	1606	1600	2189	2260	2466	2311	1726	1415	1275	1161	1237	782	682	400	223	168	67	238	421	347	704	629	921	1099	922	1198	1586	1725	2069	2263	2173	2114	1774	2020	2190	2185	2615	2638	2466	2671	3006	3282	3431	3875	2650	3251	3756	2973	3474	3807	3404	3810	3932	4005	4096	4412	3328	3690	3965	4112	4522	4856	4895	5166	5321	5296	5764	5839	6069	5821	5386	5948	6209	6446	5957	6405	6855	7262	7320	7590	7707	7935	8481	7586	6945	7056	7547	7991	7889	8428	8720	7683	7340	7267	6917	5932	6385	6341	3696	4401	4831	4684	4930	4867	5810	6112	5475	5739	5992	5218	5647	5018	5277	5216	5634	5594	5624	5890	6008	6331	6684	6803	6891	7009	6817	6761	6793	6795	6602	6467	6628	6732	8494	8952	9472	9448	8867	8978	9836	10101	10274	10209	10142	9718	9354	10838	10876	10917	10858	10850	10808	10652	10441	9872	9820	9366	9863	10602	11119	11215	11339	11235	
2650	2178	1927	2148	1981	2084	1828	1633	1667	1318	1142	1391	1305	1210	959	1000	998	1008	901	650	591	333	136	137	9999	1498	1423	2536	3293	1863	2342	2933	1588	1719	1197	1028	1197	2567	3659	3865	4250	4925	6618	6742	5998	5178	5733	5718	6291	5726	1253	1383	985	741	617	343	469	807	703	811	911	984	1122	1081	1102	1093	1462	1760	1742	2251	2344	2507	2299	1534	1265	1199	1097	1262	789	671	500	343	349	111	106	249	355	685	497	786	873	601	873	1259	1364	1705	1900	1818	1769	1448	1703	1889	1900	2259	2287	2134	2336	2654	2928	3068	3512	2343	2924	3407	2690	3163	3471	3117	3521	3627	3716	3818	4143	2963	3317	3597	3745	4152	4499	4533	4803	4960	4931	5400	5474	5702	5465	5033	5610	5874	6124	5627	6096	6538	6958	7018	7309	7420	7660	8231	7288	6615	6720	7240	7709	7591	8163	8513	7367	6994	6921	6564	5560	6026	5978	3319	4033	4464	4307	4558	4494	5441	5738	5110	5381	5628	4860	5296	4662	4931	4870	5288	5259	5309	5549	5660	5990	6386	6492	6583	6698	6488	6436	6462	6464	6268	6129	6286	6378	8233	8746	9280	9256	8664	8829	9696	9963	10146	10074	10000	9556	9185	10740	10770	10800	10750	10737	10693	10541	10302	9713	9665	9198	9786	10537	11093	11173	11342	11276	
1127	672	1030	1301	1410	1671	1405	1348	1773	1344	1607	714	401	207	322	841	1090	1285	1621	1139	837	943	1461	1620	1498	9999	96	674	1455	666	1131	1629	1009	1617	1542	1642	1797	2103	2468	2869	2973	3243	4779	5087	4283	3828	4291	4344	4889	4536	2160	2437	2136	2053	1898	1800	2029	2220	2230	2384	2514	2569	2761	2686	2703	2716	3313	3626	3616	4157	4251	4415	4183	3192	3012	3030	2944	3152	2659	2532	2306	2089	2037	1785	1811	1956	2155	2542	2266	2574	2496	1877	2105	2442	2215	2409	2640	2621	2699	2601	2880	3121	3218	2884	3015	3132	3213	3339	3542	3598	4027	3450	3825	4099	3928	4186	4305	4301	4673	4671	4854	4989	5319	3404	3610	3999	4161	4412	4902	4811	4952	5143	4937	5460	5526	5936	5743	5373	6146	6406	6641	6242	6733	7081	7488	7523	7757	7806	7995	8399	7568	6925	6870	7398	7892	7552	8146	8449	7188	6798	6731	6317	5285	5585	5444	3474	3559	3956	4038	4253	4451	5168	5238	4591	4720	4934	4212	4480	3952	4070	4016	4382	4213	4101	4552	4695	5037	5066	5262	5382	5564	5419	5328	5406	5419	5277	5233	5398	5684	7607	8544	8978	9073	8727	9248	9868	10128	10331	10120	9960	9494	9326	10792	10791	10779	10655	10424	10275	10203	10093	9408	9175	8554	8897	9854	10516	10665	11046	11074	
1410	965	1309	1598	1693	1946	1674	1597	1999	1552	1772	959	610	364	389	1012	1249	1446	1746	1235	906	930	1449	1601	1423	96	9999	807	1470	438	897	1420	705	1310	1262	1376	1523	1800	2257	2628	2780	3168	4822	5029	4238	3662	4156	4194	4749	4343	2296	2556	2232	2115	1956	1812	2037	2272	2262	2411	2538	2599	2784	2714	2732	2739	3277	3582	3567	4067	4172	4311	4055	3000	2846	2897	2815	3055	2568	2443	2256	2048	2012	1735	1719	1838	2080	2448	2139	2440	2317	1678	1884	2199	1944	2122	2356	2342	2431	2353	2624	2868	2974	2587	2723	2856	2929	3035	3238	3290	3713	3179	3529	3790	3661	3896	4007	4029	4392	4381	4572	4717	5043	3093	3298	3684	3847	4100	4590	4501	4645	4840	4632	5157	5227	5627	5438	5065	5834	6107	6345	5940	6430	6792	7221	7256	7489	7537	7751	8178	7304	6633	6580	7132	7644	7301	7914	8237	6914	6520	6447	6039	4997	5310	5176	3161	3270	3669	3734	3956	4144	4884	4966	4311	4458	4679	3940	4230	3684	3819	3765	4147	3994	3906	4325	4472	4814	4914	5089	5206	5374	5220	5132	5204	5216	5062	5002	5170	5432	7411	8366	8849	8938	8552	9101	9738	10011	10208	10006	9834	9347	9178	10701	10704	10690	10576	10361	10219	10128	9991	9287	9072	8458	8910	9848	10536	10659	11077	11144	
803	647	1339	1543	1798	2062	1878	1912	2396	2051	2404	1343	1098	1021	1229	1657	1898	2103	2493	2060	1792	1953	2485	2641	2536	674	807	9999	614	1011	1202	1430	1579	2231	2348	2507	2627	2412	2195	2694	2568	2456	3760	4230	3401	3278	3630	3738	4228	4053	2993	3282	3040	3001	2859	2804	3028	3176	3209	3368	3501	3550	3756	3671	3689	3706	4349	4664	4657	5196	5286	5448	5217	4196	4042	4076	3989	4207	3707	3577	3341	3121	3057	2820	2849	2990	3193	3588	3301	3610	3499	2856	3054	3352	3052	3180	3405	3410	3525	3496	3767	4015	4132	3585	3748	3950	3983	4025	4186	4197	4578	4285	4558	4723	4780	4939	4974	5106	5444	5400	5613	5762	6091	3982	4105	4504	4661	4815	5337	5193	5259	5458	5169	5692	5747	6225	6083	5750	6572	6824	7037	6711	7184	7454	7835	7858	8043	8055	8211	8515	7795	7205	7068	7569	8055	7608	8180	8440	7185	6808	6747	6327	5343	5527	5344	3914	3650	3982	4192	4372	4697	5236	5161	4553	4583	4762	4129	4260	3852	3855	3815	4116	3858	3633	4205	4360	4698	4467	4718	4856	5068	4976	4868	4972	4991	4898	4921	5079	5467	7294	8440	8798	8964	8772	9475	9938	10164	10374	10100	9888	9434	9390	10744	10724	10684	10546	10158	9953	9950	9911	9205	8880	8112	8285	9416	10130	10356	10727	10819	
1608	1552	2296	2485	2749	3011	2838	2877	3361	3007	3354	2303	2022	1886	2070	2587	2837	3042	3424	2963	2661	2757	3303	3458	3293	1455	1470	614	9999	1252	1130	1023	1837	2397	2695	2914	2985	2267	1549	2086	1786	1487	2942	3264	2450	2380	2679	2801	3269	3159	3949	4235	3973	3906	3756	3656	3886	4079	4094	4249	4382	4438	4633	4557	4574	4587	5150	5453	5439	5912	6027	6148	5862	4728	4633	4730	4662	4927	4443	4310	4133	3920	3879	3605	3585	3691	3955	4313	3985	4270	4085	3411	3549	3770	3395	3432	3627	3660	3813	3882	4123	4359	4504	3721	3902	4199	4171	4113	4215	4180	4499	4545	4677	4715	5036	5069	5009	5307	5599	5497	5741	5910	6210	3956	3979	4375	4524	4580	5116	4931	4925	5118	4772	5271	5320	5842	5729	5464	6321	6558	6759	6490	6950	7187	7555	7570	7741	7723	7869	8115	7401	6820	6611	7127	7632	7070	7677	7924	6566	6194	6141	5707	4793	4889	4674	3751	3185	3443	3755	3895	4317	4690	4515	3940	3895	4049	3494	3524	3221	3140	3108	3347	3045	2767	3387	3547	3874	3519	3791	3935	4165	4100	3976	4100	4123	4052	4111	4267	4718	6480	7857	8253	8513	8395	9286	9663	9873	10104	9765	9539	9040	9078	10476	10448	10408	10216	9744	9522	9522	9509	8735	8300	7330	7630	8968	9804	10007	10512	10718	
1966	1563	2041	2326	2447	2697	2435	2360	2753	2309	2504	1701	1324	1051	1047	1739	1989	2181	2451	1924	1563	1489	1994	2126	1863	666	438	1011	1252	9999	251	738	315	866	1068	1269	1344	1121	1519	1871	2072	2649	4525	4514	3747	2975	3502	3515	4092	3618	2993	3246	2888	2733	2572	2373	2583	2876	2834	2977	3097	3164	3339	3281	3301	3301	3714	4008	3982	4367	4504	4586	4270	3068	2995	3124	3068	3376	2913	2783	2687	2507	2504	2199	2103	2160	2481	2777	2425	2672	2454	1786	1904	2118	1759	1834	2047	2061	2195	2235	2479	2714	2849	2201	2364	2595	2605	2623	2779	2795	3182	2937	3159	3319	3432	3549	3575	3747	4079	4022	4244	4402	4724	2586	2724	3119	3282	3472	3996	3873	3981	4185	3938	4478	4544	4975	4803	4449	5255	5518	5751	5381	5881	6217	6659	6693	6931	6965	7191	7627	6686	6002	5911	6475	7044	6624	7312	7661	6203	5792	5720	5298	4262	4561	4420	2556	2525	2914	3005	3217	3444	4144	4207	3546	3685	3906	3169	3455	2917	3047	2994	3377	3238	3179	3569	3710	4062	4227	4387	4500	4660	4490	4408	4472	4482	4315	4247	4417	4680	6717	7792	8398	8514	8053	8794	9426	9692	9912	9678	9497	8975	8814	10469	10468	10459	10327	10073	9932	9808	9652	8908	8682	7932	8685	9631	10433	10501	11007	11183	
2299	1951	2502	2774	2924	3183	2925	2861	3274	2827	3030	2205	1825	1546	1556	2266	2511	2704	2978	2456	2090	2008	2498	2620	2342	1131	897	1202	1130	251	9999	301	509	915	1287	1530	1561	851	1010	1356	1546	2226	4208	4063	3320	2460	2995	2996	3571	3085	3526	3780	3414	3255	3089	2875	3082	3391	3344	3480	3602	3672	3840	3785	3808	3804	4171	4455	4425	4757	4902	4953	4615	3356	3327	3494	3451	3786	3338	3211	3151	2980	2987	2672	2554	2587	2931	3201	2830	3053	2786	2136	2205	2347	1941	1935	2117	2157	2316	2432	2642	2873	3022	2200	2378	2679	2641	2583	2696	2677	3022	3019	3144	3211	3519	3542	3498	3787	4086	3991	4236	4402	4711	2464	2529	2930	3081	3212	3752	3595	3662	3868	3581	4121	4182	4654	4498	4168	5007	5266	5490	5154	5650	5955	6393	6420	6650	6669	6877	7303	6358	5674	5547	6119	6697	6218	6919	7284	5763	5358	5290	4864	3829	4094	3939	2331	2105	2471	2614	2808	3094	3712	3730	3078	3188	3403	2688	2947	2432	2537	2490	2855	2708	2650	3039	3179	3527	3701	3856	3966	4127	3955	3874	3936	3947	3784	3719	3893	4173	6214	7383	8023	8166	7728	8644	9227	9510	9738	9471	9261	8719	8589	10309	10304	10286	10124	9836	9703	9575	9407	8622	8354	7497	8440	9412	10289	10341	10879	11153	
2600	2328	2949	3211	3392	3662	3413	3371	3808	3365	3595	2708	2342	2079	2117	2811	3064	3267	3554	3027	2667	2596	3088	3216	2933	1629	1420	1430	1023	738	301	9999	1014	1306	1778	2039	2037	932	504	907	986	1684	3750	3483	2772	1865	2404	2406	2974	2511	4114	4366	4010	3854	3688	3471	3684	3993	3944	4085	4205	4274	4442	4386	4408	4404	4756	5026	4997	5296	5444	5480	5126	3848	3850	4045	4010	4349	3914	3790	3746	3573	3583	3268	3140	3162	3515	3777	3397	3609	3315	2673	2710	2807	2380	2315	2466	2519	2693	2866	3052	3273	3434	2479	2661	3019	2943	2808	2876	2817	3104	3356	3379	3348	3846	3781	3664	4069	4323	4193	4459	4629	4919	2596	2584	2973	3114	3161	3712	3517	3523	3730	3389	3914	3970	4485	4354	4073	4939	5181	5394	5108	5592	5847	6278	6297	6501	6494	6687	7051	6156	5492	5315	5869	6450	5899	6601	6943	5410	5011	4949	4516	3508	3704	3524	2352	1838	2146	2390	2549	2927	3399	3332	2706	2756	2953	2293	2475	2024	2066	2021	2358	2174	2079	2510	2655	2998	3103	3268	3381	3549	3390	3305	3376	3388	3241	3202	3372	3700	5702	6985	7620	7823	7452	8560	9076	9345	9599	9271	9052	8479	8397	10135	10123	10094	9910	9583	9435	9298	9158	8277	7929	6976	8037	9125	10061	10105	10703	11052	
2461	2013	2365	2655	2715	2954	2669	2558	2894	2439	2546	1936	1572	1268	1166	1855	2074	2244	2436	1918	1560	1378	1800	1906	1588	1009	705	1579	1837	315	509	1014	9999	355	527	725	776	799	1670	1889	2257	3059	5041	4892	4169	3186	3769	3741	4324	3748	2960	3180	2786	2594	2436	2176	2368	2708	2636	2760	2873	2946	3095	3048	3071	3061	3355	3628	3597	3908	4062	4111	3764	2520	2486	2648	2610	2945	2511	2393	2368	2214	2240	1918	1766	1774	2135	2379	2004	2218	1946	1296	1365	1536	1169	1227	1437	1454	1587	1640	1876	2115	2257	1605	1764	1990	2003	2041	2216	2247	2647	2329	2563	2750	2821	2947	2991	3132	3465	3417	3634	3793	4121	2044	2226	2608	2767	3007	3501	3410	3557	3757	3557	4098	4165	4562	4367	3985	4773	5041	5281	4885	5380	5739	6198	6235	6497	6554	6792	7313	6289	5579	5531	6113	6684	6328	7032	7426	5943	5528	5454	5041	3988	4351	4248	2084	2288	2699	2699	2933	3068	3866	4024	3357	3556	3798	3024	3398	2793	3003	2945	3358	3288	3314	3598	3723	4067	4419	4534	4629	4758	4555	4494	4532	4537	4341	4227	4398	4577	6666	7624	8319	8388	7794	8520	9230	9526	9751	9538	9370	8846	8610	10383	10398	10393	10260	10087	10001	9817	9596	8861	8707	8018	8923	9779	10570	10590	11122	11272	
3104	2649	2947	3240	3268	3489	3199	3064	3351	2896	2940	2482	2133	1833	1678	2330	2515	2657	2776	2296	1963	1704	2014	2082	1719	1617	1310	2231	2397	866	915	1306	355	9999	288	496	439	520	1763	1824	2340	3368	5448	5112	4461	3262	3881	3811	4397	3709	3271	3456	3040	2813	2659	2358	2513	2900	2792	2896	2989	3062	3185	3157	3180	3160	3292	3532	3491	3679	3848	3841	3454	2153	2191	2423	2412	2782	2416	2308	2387	2276	2337	2022	1804	1741	2137	2283	1896	2039	1691	1131	1087	1124	704	674	853	885	1041	1175	1361	1586	1739	978	1135	1392	1374	1385	1557	1591	2003	1733	1920	2098	2232	2308	2340	2511	2829	2766	2990	3149	3469	1391	1598	1974	2135	2405	2875	2801	2980	3168	3014	3538	3611	3975	3768	3368	4139	4413	4660	4241	4748	5117	5578	5620	5895	5964	6212	6794	5707	4990	4978	5554	6139	5823	6550	6978	5477	5068	4990	4589	3531	3956	3885	1483	1914	2344	2249	2492	2539	3409	3649	2996	3257	3506	2724	3171	2526	2807	2741	3175	3181	3299	3456	3561	3888	4436	4496	4572	4667	4431	4391	4401	4400	4184	4024	4187	4279	6398	7262	8061	8082	7339	8059	8942	9240	9490	9277	9136	8572	8231	10171	10185	10195	10085	9984	9922	9700	9417	8672	8575	7909	9044	9828	10638	10597	11164	11330	
