NAME: gr24Preorder
TYPE: ATSP
DIMENSION: 24
EDGE_WEIGHT_TYPE: EXPLICIT
EDGE_WEIGHT_FORMAT: FULL_MATRIX 
EDGE_WEIGHT_SECTION
9999	153	113	47	89	38	74	76	147	112	130	32	161	132	165	20	128	164	160	156	106	151	118	67	
153	9999	121	140	61	121	100	92	127	43	136	117	109	41	18	132	34	81	19	14	73	53	140	82	
113	121	9999	94	50	44	25	28	163	70	17	67	168	104	143	48	39	52	80	123	35	45	144	53	
47	140	94	9999	66	36	54	57	95	93	112	2	114	88	158	40	110	156	146	143	85	134	58	42	
89	61	50	66	9999	28	22	7	116	12	69	41	119	37	87	65	57	83	69	52	6	57	65	8	
38	121	44	36	28	9999	1	3	131	70	63	16	148	81	143	5	89	107	126	123	35	115	98	3	
74	100	25	54	22	1	9999	0	141	49	43	29	154	76	125	14	67	97	108	103	16	96	108	13	
76	92	28	57	7	3	0	9999	138	40	46	30	140	61	116	24	58	78	98	75	4	86	92	9	
147	127	163	95	116	131	141	138	9999	126	167	105	3	72	149	145	166	172	171	99	135	170	33	133	
112	43	70	93	12	70	49	40	126	9999	90	65	95	27	68	86	10	64	43	46	22	35	78	32	
130	136	17	112	69	63	43	46	167	90	9999	87	169	122	155	42	96	86	113	139	55	80	157	72	
32	117	67	2	41	16	29	30	105	65	87	9999	127	91	139	19	84	137	124	120	59	111	60	21	
161	109	168	114	119	148	154	140	3	95	169	127	9999	51	132	159	121	162	139	79	138	144	34	150	
132	41	104	88	37	81	76	61	72	27	122	91	51	9999	76	102	53	108	74	31	56	80	50	56	
165	18	143	158	87	143	125	116	149	68	155	139	132	76	9999	152	71	92	30	40	97	62	158	108	
20	132	48	40	65	5	14	24	145	86	42	19	159	102	152	9999	105	116	142	136	53	129	113	26	
128	34	39	110	57	89	67	58	166	10	96	84	121	53	71	105	9999	37	23	46	23	11	110	50	
164	81	52	156	83	107	97	78	172	64	86	137	162	108	92	116	37	9999	43	107	61	12	156	106	
160	19	80	146	69	126	108	98	171	43	113	124	139	74	30	142	23	43	9999	46	62	15	146	91	
156	14	123	143	52	123	103	75	99	46	139	120	79	31	40	136	46	107	46	9999	76	78	98	85	
106	73	35	85	6	35	16	4	135	22	55	59	138	56	97	53	23	61	62	76	9999	50	90	16	
151	53	45	134	57	115	96	86	170	35	80	111	144	80	62	129	11	12	15	78	50	9999	134	77	
118	140	144	58	65	98	108	92	33	78	157	60	34	50	158	113	110	156	146	98	90	134	9999	101	
67	82	53	42	8	3	13	9	133	32	72	21	150	56	108	26	50	106	91	85	16	77	101	9999	
EOF