NAME: gr48Preorder
TYPE: ATSP
DIMENSION: 48
EDGE_WEIGHT_TYPE: EXPLICIT
EDGE_WEIGHT_FORMAT: FULL_MATRIX 
EDGE_WEIGHT_SECTION
9999	426	277	405	453	145	27	278	251	426	63	470	20	297	314	52	464	147	354	497	340	230	203	432	246	209	418	65	16	433	421	387	346	198	463	104	328	467	497	421	134	533	307	74	367	125	243	45	
426	9999	146	210	422	431	357	449	519	281	430	340	405	565	282	419	578	239	231	42	531	460	160	172	120	336	561	319	367	86	290	548	369	174	15	471	54	64	129	53	247	101	70	300	21	245	99	409	
277	146	9999	78	505	366	204	355	454	403	279	451	253	491	296	269	542	84	37	248	473	364	27	294	7	236	520	161	216	107	402	501	427	35	197	329	180	200	339	256	86	315	38	135	90	89	174	257	
405	210	78	9999	558	481	334	473	534	503	410	532	383	554	425	405	583	214	16	231	541	480	136	423	95	363	569	296	346	61	502	560	517	150	237	453	311	154	389	317	217	340	156	273	143	221	307	386	
453	422	505	558	9999	260	430	118	267	158	340	99	411	368	194	374	307	395	540	481	174	167	457	194	485	251	244	438	408	498	83	192	61	452	420	321	300	519	441	348	515	506	446	516	428	418	381	363	
145	431	366	481	260	9999	119	77	81	306	39	358	95	122	188	65	287	159	442	489	150	37	300	306	337	43	232	182	93	501	300	199	141	293	430	17	291	524	471	379	326	512	399	298	456	225	207	57	
27	357	204	334	430	119	9999	254	226	357	44	412	19	274	245	35	443	81	285	448	318	203	130	364	173	148	393	12	1	366	350	361	322	124	403	85	261	409	448	350	127	496	237	63	302	64	171	24	
278	449	355	473	118	77	254	9999	75	178	155	188	228	187	119	190	234	215	431	502	95	11	285	324	323	63	174	312	223	495	95	140	25	279	447	133	311	517	486	401	372	523	386	425	443	239	232	181	
251	519	454	534	267	81	226	75	9999	292	124	324	198	55	264	160	165	321	508	551	43	47	391	430	429	163	105	284	193	545	237	81	139	385	518	78	417	562	539	487	469	565	477	396	463	323	335	151	
426	281	403	503	158	306	357	178	292	9999	384	18	402	427	67	412	464	272	471	377	340	230	338	58	358	202	418	319	362	391	20	356	101	331	283	341	158	400	305	212	426	398	317	429	293	292	245	409	
63	430	279	410	340	39	44	155	124	384	9999	434	12	174	269	4	353	152	357	498	220	101	208	436	267	80	299	92	23	437	376	269	228	211	466	14	332	470	498	425	239	535	310	271	372	130	248	5	
470	340	451	532	99	358	412	188	324	18	434	9999	450	433	115	457	463	323	507	436	351	239	393	106	415	259	410	370	424	440	36	344	126	388	336	395	214	449	357	269	470	446	368	473	346	345	300	456	
20	405	253	383	411	95	19	228	198	402	12	450	9999	247	288	2	423	123	330	483	290	177	181	414	222	161	364	67	8	416	398	335	298	175	444	63	308	449	483	398	211	522	284	180	346	101	220	2	
297	565	491	554	368	122	274	187	55	427	174	433	247	9999	374	182	281	391	536	584	143	149	439	510	472	279	225	328	242	566	347	192	258	434	564	118	500	577	579	544	464	589	511	438	538	369	394	200	
314	282	296	425	194	188	245	119	264	67	269	115	288	374	9999	297	420	153	373	378	287	173	225	59	266	88	362	201	256	389	71	331	70	218	280	228	156	398	303	209	314	395	314	318	290	176	157	295	
52	419	269	405	374	65	35	190	160	412	4	457	2	182	297	9999	389	137	344	492	256	138	195	427	236	100	330	81	15	428	406	304	263	189	457	36	320	461	492	412	226	528	299	258	360	116	235	6	
464	578	542	583	307	287	443	234	165	464	353	463	423	281	420	389	9999	469	571	590	69	196	513	533	532	322	24	487	419	588	393	65	304	509	576	295	525	591	586	563	550	592	556	543	575	482	478	378	
147	239	84	214	395	159	81	215	321	272	152	323	123	391	153	137	469	9999	161	333	345	229	31	229	58	94	423	48	91	250	265	392	290	26	265	205	113	288	316	211	98	379	108	91	179	3	41	126	
354	231	37	16	540	442	285	431	508	471	357	507	330	536	373	344	571	161	9999	222	521	441	89	371	53	328	552	246	298	56	470	539	488	97	278	411	261	150	419	333	164	393	100	220	169	168	256	334	
497	42	248	231	481	489	448	502	551	377	498	436	483	584	378	492	590	333	222	9999	561	510	262	273	223	414	581	414	459	102	387	573	462	275	31	527	142	33	164	106	342	90	164	394	94	340	201	486	
340	531	473	541	174	150	318	95	43	340	220	351	290	143	287	256	69	345	521	561	9999	65	415	449	448	189	29	373	286	555	261	13	165	410	530	158	435	568	549	501	484	572	492	476	527	365	359	247	
230	460	364	480	167	37	203	11	47	230	101	239	177	149	173	138	196	229	441	510	65	9999	298	336	335	72	135	266	172	499	144	103	60	291	458	87	321	523	493	413	385	529	397	375	454	251	243	128	
203	160	27	136	457	300	130	285	391	338	208	393	181	439	225	195	513	31	89	262	415	298	9999	256	9	161	477	93	142	173	330	454	357	0	212	261	143	213	342	240	66	327	49	112	99	33	62	185	
432	172	294	423	194	306	364	324	430	58	436	106	414	510	59	427	533	229	371	273	449	336	256	9999	250	205	502	325	378	281	65	483	137	276	170	343	55	291	191	96	369	288	204	424	181	255	128	418	
246	120	7	95	485	337	173	323	429	358	267	415	222	472	266	236	532	58	53	223	448	335	9	250	9999	203	501	129	186	132	370	482	398	15	172	302	131	175	317	233	59	290	22	101	68	63	121	226	
209	336	236	363	251	43	148	63	163	202	80	259	161	279	88	100	322	94	328	414	189	72	161	205	203	9999	270	138	137	398	199	238	129	157	334	74	190	433	387	284	254	445	268	246	328	110	102	113	
418	561	520	569	244	232	393	174	105	418	299	410	364	225	362	330	24	423	552	581	29	135	477	502	501	270	9999	445	361	579	336	19	247	474	559	239	494	585	574	537	528	587	535	521	557	439	432	321	
65	319	161	296	438	182	12	312	284	319	92	370	67	328	201	81	487	48	246	414	373	266	93	325	129	138	445	9999	40	327	311	421	382	87	361	140	219	365	414	311	80	468	194	54	260	30	127	70	
16	367	216	346	408	93	1	223	193	362	23	424	8	242	256	15	419	91	298	459	286	172	142	378	186	137	361	40	9999	380	361	331	293	135	415	60	274	420	459	361	174	500	249	82	312	73	184	10	
433	86	107	61	498	501	366	495	545	391	437	440	416	566	389	428	588	250	56	102	555	499	173	281	132	398	579	327	380	9999	396	570	467	186	102	478	172	46	263	199	257	220	81	309	43	255	229	419	
421	290	402	502	83	300	350	95	237	20	376	36	398	347	71	406	393	265	470	387	261	144	330	65	370	199	336	311	361	396	9999	269	49	325	288	301	163	407	309	217	421	404	320	424	300	285	251	401	
387	548	501	560	192	199	361	140	81	356	269	344	335	192	331	304	65	392	539	573	13	103	454	483	482	238	19	421	331	570	269	9999	213	449	547	206	475	580	567	526	514	582	520	504	546	414	407	292	
346	369	427	517	61	141	322	25	139	101	228	126	298	258	70	263	304	290	488	462	165	60	357	137	398	129	247	382	293	467	49	213	9999	352	367	206	249	476	390	301	442	473	402	479	379	313	306	252	
198	174	35	150	452	293	124	279	385	331	211	388	175	434	218	189	509	26	97	275	410	291	0	276	15	157	474	87	135	186	325	449	352	9999	224	255	162	227	359	258	51	339	57	95	110	28	79	179	
463	15	197	237	420	430	403	447	518	283	466	336	444	564	280	457	576	265	278	31	530	458	212	170	172	334	559	361	415	102	288	547	367	224	9999	498	75	77	83	44	294	55	111	345	56	292	166	447	
104	471	329	453	321	17	85	133	78	341	14	395	63	118	228	36	295	205	411	527	158	87	261	343	302	74	239	140	60	478	301	206	206	255	498	9999	385	503	527	465	289	553	360	259	425	186	299	32	
328	54	180	311	300	291	261	311	417	158	332	214	308	500	156	320	525	113	261	142	435	321	143	55	131	190	494	219	274	172	163	475	249	162	75	385	9999	183	120	34	265	189	89	318	76	142	36	311	
467	64	200	154	519	524	409	517	562	400	470	449	449	577	398	461	591	288	150	33	568	523	213	291	175	433	585	365	420	46	407	580	476	227	77	503	183	9999	230	174	297	169	114	347	50	295	211	452	
497	129	339	389	441	471	448	486	539	305	498	357	483	579	303	492	586	316	419	164	549	493	342	191	317	387	574	414	459	263	309	567	390	359	83	527	120	230	9999	45	451	55	261	490	191	341	220	486	
421	53	256	317	348	379	350	401	487	212	425	269	398	544	209	412	563	211	333	106	501	413	240	96	233	284	537	311	361	199	217	526	301	258	44	465	34	174	45	9999	354	125	174	408	101	239	109	401	
134	247	86	217	515	326	127	372	469	426	239	470	211	464	314	226	550	98	164	342	484	385	66	369	59	254	528	80	174	257	421	514	442	51	294	289	265	297	451	354	9999	410	117	20	187	73	175	213	
533	101	315	340	506	512	496	523	565	398	535	446	522	589	395	528	592	379	393	90	572	529	327	288	290	445	587	468	500	220	404	582	473	339	55	553	189	169	55	125	410	9999	235	455	164	408	285	523	
307	70	38	156	446	399	237	386	477	317	310	368	284	511	314	299	556	108	100	164	492	397	49	204	22	268	535	194	249	81	320	520	402	57	111	360	89	114	261	174	117	235	9999	175	28	115	72	287	
74	300	135	273	516	298	63	425	396	429	271	473	180	438	318	258	543	91	220	394	476	375	112	424	101	246	521	54	82	309	424	504	479	95	345	259	318	347	490	408	20	455	175	9999	241	65	231	183	
367	21	90	143	428	456	302	443	463	293	372	346	346	538	290	360	575	179	169	94	527	454	99	181	68	328	557	260	312	43	300	546	379	110	56	425	76	50	191	101	187	164	28	241	9999	185	97	349	
125	245	89	221	418	225	64	239	323	292	130	345	101	369	176	116	482	3	168	340	365	251	33	255	63	110	439	30	73	255	285	414	313	28	292	186	142	295	341	239	73	408	115	65	185	9999	62	105	
243	99	174	307	381	207	171	232	335	245	248	300	220	394	157	235	478	41	256	201	359	243	62	128	121	102	432	127	184	229	251	407	306	79	166	299	36	211	220	109	175	285	72	231	97	62	9999	224	
45	409	257	386	363	57	24	181	151	409	5	456	2	200	295	6	378	126	334	486	247	128	185	418	226	113	321	70	10	419	401	292	252	179	447	32	311	452	486	401	213	523	287	183	349	105	224	9999	
EOF