NAME: hk48Preorder
TYPE: ATSP
DIMENSION: 48
EDGE_WEIGHT_TYPE: EXPLICIT
EDGE_WEIGHT_FORMAT: FULL_MATRIX 
EDGE_WEIGHT_SECTION
9999	55	560	300	498	764	661	742	649	617	124	495	550	605	213	79	353	591	35	418	305	514	630	285	562	338	255	518	405	691	428	490	453	728	286	712	77	638	486	659	407	153	230	381	521	454	698	223	
55	9999	436	332	367	700	582	679	539	522	127	380	432	516	79	95	235	493	95	357	179	389	536	150	442	183	404	389	258	612	334	358	316	656	176	635	220	548	571	572	268	259	130	508	588	517	625	80	
560	436	9999	645	10	404	273	413	51	34	541	212	99	191	286	533	295	219	567	489	276	122	57	263	13	136	755	72	81	223	386	27	121	302	339	257	667	173	804	93	141	663	374	797	806	761	319	264	
300	332	645	9999	606	738	623	695	716	675	100	471	571	592	478	133	326	564	424	198	574	530	725	356	614	499	417	561	534	784	298	573	626	715	278	704	369	626	269	691	466	105	551	384	259	129	668	401	
498	367	10	606	9999	464	316	462	113	97	490	204	115	231	207	480	261	241	504	468	199	129	102	205	37	74	726	78	29	256	363	21	68	365	292	320	616	226	780	158	112	620	300	772	782	739	370	190	
764	700	404	738	464	9999	112	21	342	286	706	360	296	189	652	718	509	229	781	570	671	331	445	550	340	555	848	346	497	553	492	408	588	22	563	54	818	152	844	227	459	787	719	849	841	814	50	600	
661	582	273	623	316	112	9999	64	274	181	581	134	109	17	527	593	309	28	690	393	565	126	372	362	186	388	807	152	329	519	291	236	475	60	375	56	751	19	801	157	253	692	609	818	792	744	9	450	
742	679	413	695	462	21	64	9999	376	306	673	303	271	146	640	684	462	171	770	503	661	295	472	510	337	535	840	318	483	584	429	390	589	47	515	76	808	131	827	256	419	763	705	845	820	789	18	579	
649	539	51	716	113	342	274	376	9999	18	629	307	165	227	426	624	420	267	653	576	403	217	25	400	69	287	809	162	223	151	484	135	237	241	467	196	736	177	834	31	279	734	491	829	835	810	294	409	
617	522	34	675	97	286	181	306	18	9999	590	212	80	126	401	587	341	164	636	505	399	123	83	329	20	246	793	84	173	248	405	82	246	179	392	132	721	98	817	8	200	704	485	819	816	778	218	361	
124	127	541	100	490	706	581	673	629	590	9999	378	474	528	289	2	209	494	249	197	410	430	634	195	520	335	374	456	383	717	242	455	496	670	139	655	254	568	410	618	324	101	374	420	424	313	622	213	
495	380	212	471	204	360	134	303	307	212	378	9999	43	65	329	394	66	39	551	201	406	15	364	119	134	190	709	53	151	524	92	111	350	283	125	257	615	116	713	242	48	556	463	737	707	643	216	220	
550	432	99	571	115	296	109	271	165	80	474	43	9999	32	336	479	167	37	581	342	379	3	235	182	30	174	747	1	116	414	330	39	280	202	232	163	662	45	768	110	66	615	460	774	764	708	169	252	
605	516	191	592	231	189	17	146	227	126	528	65	32	9999	452	540	230	1	647	351	489	49	314	275	112	296	776	67	237	476	237	138	397	114	295	96	710	5	777	123	159	657	554	803	773	725	63	361	
213	79	286	478	207	652	527	640	426	401	289	329	336	452	9999	254	239	436	203	423	33	311	387	132	312	61	546	289	120	488	363	230	129	595	211	569	377	470	678	466	185	436	43	628	687	631	578	38	
79	95	533	133	480	718	593	684	624	587	2	394	479	540	254	9999	228	507	192	242	372	437	621	193	518	318	349	459	372	703	275	450	474	677	156	660	211	577	427	619	325	101	328	406	448	346	643	188	
353	235	295	326	261	509	309	462	420	341	209	66	167	230	239	228	9999	184	428	111	343	117	450	20	247	147	611	146	154	580	37	175	347	449	6	424	506	284	625	383	55	415	374	651	621	546	382	110	
591	493	219	564	241	229	28	171	267	164	494	39	37	1	436	507	184	9999	626	301	485	40	349	244	128	287	767	69	233	504	183	143	405	151	260	129	689	26	763	167	135	633	544	786	756	694	91	335	
35	95	567	424	504	781	690	770	653	636	249	551	581	647	203	192	428	626	9999	512	263	558	623	355	578	357	327	552	425	680	508	514	428	750	371	732	87	666	565	676	457	270	163	433	596	545	729	262	
418	357	489	198	468	570	393	503	576	505	197	201	342	351	423	242	111	301	512	9999	520	288	601	187	438	368	607	340	374	696	27	383	537	532	107	521	538	411	545	532	251	364	531	613	526	422	461	297	
305	179	276	574	199	671	565	661	403	399	410	406	379	489	33	372	343	485	263	520	9999	366	343	243	321	106	595	329	153	421	465	250	71	604	323	583	445	497	732	465	265	529	23	682	746	693	603	128	
514	389	122	530	129	331	126	295	217	123	430	15	3	49	311	437	117	40	558	288	366	9999	274	133	58	152	727	4	104	451	168	42	282	245	175	210	638	77	743	160	36	586	436	759	741	681	199	215	
630	536	57	725	102	445	372	472	25	83	634	364	235	314	387	621	450	349	623	601	343	274	9999	412	116	271	799	217	214	75	525	161	164	354	482	308	724	278	837	119	304	733	444	824	839	811	400	395	
285	150	263	356	205	550	362	510	400	329	195	119	182	275	132	193	20	244	355	187	243	133	412	9999	234	74	586	149	99	547	118	145	266	481	16	459	462	319	637	385	39	398	277	641	641	566	435	28	
562	442	13	614	37	340	186	337	69	20	520	134	30	112	312	518	247	128	578	438	321	58	116	234	9999	148	757	22	89	293	322	14	185	239	301	190	672	103	791	62	108	650	417	794	790	745	241	263	
338	183	136	499	74	555	388	535	287	246	335	190	174	296	61	318	147	287	357	368	106	152	271	74	148	9999	627	126	7	411	281	74	92	473	159	440	497	317	714	315	59	502	171	688	722	658	459	36	
255	404	755	417	726	848	807	840	809	793	374	709	747	776	546	349	611	767	327	607	595	727	799	586	757	627	9999	730	669	822	646	720	686	833	574	828	94	795	345	811	665	205	530	88	417	406	821	559	
518	389	72	561	78	346	152	318	162	84	456	53	1	67	289	459	146	69	552	340	329	4	217	149	22	126	730	9999	73	393	224	12	233	248	206	208	643	85	760	124	41	602	411	769	758	697	222	208	
405	258	81	534	29	497	329	483	223	173	383	151	116	237	120	372	154	233	425	374	153	104	214	99	89	7	669	73	9999	369	274	25	95	416	178	373	557	251	735	244	40	549	238	726	740	683	396	83	
691	612	223	784	256	553	519	584	151	248	717	524	414	476	488	703	580	504	680	696	421	451	75	547	293	411	822	393	369	9999	644	337	260	478	599	447	766	443	850	272	469	785	502	847	851	842	533	517	
428	334	386	298	363	492	291	429	484	405	242	92	330	237	363	275	37	183	508	27	465	168	525	118	322	281	646	224	274	644	9999	273	463	446	58	429	562	299	607	434	140	431	487	664	598	513	362	235	
490	358	27	573	21	408	236	390	135	82	455	111	39	138	230	450	175	143	514	383	250	42	161	145	14	74	720	12	25	337	273	9999	142	310	225	268	613	144	763	137	44	597	344	762	765	711	295	170	
453	316	121	626	68	588	475	589	237	246	496	350	280	397	129	474	347	405	428	537	71	282	164	266	185	92	686	233	95	260	463	142	9999	515	357	477	575	393	779	316	220	610	166	754	788	748	523	186	
728	656	302	715	365	22	60	47	241	179	670	283	202	114	595	677	449	151	750	532	604	245	354	481	239	473	833	248	416	478	446	310	515	9999	500	0	798	70	838	122	370	764	664	846	830	805	24	542	
286	176	339	278	292	563	375	515	467	392	139	125	232	295	211	156	6	260	371	107	323	175	482	16	301	159	574	206	178	599	58	225	357	500	9999	479	458	352	594	441	91	350	348	608	592	501	448	90	
712	635	257	704	320	54	56	76	196	132	655	257	163	96	569	660	424	129	732	521	583	210	308	459	190	440	828	208	373	447	429	268	477	0	479	9999	783	46	832	86	333	753	642	843	826	800	31	512	
77	220	667	369	616	818	751	808	736	721	254	615	662	710	377	211	506	689	87	538	445	638	724	462	672	497	94	643	557	766	562	613	575	798	458	783	9999	729	439	749	560	164	359	249	489	447	775	402	
638	548	173	626	226	152	19	131	177	98	568	116	45	5	470	577	284	26	666	411	497	77	278	319	103	317	795	85	251	443	299	144	393	70	352	46	729	9999	802	77	194	685	567	813	796	752	52	391	
486	571	804	269	780	844	801	827	834	817	410	713	768	777	678	427	625	763	565	545	732	743	837	637	791	714	345	760	735	850	607	763	779	838	594	832	439	802	9999	825	701	240	699	180	11	58	815	648	
659	572	93	691	158	227	157	256	31	8	618	242	110	123	466	619	383	167	676	532	465	160	119	385	62	315	811	124	244	272	434	137	316	122	441	86	749	77	825	9999	258	730	543	831	823	797	172	423	
407	268	141	466	112	459	253	419	279	200	324	48	66	159	185	325	55	135	457	251	265	36	304	39	108	59	665	41	40	469	140	44	220	370	91	333	560	194	701	258	9999	511	322	708	702	639	325	97	
153	259	663	105	620	787	692	763	734	704	101	556	615	657	436	101	415	633	270	364	529	586	733	398	650	502	205	602	549	785	431	597	610	764	350	753	164	685	240	730	511	9999	476	221	276	188	731	391	
230	130	374	551	300	719	609	705	491	485	374	463	460	554	43	328	374	544	163	531	23	436	444	277	417	171	530	411	238	502	487	344	166	664	348	642	359	567	699	543	322	476	9999	632	723	674	654	155	
381	508	797	384	772	849	818	845	829	819	420	737	774	803	628	406	651	786	433	613	682	759	824	641	794	688	88	769	726	847	664	762	754	846	608	843	249	813	180	831	708	221	632	9999	264	290	836	618	
521	588	806	259	782	841	792	820	835	816	424	707	764	773	687	448	621	756	596	526	746	741	839	641	790	722	417	758	740	851	598	765	788	830	592	826	489	796	11	823	702	276	723	264	9999	35	812	656	
454	517	761	129	739	814	744	789	810	778	313	643	708	725	631	346	546	694	545	422	693	681	811	566	745	658	406	697	683	842	513	711	748	805	501	800	447	752	58	797	639	188	674	290	35	9999	771	585	
698	625	319	668	370	50	9	18	294	218	622	216	169	63	578	643	382	91	729	461	603	199	400	435	241	459	821	222	396	533	362	295	523	24	448	31	775	52	815	172	325	731	654	836	812	771	9999	508	
223	80	264	401	190	600	450	579	409	361	213	220	252	361	38	188	110	335	262	297	128	215	395	28	263	36	559	208	83	517	235	170	186	542	90	512	402	391	648	423	97	391	155	618	656	585	508	9999	
EOF