NAME: kroA200Preorder
TYPE: ATSP
DIMENSION: 200
EDGE_WEIGHT_TYPE: EXPLICIT
EDGE_WEIGHT_FORMAT: FULL_MATRIX 
EDGE_WEIGHT_SECTION
9999	1634	1780	876	2639	1374	1249	1685	1161	1313	1888	478	678	1223	446	1305	1891	811	1201	890	2037	1693	1949	593	1985	985	397	2409	779	1549	1071	741	1583	2161	1673	1425	977	2418	2323	315	1575	1129	2802	1454	1581	511	1137	1663	796	2149	1457	1911	9	1479	1048	2581	1447	2434	1717	993	882	1935	1407	895	958	1377	974	1625	1533	2282	2386	2150	1797	1496	1572	2387	1172	1188	675	1158	1658	1300	1962	1793	157	2456	2248	2438	1765	2074	2247	1296	859	2362	2332	1970	1767	2338	1206	1584	900	2275	2098	1745	2745	945	1362	1316	1373	782	78	1321	2933	2287	69	1550	79	1224	1374	1174	410	1607	425	1121	1483	2152	1257	974	1999	2246	1781	133	3000	1703	1152	858	2764	1063	2314	1980	2533	1559	2023	2157	214	1966	473	2515	972	2127	1271	2613	1393	2049	1547	1620	1274	1118	406	722	1326	872	821	1954	1871	1855	1275	1911	1718	1752	2495	530	1954	385	1319	3034	803	2592	1235	1748	1531	2640	1566	844	1964	1176	1310	1492	1706	1008	305	1145	928	1554	2871	2538	1555	387	1097	2546	
1634	9999	1052	1287	1091	487	2778	906	2504	1758	2562	1515	956	1495	1169	2368	1201	1907	1805	1130	551	788	286	2124	1283	2430	1178	1080	1974	268	701	2263	1737	1384	34	1620	2165	1025	987	1412	648	1045	1233	2364	1827	1837	716	2349	1807	562	2507	2589	1649	434	986	1130	1596	1442	923	1042	2267	520	2397	1105	642	2186	828	150	1269	613	953	712	1059	1583	649	707	439	2569	1042	411	1854	2679	564	2495	1419	857	2668	1226	601	1310	550	1808	1575	668	652	2437	1958	1248	1717	1696	1211	667	1157	2174	1179	1608	618	1326	567	1916	1671	833	1260	1199	1744	2458	1754	2369	1976	811	1876	2528	1174	2386	109	2522	957	804	946	847	1513	1470	1337	780	1104	2284	1176	2388	763	510	1543	1360	1235	481	1389	1045	1313	1262	1653	431	352	1144	2206	614	805	1713	611	515	1979	1061	244	1004	1489	439	2315	2384	676	278	158	2564	1467	1866	261	1907	1754	1361	878	1110	2217	1565	64	944	795	2052	405	963	423	2422	1326	1855	1265	1400	821	2565	1181	1043	1852	1184	2581	1438	
1780	1052	9999	910	2062	1479	2464	1976	2073	1009	1704	1347	1479	797	1560	1776	2280	1503	1134	1853	740	1872	1007	1945	2370	2097	1387	2166	1606	727	1509	2039	820	2485	996	783	1718	2094	2077	1412	350	1897	2162	1679	926	1622	1575	1539	1401	1590	1875	1728	1775	1479	1799	2164	743	2556	79	724	1929	1630	1753	1832	1281	1489	1585	845	351	1155	2014	1798	3	697	1715	1261	894	2154	1609	1083	917	2244	1674	1663	1624	1812	1682	2328	418	2408	1317	1076	1130	1434	1505	1499	990	2362	1034	771	855	1008	2268	1270	2119	1100	1604	577	1560	1533	1737	1789	1975	2314	1846	1749	1851	1831	1227	1696	1738	1811	1538	1926	1093	1532	1875	789	2060	1931	455	1592	2073	1867	1959	1973	2090	1971	1782	713	2655	418	2333	1119	1664	2151	1251	2355	1125	1235	1222	2166	1506	680	1849	771	1550	866	1885	1672	1042	1713	1086	771	1390	1485	531	1331	872	1778	2579	1643	1113	1796	1000	2051	1499	2128	1618	530	1079	1576	1845	1661	1483	1843	1366	1734	283	1315	1485	773	836	1895	1801	2060	972	1470	2251	2545	
876	1287	910	9999	2438	1368	1541	1853	1196	514	1297	380	929	320	868	1018	2139	588	494	1341	1421	1797	1486	974	2239	1171	623	2363	677	1037	1198	1078	692	2398	1284	527	839	2331	2268	499	856	1497	2582	1024	722	649	1285	1065	483	1912	1159	1324	863	1435	1388	2458	537	2584	884	198	1000	1804	1050	1329	946	855	1194	1165	599	1777	2271	2020	927	576	1634	1893	805	1270	1040	942	789	1375	1844	1216	781	2207	1531	2465	1069	2309	1834	536	229	1961	1978	1257	908	2428	432	681	35	1703	2245	992	2528	260	1440	375	1419	608	804	1533	2561	2374	917	1122	919	1025	688	1389	762	1193	833	1063	1201	1403	1553	423	2077	2148	838	707	2648	1799	1550	1034	2524	1083	2109	1368	2688	618	2240	1679	855	2108	349	2521	305	1718	1129	2477	875	1402	1699	715	1352	724	910	1118	1049	1231	152	1376	1138	1169	604	1627	1252	1254	2629	671	1542	821	515	2655	1024	2446	867	808	1228	2195	1708	747	1742	1488	1253	1081	773	502	691	225	417	1219	2438	2381	714	730	1329	2639	
2639	1091	2062	2438	9999	1207	3733	1100	3555	2899	3618	2631	1901	2641	2133	3461	1171	3038	2951	1852	1284	1012	993	3190	1170	3479	2225	384	3095	1383	1519	3318	2851	1118	1104	2748	3274	288	396	2495	1722	1644	115	3460	2944	2939	1468	3440	2942	466	3578	3636	2660	1100	1660	160	2720	901	1947	2197	3346	641	3485	1832	1629	3304	1635	1244	2367	908	253	434	2063	2701	1061	844	1578	3609	1930	1486	2962	3699	617	3561	2428	192	3672	563	1583	1114	695	2950	2722	602	503	3491	3055	733	2863	2807	2365	1092	905	3273	67	2757	1245	2460	1222	3044	2704	1372	511	731	2753	3536	2765	3458	3112	1476	2956	3596	2152	3465	1182	3548	1495	1956	796	374	2570	2506	498	998	1671	3354	109	3461	272	1297	942	2456	1076	895	2370	933	2423	510	2803	764	1328	127	3323	1359	1162	2819	1321	1659	3039	1909	1343	1786	2638	1230	3393	3458	1824	750	1176	3625	867	2969	896	2975	2895	584	1781	100	3333	2636	1151	652	1139	3172	641	1558	1268	3504	2386	3000	2292	2549	1969	3629	656	91	2974	2199	3603	759	
1374	487	1479	1368	1207	9999	2642	448	2439	1923	2720	1438	630	1675	864	2395	754	1885	1926	638	1103	369	814	1967	850	2322	981	989	1927	718	251	2117	1987	991	562	1844	2137	986	899	1270	1067	506	1375	2440	2058	1731	220	2493	1799	744	2547	2747	1397	62	467	1146	1831	1154	1351	1178	2176	500	2449	615	390	2281	372	654	1585	1113	950	712	1490	1836	208	1184	566	2492	659	381	2102	2608	524	2644	1164	1042	2905	1055	1094	905	975	1957	1623	1059	990	2651	2218	1000	1856	1954	1305	1201	816	2383	1318	1681	81	1561	42	1883	1448	284	1569	946	1491	2541	1503	2369	2117	279	1727	2610	884	2345	357	2766	407	908	646	811	1862	1251	1622	370	560	2178	1342	2325	888	1060	1261	1669	831	980	1102	680	1228	1122	1728	875	206	1178	2302	1164	309	1978	85	631	1797	645	371	539	1535	990	2529	2577	952	572	697	2681	1199	1761	748	1740	1922	1672	508	1156	2260	1895	395	1347	308	2008	567	420	73	2495	1686	1906	1037	1568	898	2620	1554	1102	2071	939	2461	1214	
1249	2778	2464	1541	3733	2642	9999	2986	374	1480	1429	1207	1965	1618	1743	794	3183	900	1325	2201	3012	2986	3034	612	3265	307	1600	3606	801	2596	2357	463	1790	3422	2797	1713	694	3605	3528	1322	2459	2439	3772	1008	1715	883	2431	1321	1005	3328	827	1437	1220	2738	2360	3719	1754	3649	2465	1791	477	3170	899	2207	2197	1117	2273	2706	2075	3316	3570	3363	2479	1816	2858	3418	2280	297	1982	2338	1783	278	3199	1356	1434	3590	1885	3642	2671	3345	3340	1417	1278	3445	3441	1679	1830	3564	1412	1825	1614	3265	3365	1609	3760	1301	2650	1830	2653	873	1148	2627	3778	3518	1138	1032	1125	681	1338	2479	856	1034	1715	519	2654	1872	2568	1948	3271	3456	2183	1334	3782	2995	2460	444	3764	447	3483	2958	3718	2042	3301	3223	1517	3245	1407	3700	1278	3233	2489	3732	1114	2997	2847	1853	2559	2206	788	2033	2491	2184	1337	2960	1650	1562	2196	3087	2798	1217	3694	854	3067	840	1490	3783	2094	3721	903	2108	2694	3658	2864	741	3166	2487	2560	992	2221	1099	1545	1629	1919	904	3767	3683	1662	1644	155	3723	
1685	906	1976	1853	1100	448	2986	9999	2836	2417	3193	1863	979	2175	1190	2836	245	2317	2410	763	1500	77	1164	2322	339	2697	1370	732	2347	1195	606	2473	2494	485	980	2348	2561	781	668	1670	1563	525	1266	2899	2563	2126	521	2972	2240	823	2989	3217	1713	433	580	958	2336	696	1848	1679	2566	544	2900	750	843	2751	661	1105	2096	1392	788	642	1986	2343	203	1429	1079	2880	948	891	2609	2993	529	3116	1497	1033	3369	708	1563	396	1194	2447	2090	1234	1129	3139	2723	590	2344	2462	1795	1525	354	2878	1214	2154	351	2069	379	2310	1782	301	1598	540	1800	2999	1813	2799	2603	451	2096	3064	1220	2756	823	3247	378	1411	275	662	2371	1603	1623	86	534	2559	1260	2725	865	1468	800	2181	326	1274	1414	222	1659	791	2201	1130	713	1000	2771	1571	100	2486	436	1143	2141	897	876	748	2003	1390	3023	3064	1465	816	1122	3145	753	2155	1067	2097	2416	1693	849	994	2712	2405	846	1493	91	2428	717	456	568	2952	2194	2367	1401	2066	1396	3064	1649	963	2574	1302	2823	799	
1161	2504	2073	1196	3555	2439	374	2836	9999	1054	1024	943	1799	1215	1598	362	3066	543	903	2098	2676	2819	2733	520	3160	162	1409	3437	467	2287	2180	400	1359	3313	2513	1291	298	3427	3356	1111	2109	2326	3679	579	1280	650	2259	894	649	3098	422	1035	1129	2531	2234	3545	1333	3524	2086	1453	220	2951	473	2099	1987	679	2115	2408	1673	3025	3383	3164	2088	1394	2678	3136	2003	41	1843	2089	1347	123	2985	944	1303	3371	1478	3488	2321	3237	3069	989	914	3189	3196	1256	1392	3428	994	1395	1273	2954	3233	1172	3637	920	2467	1433	2463	528	1039	2478	3697	3381	1070	617	1058	246	902	2326	694	632	1565	97	2393	1452	2439	1645	3115	3266	1762	1187	3737	2826	2357	243	3641	69	3271	2625	3616	1633	3186	2927	1399	3106	1154	3545	889	2955	2256	3569	676	2654	2689	1422	2375	1926	702	1906	2230	2054	985	2634	1219	1136	1866	2831	2497	818	3574	621	2780	711	1064	3743	1927	3542	465	1685	2429	3401	2705	389	2926	2360	2346	570	1813	694	1378	1239	1622	512	3607	3491	1227	1476	208	3606	
1313	1758	1009	514	2899	1923	1480	2417	1054	9999	745	772	1506	203	1426	708	2706	597	104	1916	1731	2353	1887	1124	2806	1133	1176	2873	701	1461	1773	1162	259	2959	1739	179	725	2832	2781	975	1167	2074	3027	605	219	859	1860	528	531	2381	800	772	1291	1980	1966	2944	221	3123	1055	682	982	2311	677	1904	1518	416	1774	1599	594	2128	2766	2521	1022	278	2189	2241	1323	1137	1614	1484	295	1213	2353	675	1281	2659	952	2989	1362	2871	2232	30	390	2359	2398	678	392	2966	61	287	562	2015	2799	414	2977	304	2003	399	1979	637	1207	2107	2940	2914	1313	682	1310	778	167	1965	1009	748	1389	903	1703	826	2130	951	2624	2652	642	1181	3032	2355	2127	1039	2965	968	2582	1687	3221	535	2803	2054	1370	2664	861	3039	279	2125	1673	2958	433	1690	2264	316	1919	1245	1152	1691	1565	1809	443	1718	558	593	1019	2095	1673	750	3163	865	1963	1075	0	3026	1603	2925	553	565	1720	2557	2271	721	2224	2065	1805	662	708	343	1226	298	960	821	2794	2858	184	1282	1275	3166	
1888	2562	1704	1297	3618	2720	1429	3193	1024	745	9999	1407	2253	1006	2133	618	3440	1012	737	2645	2481	3140	2670	1439	3522	1218	1889	3601	1063	2259	2554	1391	819	3658	2539	894	914	3564	3518	1631	1943	2825	3711	406	714	1323	2641	176	1030	3169	539	7	1859	2782	2719	3656	926	3749	1781	1491	1153	3107	497	2637	2305	446	2540	2398	1313	2885	3504	3297	1712	956	2983	2996	2131	1086	2347	2289	722	1089	3149	50	1925	3410	391	3693	2120	3583	3007	704	1078	3126	3171	235	669	3673	805	868	1356	2759	3527	371	3675	1004	2795	1182	2773	1044	1763	2884	3623	3632	1846	345	1839	740	543	2739	1458	331	2096	920	2510	394	2894	1759	3384	3414	1214	1810	3698	3142	2872	1214	3664	1016	3346	2442	3773	1230	3523	2825	2023	3416	1562	3724	958	2907	2476	3667	430	2431	3049	867	2709	2053	1558	2423	2374	2553	1160	2483	285	175	1824	2894	2467	154	3760	1311	2752	1512	748	3688	2362	3639	610	1128	2526	3287	3057	1018	3024	2826	2606	395	1361	834	1915	1107	1765	460	3486	3583	673	1989	1291	3762	
478	1515	1347	380	2631	1438	1207	1863	943	772	1407	9999	831	687	672	921	2119	393	669	1193	1774	1835	1774	571	2219	853	440	2484	425	1331	1193	698	1041	2389	1532	886	637	2470	2393	165	1237	1398	2783	1017	1038	262	1276	1174	329	2109	1078	1432	457	1527	1295	2616	909	2619	1311	574	691	1951	998	1188	983	902	1144	1440	1042	2089	2422	2173	1365	961	1685	2202	1011	1002	903	1084	1115	1117	1986	1315	458	2417	1737	2555	1446	2299	2108	759	319	2232	2229	1455	1225	2487	665	1045	428	2041	2275	1216	2727	405	1475	806	1468	385	381	1509	2828	2435	493	1119	492	877	852	1356	337	1184	635	843	1394	1631	1491	681	2136	2289	1266	350	2907	1841	1439	706	2733	827	2297	1718	2721	1054	2237	1978	554	2137	152	2622	435	1988	1250	2642	920	1768	1711	1080	1382	936	476	976	1230	1118	283	1712	1348	1345	951	1839	1534	1301	2672	290	1809	388	778	2926	955	2614	809	1225	1432	2488	1725	506	1928	1415	1341	1065	1215	507	448	619	649	1163	2729	2553	1013	530	1004	2700	
678	956	1479	929	1901	630	1965	979	1799	1506	2253	831	9999	1303	174	1818	1225	1289	1462	352	1467	968	1298	1290	1325	1661	331	1672	1311	970	331	1441	1668	1497	1010	1505	1527	1678	1585	628	1145	511	2066	1903	1711	1084	403	2018	1220	1417	1974	2279	702	736	405	1841	1507	1741	1376	850	1525	1193	1892	337	251	1770	255	1004	1401	1633	1644	1408	1495	1533	835	1729	597	1844	79	496	1774	1959	1219	2166	472	1724	2520	1712	1282	1408	1561	1522	1112	1667	1623	2244	1894	1624	1416	1648	894	1662	1397	1984	2008	1188	623	1275	630	1279	757	618	2222	1572	795	2004	808	1771	1659	465	1056	2071	195	1720	795	2395	594	646	1276	1505	1690	566	2285	976	560	1520	2029	1688	1577	1411	1844	1465	1348	1501	407	1259	639	1786	1232	1444	556	1873	1789	1500	831	1680	533	583	1112	142	658	240	1030	1366	2127	2150	884	1194	1089	2174	1798	1112	1279	1061	1508	2325	79	1852	1702	1692	846	1952	847	1392	1233	519	572	1953	1551	1372	359	1196	606	2057	2178	1798	1708	261	1793	1837	
1223	1495	797	320	2641	1675	1618	2175	1215	203	1006	687	1303	9999	1251	919	2469	670	282	1718	1481	2107	1626	1167	2570	1255	1007	2618	777	1198	1542	1235	310	2719	1475	151	861	2574	2523	856	912	1863	2769	848	344	864	1628	791	577	2119	1030	1033	1205	1729	1753	2685	166	2881	825	433	1091	2051	908	1704	1284	659	1553	1336	394	1875	2506	2260	812	214	1942	1989	1066	1296	1418	1233	407	1385	2094	938	1152	2398	1178	2735	1112	2634	1974	254	340	2100	2137	914	526	2715	185	303	346	1768	2553	645	2718	278	1762	164	1735	705	1133	1876	2687	2664	1245	932	1244	969	422	1738	1004	1000	1216	1066	1442	1042	1908	701	2373	2393	537	1067	2779	2108	1918	1141	2706	1115	2320	1435	2985	363	2563	1798	1232	2418	717	2785	287	1866	1421	2699	678	1444	2023	338	1678	990	1155	1496	1307	1603	345	1463	792	842	755	1834	1411	1012	2922	877	1702	1069	199	2775	1390	2666	759	484	1458	2303	2030	820	1963	1847	1556	906	542	456	1072	63	715	1063	2543	2600	343	1113	1407	2921	
446	1169	1560	868	2133	864	1743	1190	1598	1426	2133	672	174	1251	9999	1652	1418	1122	1360	456	1644	1189	1503	1070	1516	1449	190	1902	1131	1145	560	1221	1625	1691	1217	1460	1346	1910	1816	454	1266	670	2299	1755	1654	888	628	1900	1065	1650	1809	2159	471	970	574	2072	1468	1948	1469	851	1321	1428	1734	452	467	1636	468	1195	1422	1840	1878	1642	1577	1502	1063	1938	761	1638	185	696	1722	1754	1454	2043	246	1956	2431	1935	1425	1602	1780	1432	999	1890	1849	2152	1841	1841	1328	1611	850	1857	1607	1899	2242	1082	852	1261	862	1107	529	825	2450	1790	562	1857	575	1595	1555	674	845	1922	11	1529	1011	2313	779	705	1498	1738	1703	350	2514	1198	706	1310	2262	1489	1811	1587	2049	1475	1546	1709	178	1471	509	2010	1123	1662	780	2104	1654	1670	1046	1645	764	728	889	247	864	394	927	1549	2038	2050	982	1422	1285	2036	2006	915	1492	844	1429	2553	295	2084	1546	1694	1061	2171	1064	1209	1465	699	805	1803	1584	1238	168	1149	659	1897	2401	2030	1644	91	1576	2051	
1305	2368	1776	1018	3461	2395	794	2836	362	708	618	921	1818	919	1652	9999	3090	465	577	2170	2450	2802	2556	773	3185	537	1426	3379	465	2112	2171	710	984	3336	2365	946	268	3356	3297	1134	1880	2380	3580	162	894	730	2255	469	536	2984	103	633	1274	2475	2279	3473	988	3519	1810	1269	472	2865	73	2167	1947	269	2128	2242	1363	2826	3306	3078	1790	1046	2650	2941	1883	436	1888	2000	955	477	2904	531	1392	3258	1065	3453	2084	3253	2901	640	731	3026	3048	832	986	3408	677	1025	1094	2734	3228	749	3533	699	2443	1142	2433	480	1177	2491	3554	3360	1242	219	1232	75	517	2339	840	255	1615	242	2277	1029	2474	1503	3090	3197	1404	1271	3630	2807	2420	532	3530	336	3173	2402	3614	1308	3202	2740	1493	3100	1120	3500	657	2788	2181	3487	263	2418	2685	1047	2352	1802	914	1958	2122	2101	817	2422	792	711	1671	2704	2327	428	3567	710	2618	884	718	3632	1941	3464	106	1322	2306	3233	2698	396	2815	2399	2289	165	1482	451	1424	972	1491	189	3443	3410	840	1513	627	3585	
1891	1201	2280	2139	1171	754	3183	245	3066	2706	3440	2119	1225	2469	1418	3090	9999	2575	2693	938	1780	350	1435	2540	56	2921	1620	742	2598	1499	879	2689	2792	213	1272	2647	2811	823	710	1918	1869	697	1323	3161	2858	2366	793	3240	2503	1017	3235	3464	1921	738	780	990	2636	499	2152	1975	2797	763	3157	931	1129	3024	911	1404	2401	1632	859	791	2290	2644	503	1655	1385	3105	1173	1196	2906	3212	736	3369	1718	1165	3620	641	1863	129	1419	2734	2367	1438	1324	3398	3021	476	2633	2761	2083	1779	226	3163	1278	2435	649	2371	682	2565	1997	548	1718	442	2000	3250	2013	3049	2886	700	2324	3311	1451	2998	1126	3500	572	1709	325	762	2676	1830	1726	356	680	2786	1334	2962	1007	1751	590	2485	88	1524	1628	182	1922	728	2480	1371	1020	1034	3044	1852	386	2786	729	1448	2355	1111	1184	960	2281	1672	3292	3329	1772	1070	1415	3390	566	2394	1332	2319	2706	1805	1100	1040	2975	2709	1147	1675	383	2677	950	653	874	3209	2500	2641	1639	2361	1692	3304	1801	1026	2868	1542	3039	647	
811	1907	1503	588	3038	1885	900	2317	543	597	1012	393	1289	670	1122	465	2575	9999	445	1643	2073	2286	2130	463	2675	530	896	2919	60	1681	1649	504	918	2843	1913	803	200	2899	2826	604	1507	1853	3180	581	871	250	1733	792	60	2517	621	1035	781	1969	1752	3037	840	3064	1503	845	362	2378	547	1640	1432	504	1602	1804	1121	2426	2847	2599	1519	902	2135	2541	1407	615	1358	1507	949	722	2415	918	871	2818	1396	2995	1720	2753	2473	550	315	2601	2610	1121	1033	2934	503	941	664	2354	2727	925	3127	340	1927	872	1918	12	685	1966	3185	2881	768	680	761	422	559	1814	392	741	1086	417	1802	1313	1948	1040	2586	2718	1263	751	3258	2292	1893	408	3128	430	2709	2020	3164	1097	2692	2326	972	2591	595	3057	322	2356	1682	3058	519	2053	2166	974	1835	1328	515	1430	1641	1573	379	2028	1033	1000	1257	2238	1894	877	3114	242	2179	453	607	3269	1413	3031	365	1198	1835	2838	2179	106	2340	1872	1783	624	1277	200	894	667	1020	709	3076	2970	828	984	686	3141	
1201	1805	1134	494	2951	1926	1325	2410	903	104	737	669	1462	282	1360	577	2693	445	9999	1864	1825	2354	1957	972	2793	976	1110	2903	546	1522	1755	1006	414	2951	1792	325	568	2866	2810	883	1254	2036	3080	507	362	719	1842	505	386	2430	684	764	1177	1991	1928	2985	365	3129	1168	704	824	2343	563	1854	1505	322	1744	1658	721	2214	2804	2557	1147	427	2191	2328	1347	985	1562	1497	441	1065	2384	655	1189	2714	1010	3010	1456	2862	2305	59	299	2433	2464	728	528	2977	54	442	556	2110	2801	483	3033	218	1998	500	1978	485	1090	2088	3019	2926	1192	595	1188	635	140	1942	869	664	1323	752	1737	897	2101	967	2633	2686	794	1083	3105	2356	2086	881	3023	813	2630	1778	3226	671	2795	2133	1282	2665	786	3061	179	2195	1685	3001	342	1789	2256	473	1912	1268	1009	1639	1592	1764	369	1804	617	626	1076	2144	1737	701	3172	722	2027	934	113	3103	1567	2969	419	720	1758	2642	2265	564	2267	2033	1811	565	848	191	1150	350	968	720	2879	2904	321	1215	1119	3180	
890	1130	1853	1341	1852	638	2201	763	2098	1916	2645	1193	352	1718	456	2170	938	1643	1864	9999	1714	802	1478	1547	1031	1936	695	1542	1649	1244	363	1696	2082	1209	1198	1921	1864	1574	1467	974	1488	183	2020	2273	2124	1400	362	2411	1587	1436	2326	2671	921	742	136	1748	1923	1493	1741	1264	1820	1169	2252	6	515	2152	242	1238	1807	1797	1561	1355	1868	1948	725	1877	914	2132	239	756	2187	2245	1182	2556	731	1720	2923	1536	1594	1123	1676	1927	1507	1763	1694	2649	2306	1415	1823	2062	1308	1863	1164	2391	1965	1587	555	1689	590	1627	1001	421	2261	1367	999	2375	1012	2111	2058	316	1340	2439	493	2038	971	2801	322	1048	1097	1423	2095	849	2308	814	202	1804	1998	1994	1557	1662	1590	1874	1075	1663	635	1037	1021	1619	1630	1571	719	1786	2171	1760	646	2094	500	926	1360	165	882	87	1430	1604	2533	2552	1256	1276	1309	2554	1557	1426	1430	1329	1918	2362	293	1773	2066	2101	1021	2049	669	1726	1266	246	651	2322	1951	1756	683	1611	1011	2415	2254	1729	2119	597	2051	1618	
2037	551	740	1421	1284	1103	3012	1500	2676	1731	2481	1774	1467	1481	1644	2450	1780	2073	1825	1714	9999	1376	291	2408	1852	2651	1580	1460	2162	435	1291	2531	1602	1928	476	1533	2319	1373	1380	1740	508	1654	1370	2392	1705	2091	1318	2298	1967	864	2570	2506	2045	1049	1586	1412	1497	1922	642	1167	2480	994	2449	1689	1168	2204	1409	410	1106	351	1288	1106	737	1463	1253	458	818	2749	1574	911	1707	2852	1033	2432	1836	1036	2484	1644	305	1865	524	1793	1702	633	716	2294	1789	1716	1726	1554	1346	226	1686	2056	1330	1705	1235	1267	1185	2093	2043	1451	1173	1675	2134	2474	2143	2481	1957	1421	2168	2540	1639	2540	691	2335	1573	1033	1472	1231	1260	1856	1271	1366	1714	2510	1296	2565	1036	23	2010	1190	1792	325	1833	1595	1604	1654	1742	464	932	1408	2221	37	1414	1559	1225	860	2295	1609	767	1580	1631	66	2182	2271	760	666	346	2533	1929	2118	402	2212	1724	1254	1418	1368	2291	1335	646	775	1401	2231	813	1575	1031	2449	1082	1949	1678	1416	1072	2606	1008	1302	1745	1618	2805	1874	
1693	788	1872	1797	1012	369	2986	77	2819	2353	3140	1835	968	2107	1189	2802	350	2286	2354	802	1376	9999	1038	2319	436	2688	1352	675	2321	1085	579	2470	2418	561	860	2275	2534	710	601	1650	1458	576	1180	2856	2489	2109	500	2918	2206	702	2954	3165	1720	334	612	886	2261	728	1742	1611	2552	422	2861	786	796	2703	655	990	2007	1264	706	537	1882	2265	112	1302	996	2866	952	814	2533	2980	411	3063	1497	926	3307	683	1450	479	1068	2387	2043	1110	1007	3073	2649	592	2285	2384	1736	1397	386	2813	1126	2104	299	1993	314	2281	1784	320	1491	539	1809	2956	1822	2769	2545	455	2088	3023	1216	2734	714	3184	426	1342	246	573	2278	1599	1521	2	596	2548	1169	2708	758	1345	834	2093	404	1146	1419	250	1628	761	2151	1002	629	926	2722	1447	102	2408	389	1064	2141	910	781	767	1956	1266	2957	3003	1375	688	1003	3096	777	2138	940	2093	2352	1588	837	917	2674	2316	733	1372	81	2403	591	495	489	2910	2100	2323	1391	1999	1330	3028	1534	879	2503	1292	2819	806	
1949	286	1007	1486	993	814	3034	1164	2733	1887	2670	1774	1298	1626	1503	2556	1435	2130	1957	1478	291	1038	9999	2399	1504	2679	1489	1118	2208	385	1050	2533	1809	1576	227	1715	2385	1037	1036	1698	669	1383	1103	2526	1907	2097	1060	2471	2025	526	2686	2695	1962	742	1329	1094	1685	1569	889	1230	2514	640	2572	1453	985	2342	1177	272	1316	274	954	758	1008	1660	927	376	717	2802	1388	741	1921	2910	679	2613	1738	742	2719	1298	524	1514	287	1942	1776	414	451	2511	2013	1364	1864	1763	1409	324	1332	2259	1057	1796	940	1430	890	2144	1976	1155	1013	1322	2055	2616	2065	2571	2111	1149	2152	2682	1505	2608	447	2572	1285	1032	1119	887	1515	1779	1102	1027	1439	2537	1035	2620	712	277	1660	1405	1441	151	1715	1243	1583	1312	1838	181	700	1096	2361	367	1090	1774	947	783	2265	1409	574	1354	1696	201	2394	2474	823	314	181	2697	1579	2126	67	2188	1881	1108	1225	1057	2401	1581	395	652	1075	2283	460	1298	765	2585	1329	2043	1581	1544	1061	2733	897	989	1940	1506	2832	1526	
593	2124	1945	974	3190	1967	612	2322	520	1124	1439	571	1290	1167	1070	773	2540	463	972	1547	2408	2319	2399	9999	2636	330	923	3011	364	1962	1684	98	1443	2810	2147	1321	460	3010	2924	651	1871	1784	3332	969	1399	263	1758	1246	532	2693	904	1458	561	2066	1698	3157	1356	3069	1924	1201	259	2510	891	1551	1523	965	1602	2065	1596	2715	2970	2728	1962	1417	2188	2827	1627	536	1312	1672	1477	644	2541	1347	763	2999	1862	3054	2079	2722	2724	1078	770	2846	2835	1600	1560	2967	1027	1464	1038	2674	2736	1433	3279	826	1976	1346	1980	423	481	1959	3397	2916	493	1048	481	664	1077	1810	190	1090	1041	517	1993	1798	1907	1316	2627	2835	1770	658	3463	2328	1809	221	3291	440	2871	2351	3165	1586	2671	2605	850	2603	753	3123	822	2606	1819	3183	974	2401	2180	1498	1886	1555	132	1368	1829	1519	798	2345	1527	1476	1588	2434	2159	1263	3125	240	2427	169	1134	3482	1420	3162	765	1710	2034	3101	2197	373	2510	1826	1887	991	1762	722	868	1140	1281	1005	3319	3106	1356	967	442	3169	
1985	1283	2370	2239	1170	850	3265	339	3160	2806	3522	2219	1325	2570	1516	3185	56	2675	2793	1031	1852	436	1504	2636	9999	3016	1720	730	2696	1586	981	2783	2890	121	1353	2744	2909	820	711	2016	1958	791	1317	3249	2957	2464	894	3328	2604	1060	3322	3546	2014	830	877	979	2733	424	2240	2074	2893	819	3245	1025	1230	3120	1012	1487	2497	1688	864	823	2379	2740	595	1705	1482	3196	1271	1294	3003	3296	789	3457	1815	1185	3699	607	1947	51	1470	2834	2468	1481	1364	3483	3113	433	2731	2858	2184	1839	206	3250	1274	2535	748	2469	780	2665	2092	649	1729	407	2094	3341	2107	3144	2985	801	2421	3399	1549	3091	1215	3588	671	1809	355	779	2770	1927	1731	441	772	2881	1333	3057	1032	1825	507	2582	50	1583	1724	213	2021	692	2582	1428	1116	1023	3140	1925	485	2883	829	1546	2450	1209	1277	1058	2383	1746	3380	3417	1868	1134	1495	3476	493	2492	1399	2416	2806	1812	1201	1033	3071	2804	1233	1708	481	2775	1008	751	971	3298	2594	2739	1738	2461	1793	3393	1822	1026	2967	1641	3129	583	
985	2430	2097	1171	3479	2322	307	2697	162	1133	1218	853	1661	1255	1449	537	2921	530	976	1936	2651	2688	2679	330	3016	9999	1280	3338	431	2235	2049	196	1450	3182	2445	1362	345	3332	3255	990	2091	2170	3613	757	1382	534	2127	1067	635	3016	625	1231	954	2418	2082	3461	1402	3410	2097	1422	116	2850	656	1939	1873	823	1976	2350	1712	2983	3291	3066	2113	1464	2552	3092	1929	153	1693	1997	1454	253	2883	1133	1146	3299	1667	3384	2303	3098	3014	1073	908	3133	3132	1432	1513	3310	1058	1482	1245	2924	3104	1320	3564	933	2340	1464	2341	503	869	2336	3650	3264	886	809	874	414	1014	2185	539	833	1418	236	2309	1630	2289	1587	2992	3173	1832	1035	3710	2696	2196	93	3570	145	3191	2596	3492	1682	3047	2879	1237	2974	1059	3444	911	2895	2155	3483	825	2635	2554	1511	2248	1853	516	1752	2146	1903	966	2599	1383	1309	1830	2750	2441	1018	3458	504	2718	542	1144	3717	1791	3462	602	1760	2348	3355	2570	373	2837	2209	2234	758	1863	740	1238	1262	1559	721	3562	3412	1331	1337	104	3490	
397	1178	1387	623	2225	981	1600	1370	1409	1176	1889	440	331	1007	190	1426	1620	896	1110	695	1580	1352	1489	923	1720	1280	9999	2033	916	1087	707	1072	1381	1892	1215	1216	1132	2030	1945	237	1138	893	2387	1518	1407	693	787	1653	831	1720	1583	1915	409	1079	791	2186	1226	2131	1309	637	1138	1526	1502	688	534	1393	645	1163	1208	1823	1991	1747	1405	1262	1211	1929	710	1457	401	706	1477	1573	1557	1799	197	2030	2182	2088	1318	1802	1794	1181	750	1912	1887	1903	1595	2008	1078	1369	612	1816	1788	1649	2330	832	998	1031	997	884	428	1011	2493	1956	501	1620	512	1377	1305	858	680	1686	155	1327	1033	2064	987	543	1659	1854	1483	231	2564	1359	936	1136	2344	1297	1896	1522	2234	1254	1742	1699	217	1649	264	2159	873	1673	837	2215	1412	1594	1221	1403	905	656	757	475	872	613	676	1494	1790	1802	840	1469	1257	1797	2186	722	1497	695	1179	2595	457	2192	1313	1468	1079	2186	1236	997	1534	910	899	1568	1375	995	55	907	496	1668	2423	2134	1396	60	1418	2221	
2409	1080	2166	2363	384	989	3606	732	3437	2873	3601	2484	1672	2618	1902	3379	742	2919	2903	1542	1460	675	1118	3011	730	3338	2033	9999	2966	1408	1276	3153	2873	669	1120	2752	3164	62	50	2322	1782	1314	521	3402	2959	2778	1209	3418	2829	530	3500	3624	2434	895	1352	189	2730	473	2040	2141	3208	503	3421	1526	1443	3252	1374	1273	2412	1157	133	307	2170	2720	775	1129	1499	3480	1675	1362	2987	3577	461	3538	2206	473	3700	145	1689	668	921	2918	2636	876	754	3502	3087	291	2823	2833	2293	1337	465	3278	481	2682	984	2461	976	2919	2490	1057	957	285	2525	3484	2538	3363	3077	1186	2774	3540	1925	3350	1114	3581	1163	1881	399	176	2648	2298	947	662	1329	3210	542	3338	379	1456	533	2502	635	1097	2136	514	2274	138	2728	939	1181	232	3272	1538	830	2850	1073	1579	2840	1640	1254	1502	2548	1379	3405	3459	1814	772	1231	3588	453	2808	1005	2786	2870	1032	1544	241	3253	2701	1100	1025	808	3046	620	1235	1081	3450	2460	2916	2086	2517	1884	3560	1082	244	2981	1989	3455	366	
779	1974	1606	677	3095	1927	801	2347	467	701	1063	425	1311	777	1131	465	2598	60	546	1649	2162	2321	2208	364	2696	431	916	2966	9999	1760	1681	398	1022	2865	1984	910	157	2950	2874	618	1599	1866	3235	612	973	208	1764	851	147	2580	619	1085	748	2014	1767	3087	947	3094	1603	931	262	2432	562	1647	1473	563	1627	1880	1227	2507	2900	2653	1623	1009	2173	2623	1473	534	1371	1563	1051	645	2468	969	863	2882	1463	3037	1812	2778	2549	651	413	2675	2681	1192	1131	2971	609	1047	752	2440	2759	1009	3185	444	1963	977	1957	33	650	1992	3250	2919	723	706	715	399	649	1840	331	762	1095	356	1865	1387	1967	1114	2623	2770	1371	742	3325	2327	1903	304	3188	352	2769	2108	3193	1204	2717	2406	964	2623	634	3099	428	2431	1734	3110	576	2144	2197	1079	1871	1394	438	1441	1702	1587	471	2114	1110	1070	1342	2304	1970	912	3146	191	2253	385	711	3339	1438	3083	395	1306	1900	2917	2211	40	2402	1890	1829	649	1384	298	904	772	1090	713	3152	3026	928	997	588	3176	
1549	268	727	1037	1383	718	2596	1195	2287	1461	2259	1331	970	1198	1145	2112	1499	1681	1522	1244	435	1085	385	1962	1586	2235	1087	1408	1760	9999	835	2093	1418	1698	227	1307	1937	1348	1315	1269	320	1217	1512	2089	1510	1655	878	2052	1577	865	2245	2285	1559	700	1137	1443	1281	1771	597	781	2067	851	2131	1220	679	1908	943	85	942	694	1273	1037	735	1264	933	807	320	2356	1081	426	1533	2465	895	2196	1343	1138	2348	1557	312	1621	731	1514	1327	860	882	2121	1636	1578	1430	1375	960	664	1478	1862	1461	1349	850	1015	802	1696	1563	1054	1462	1529	1650	2181	1659	2125	1684	992	1716	2249	1140	2160	309	2200	1161	585	1269	1173	1182	1370	1549	1080	1280	2091	1449	2172	1067	378	1872	1033	1545	584	1335	1361	1145	1592	1391	616	491	1454	1927	464	1077	1390	814	366	1836	1121	308	1106	1246	343	2000	2073	381	582	157	2273	1797	1684	444	1756	1456	1558	930	1418	1958	1234	290	1100	1070	1836	725	1147	618	2148	994	1598	1185	1110	616	2296	1345	1350	1538	1121	2390	1769	
1071	701	1509	1198	1519	251	2357	606	2180	1773	2554	1193	331	1542	560	2171	879	1649	1755	363	1291	579	1050	1684	981	2049	707	1276	1681	835	9999	1835	1884	1145	770	1729	1895	1284	1190	1005	1119	326	1687	2236	1942	1466	44	2321	1571	1057	2325	2581	1096	358	239	1449	1722	1365	1389	1050	1911	814	2235	340	199	2089	79	816	1535	1370	1254	1022	1523	1737	441	1453	549	2227	348	366	1995	2343	836	2470	866	1356	2778	1319	1199	1055	1259	1800	1425	1352	1291	2512	2113	1237	1695	1856	1145	1435	1019	2245	1630	1492	232	1464	239	1642	1152	273	1879	1184	1188	2338	1201	2133	1950	141	1448	2407	583	2094	543	2646	313	794	886	1114	1823	961	1934	586	388	1908	1655	2067	1202	1241	1470	1612	989	1236	797	880	988	1392	1539	1150	295	1482	2109	1340	454	1884	146	584	1507	334	466	244	1339	1180	2392	2429	929	866	883	2494	1418	1495	1004	1455	1773	1981	208	1463	2045	1843	592	1641	467	1762	877	272	234	2289	1660	1701	750	1432	769	2404	1855	1411	1948	651	2183	1451	
741	2263	2039	1078	3318	2117	463	2473	400	1162	1391	698	1441	1235	1221	710	2689	504	1006	1696	2531	2470	2533	98	2783	196	1072	3153	398	2093	1835	9999	1484	2957	2285	1373	428	3151	3068	796	1987	1933	3456	920	1430	377	1909	1214	592	2837	827	1408	710	2216	1849	3288	1410	3210	2024	1314	179	2657	831	1701	1672	943	1754	2200	1677	2847	3112	2875	2056	1472	2338	2958	1766	403	1464	1816	1507	505	2688	1301	914	3138	1827	3196	2197	2871	2860	1110	850	2982	2973	1575	1581	3111	1072	1509	1145	2800	2885	1428	3410	896	2126	1426	2129	468	631	2110	3511	3062	637	989	625	592	1087	1960	330	1024	1192	427	2135	1774	2056	1446	2776	2981	1833	809	3579	2478	1957	124	3419	340	3016	2475	3298	1660	2819	2736	1001	2752	889	3257	885	2741	1965	3313	950	2522	2331	1541	2035	1693	274	1519	1971	1670	889	2471	1510	1451	1710	2577	2293	1203	3259	351	2564	316	1172	3598	1571	3293	731	1768	2176	3226	2348	380	2655	1976	2034	934	1838	756	1019	1220	1413	927	3438	3242	1384	1118	293	3301	
1583	1737	820	692	2851	1987	1790	2494	1359	259	819	1041	1668	310	1625	984	2792	918	414	2082	1602	2418	1809	1443	2890	1450	1381	2873	1022	1418	1884	1484	9999	3033	1705	111	1041	2820	2781	1224	1074	2217	2967	839	60	1169	1966	656	847	2345	1049	843	1563	2029	2108	2918	108	3168	897	768	1302	2312	930	2067	1624	661	1904	1556	432	2012	2748	2511	829	101	2251	2123	1361	1441	1786	1542	69	1510	2356	777	1523	2605	871	3005	1242	2948	2145	314	667	2268	2321	641	172	3000	352	17	712	1882	2855	391	2920	586	2083	362	2052	957	1486	2213	2832	2949	1596	894	1594	1069	402	2080	1317	949	1590	1209	1710	725	2252	1027	2668	2646	363	1435	2927	2418	2273	1360	2900	1279	2545	1565	3259	348	2876	1956	1604	2723	1089	3047	572	2047	1726	2927	673	1550	2346	26	2004	1291	1463	1863	1592	1964	696	1609	522	606	1004	2064	1618	897	3201	1177	1899	1383	249	2913	1749	2892	840	280	1718	2439	2350	1043	2204	2196	1867	889	482	662	1446	411	1049	1049	2670	2825	102	1487	1589	3192	
2161	1384	2485	2398	1118	991	3422	485	3313	2959	3658	2389	1497	2719	1691	3336	213	2843	2951	1209	1928	561	1576	2810	121	3182	1892	669	2865	1698	1145	2957	3033	9999	1450	2891	3074	769	671	2189	2074	968	1251	3396	3099	2639	1059	3466	2770	1086	3469	3677	2191	958	1053	912	2878	269	2356	2225	3063	874	3394	1202	1390	3267	1182	1591	2632	1731	827	836	2494	2884	727	1737	1622	3348	1446	1437	3143	3447	838	3591	1990	1167	3754	512	2049	46	1504	2989	2632	1502	1381	3613	3244	332	2887	3001	2341	1891	190	3385	1213	2696	899	2614	926	2833	2267	818	1689	324	2270	3482	2283	3296	3138	971	2596	3537	1724	3248	1331	3708	846	1959	393	767	2899	2102	1682	563	949	3052	1276	3219	1027	1906	341	2715	106	1635	1901	275	2191	591	2742	1476	1255	956	3284	2002	636	3025	984	1689	2627	1385	1407	1234	2545	1826	3505	3543	2001	1200	1590	3616	338	2665	1466	2591	2958	1767	1372	971	3228	2936	1345	1708	629	2945	1062	926	1112	3441	2720	2903	1912	2614	1945	3532	1801	975	3109	1815	3285	441	
1673	34	996	1284	1104	562	2797	980	2513	1739	2539	1532	1010	1475	1217	2365	1272	1913	1792	1198	476	860	227	2147	1353	2445	1215	1120	1984	227	770	2285	1705	1450	9999	1592	2171	1059	1028	1438	598	1119	1240	2354	1796	1855	788	2329	1812	580	2502	2566	1687	510	1057	1156	1567	1500	867	1034	2281	569	2391	1173	697	2174	895	99	1230	557	985	750	1002	1551	724	656	457	2579	1100	456	1821	2689	613	2474	1459	863	2635	1273	536	1378	517	1790	1573	639	636	2406	1924	1303	1702	1663	1208	600	1220	2146	1187	1603	694	1299	644	1924	1706	909	1238	1255	1781	2447	1792	2370	1959	885	1900	2516	1221	2393	168	2487	1033	807	1008	886	1466	1506	1319	852	1178	2300	1180	2398	782	435	1599	1321	1303	427	1433	1112	1333	1306	1647	397	416	1168	2194	537	881	1678	686	530	2006	1122	290	1071	1489	363	2286	2357	654	298	89	2548	1522	1884	223	1931	1734	1338	937	1132	2213	1521	122	908	870	2061	437	1038	495	2412	1279	1851	1304	1383	829	2557	1149	1065	1824	1226	2598	1489	
1425	1620	783	527	2748	1844	1713	2348	1291	179	894	886	1505	151	1460	946	2647	803	325	1921	1533	2275	1715	1321	2744	1362	1216	2752	910	1307	1729	1373	111	2891	1592	9999	955	2703	2660	1063	984	2057	2870	831	157	1033	1813	703	722	2235	1032	920	1407	1891	1949	2807	13	3039	840	613	1206	2189	910	1907	1470	643	1746	1446	372	1938	2635	2392	795	57	2109	2050	1222	1374	1622	1398	209	1451	2231	838	1360	2503	1005	2879	1166	2805	2057	243	519	2182	2228	756	325	2868	241	105	548	1817	2715	492	2822	443	1936	233	1908	841	1332	2059	2757	2817	1442	900	1441	1017	380	1925	1179	962	1425	1140	1582	863	2097	876	2531	2526	407	1274	2851	2275	2114	1261	2805	1202	2437	1492	3139	304	2733	1874	1441	2584	926	2925	437	1955	1584	2818	658	1487	2199	138	1856	1150	1327	1700	1458	1803	540	1530	634	702	879	1952	1513	939	3073	1043	1800	1245	169	2841	1589	2783	792	335	1593	2367	2204	939	2088	2038	1724	886	472	558	1282	248	895	1046	2602	2716	173	1323	1507	3068	
977	2165	1718	839	3274	2137	694	2561	298	725	914	637	1527	861	1346	268	2811	200	568	1864	2319	2534	2385	460	2909	345	1132	3164	157	1937	1895	428	1041	3074	2171	955	9999	3147	3075	834	1751	2080	3407	447	974	406	1978	724	298	2774	415	933	946	2223	1982	3273	996	3288	1729	1097	211	2636	377	1862	1684	451	1843	2060	1320	2677	3097	2854	1733	1058	2385	2791	1668	374	1587	1766	1047	474	2672	822	1075	3070	1340	3232	1962	2989	2728	664	554	2854	2864	1083	1110	3174	652	1073	916	2602	2970	937	3357	559	2176	1077	2168	196	849	2207	3412	3123	911	529	902	190	610	2053	509	578	1311	165	2060	1282	2182	1300	2832	2972	1426	954	3481	2540	2116	271	3359	195	2965	2267	3380	1285	2930	2580	1175	2833	846	3288	529	2613	1939	3293	458	2296	2410	1102	2083	1588	586	1656	1901	1803	628	2278	1017	959	1509	2498	2149	743	3337	384	2436	554	735	3489	1653	3268	244	1353	2093	3085	2424	84	2600	2104	2037	472	1465	342	1119	880	1280	512	3306	3214	924	1213	487	3361	
2418	1025	2094	2331	288	986	3605	781	3427	2832	3564	2470	1678	2574	1910	3356	823	2899	2866	1574	1373	710	1037	3010	820	3332	2030	62	2950	1348	1284	3151	2820	769	1059	2703	3147	9999	67	2315	1718	1352	436	3373	2908	2769	1222	3381	2809	446	3482	3586	2442	887	1382	121	2680	581	1971	2103	3200	465	3394	1556	1435	3224	1388	1211	2352	1058	43	252	2098	2669	792	1026	1464	3474	1689	1337	2934	3569	426	3501	2212	364	3657	248	1615	763	823	2877	2607	772	652	3465	3037	396	2785	2779	2259	1240	554	3237	390	2652	995	2412	982	2901	2495	1088	854	386	2534	3458	2547	3344	3042	1209	2771	3512	1932	3339	1072	3532	1201	1847	460	128	2582	2301	848	697	1371	3204	448	3325	282	1371	641	2442	725	1004	2145	588	2260	230	2697	848	1160	160	3242	1451	865	2796	1081	1544	2842	1658	1219	1524	2519	1296	3360	3420	1764	704	1164	3556	560	2799	925	2785	2828	932	1552	159	3232	2640	1054	916	843	3030	557	1270	1070	3425	2396	2888	2087	2475	1852	3534	975	148	2932	1991	3452	471	
2323	987	2077	2268	396	899	3528	668	3356	2781	3518	2393	1585	2523	1816	3297	710	2826	2810	1467	1380	601	1036	2924	711	3255	1945	50	2874	1315	1190	3068	2781	671	1028	2660	3075	67	9999	2231	1691	1243	548	3319	2866	2688	1124	3336	2736	453	3428	3541	2348	803	1276	230	2639	514	1952	2046	3123	409	3339	1450	1351	3171	1290	1182	2319	1091	102	222	2081	2629	692	1069	1404	3404	1591	1268	2895	3497	366	3462	2120	438	3627	205	1601	658	855	2824	2541	819	696	3429	3000	318	2729	2740	2199	1269	447	3198	502	2589	898	2368	889	2827	2404	981	955	299	2439	3406	2452	3280	2988	1106	2686	3465	1839	3269	1019	3498	1091	1786	346	95	2556	2211	955	588	1261	3127	558	3253	322	1374	587	2410	616	1024	2050	475	2182	219	2636	864	1087	270	3189	1459	757	2758	986	1484	2753	1558	1159	1422	2453	1297	3323	3378	1720	683	1142	3505	504	2717	922	2698	2777	1037	1457	270	3173	2611	1005	988	734	2955	531	1162	989	3368	2370	2823	1998	2423	1789	3482	1065	253	2889	1901	3378	432	
315	1412	1412	499	2495	1270	1322	1670	1111	975	1631	165	628	856	454	1134	1918	604	883	974	1740	1650	1698	651	2016	990	237	2322	618	1269	1005	796	1224	2189	1438	1063	834	2315	2231	9999	1239	1184	2654	1238	1231	397	1086	1397	548	1982	1291	1656	305	1365	1084	2466	1081	2429	1356	622	843	1804	1215	970	817	1126	945	1364	1154	2023	2271	2024	1429	1127	1506	2134	917	1161	689	955	1306	1277	1837	1539	243	2291	1955	2382	1438	2099	2019	968	523	2141	2126	1673	1419	2305	870	1221	521	1995	2085	1431	2598	610	1294	938	1291	590	263	1311	2730	2252	369	1340	374	1080	1070	1157	403	1404	417	1027	1278	1847	1284	645	1955	2136	1403	152	2806	1657	1223	844	2609	998	2163	1682	2532	1181	2039	1907	335	1948	107	2451	645	1899	1105	2494	1144	1743	1520	1257	1201	849	504	760	1113	904	469	1666	1565	1565	940	1721	1459	1524	2483	426	1720	430	980	2830	755	2469	1028	1372	1320	2407	1535	698	1799	1206	1181	1286	1328	731	230	772	603	1378	2648	2410	1210	316	1132	2518	
1575	648	350	856	1722	1067	2459	1563	2109	1167	1943	1237	1145	912	1266	1880	1869	1507	1254	1488	508	1458	669	1871	1958	2091	1138	1782	1599	320	1119	1987	1074	2074	598	984	1751	1718	1691	1239	9999	1509	1837	1826	1173	1548	1179	1749	1400	1221	1999	1968	1577	1065	1416	1802	952	2153	225	608	1922	1232	1882	1466	908	1637	1206	445	582	897	1640	1411	359	926	1300	1012	510	2185	1270	688	1186	2287	1276	1888	1391	1471	1994	1936	154	1996	1009	1227	1131	1135	1184	1781	1282	1961	1156	1029	783	795	1859	1528	1790	1132	1193	705	1149	1529	1559	1384	1717	1913	1660	1911	1667	1910	1395	1299	1638	1977	1250	1972	679	1846	1476	535	1652	1547	803	1386	1812	1453	1572	1954	1769	1998	1420	460	2253	673	1922	825	1410	1740	1089	1968	1168	909	814	1809	1656	483	1436	1040	1144	500	1774	1326	631	1348	1063	486	1663	1744	238	948	490	1979	2178	1574	760	1687	1161	1805	1143	1771	1720	861	667	1328	1432	1667	1096	1450	956	1884	616	1375	1239	843	581	2038	1568	1703	1207	1201	2248	2149	
1129	1045	1897	1497	1644	506	2439	525	2326	2074	2825	1398	511	1863	670	2380	697	1853	2036	183	1654	576	1383	1784	791	2170	893	1314	1866	1217	326	1933	2217	968	1119	2057	2080	1352	1243	1184	1509	9999	1814	2473	2267	1623	276	2593	1790	1260	2536	2851	1159	595	62	1528	2055	1250	1778	1387	2049	983	2458	175	557	2343	257	1186	1901	1685	1345	1153	1910	2075	524	1754	937	2363	430	755	2325	2477	990	2738	961	1529	3077	1299	1586	881	1540	2093	1689	1616	1536	2812	2444	1174	1988	2193	1455	1771	921	2551	1759	1764	394	1810	439	1840	1237	215	2082	1126	1239	2575	1253	2326	2232	174	1571	2641	705	2261	897	2955	97	1146	862	1209	2189	1076	2123	589	27	2035	1797	2220	1363	1607	1347	1974	832	1552	868	796	1213	1382	1809	1444	663	1567	2362	1708	422	2222	372	968	1597	361	845	220	1607	1541	2694	2720	1311	1134	1244	2745	1313	1650	1320	1563	2076	2182	408	1557	2269	2204	943	1900	445	1944	1102	47	558	2523	2032	1947	896	1753	1115	2623	2092	1517	2267	804	2287	1375	
