NAME: kroA100Preorder
TYPE: ATSP
DIMENSION: 100
EDGE_WEIGHT_TYPE: EXPLICIT
EDGE_WEIGHT_FORMAT: FULL_MATRIX 
EDGE_WEIGHT_SECTION
9999	1254	1683	748	1881	177	1048	197	1026	440	574	1131	1904	1777	673	882	675	802	496	1011	558	939	555	836	826	1100	1152	191	1562	1608	560	474	1968	1350	1155	806	1876	852	1578	965	2013	373	1682	1232	591	1590	200	1881	209	1264	770	1843	668	1000	1265	479	967	418	684	789	694	883	105	973	874	902	322	1188	865	994	1962	486	1118	607	350	1976	699	1820	667	538	848	1637	1271	561	1286	1097	878	847	490	362	442	112	188	966	1813	1776	497	468	1064	1970	
1254	9999	1265	1793	818	1543	998	1190	950	1820	1763	1178	633	1226	1823	2102	1832	2105	1724	1177	1863	2143	1446	2141	566	1990	1289	970	1091	823	1170	1624	718	1050	1424	2118	781	2156	624	133	1493	1122	1378	90	1594	1205	1456	1173	1573	191	784	916	1922	130	1116	1433	1006	797	1957	1391	665	1349	1488	131	1884	1953	747	412	308	2136	1432	1834	223	1896	1557	696	1228	885	1974	1234	520	305	1102	1926	513	1302	847	2085	1022	1720	1487	1319	1006	2188	478	832	1572	1438	2296	1374	
1683	1265	9999	2374	719	1955	494	1863	510	2075	1693	467	1119	69	1703	2435	1712	2358	2246	600	1927	2460	1262	2338	816	2523	523	1395	66	321	2059	1566	1119	213	645	2235	772	2323	528	1283	214	1935	49	1051	1427	33	1604	257	1989	908	776	505	2338	1371	302	2156	575	1152	1957	985	894	854	1843	1218	2434	2455	1407	676	1026	2488	180	1967	903	1928	2124	1185	942	514	2315	2090	825	1118	292	2152	554	593	660	2415	1931	2108	1416	1873	1386	2461	1202	508	2217	1335	2367	216	
748	1793	2374	9999	2421	504	1892	528	1871	683	1256	1976	2387	2417	1341	348	1338	595	158	1867	1046	373	1452	745	1651	192	1994	1072	2292	2293	521	1257	2424	2136	1993	945	2413	822	2244	1566	2546	543	2378	1847	1426	2318	1001	2462	470	1916	1644	2422	250	1554	2082	252	1831	1313	1153	1673	1557	1759	637	1600	37	68	1092	1920	1601	293	2519	908	1802	1097	236	2419	1611	2408	418	445	1658	2190	2086	710	2023	1948	1739	362	652	439	1310	501	1082	470	2317	2379	125	1364	1089	2517	
1881	818	719	2421	9999	2157	1026	1944	1006	2324	2132	1136	254	564	2168	2545	2178	2508	2355	1222	2285	2562	1737	2511	951	2543	1240	1589	636	292	2016	2001	234	810	1391	2464	10	2510	206	1017	724	1936	869	666	1899	751	1935	367	2189	560	1088	91	2449	1064	950	2187	1090	1361	2327	1567	1095	1477	2080	957	2471	2500	1482	577	928	2575	666	2289	684	2297	2236	300	1471	81	2456	2058	922	406	930	2383	489	1290	1044	2528	1874	2301	1839	2016	1598	2579	381	87	2279	1774	2573	567	
177	1543	1955	504	2157	9999	1356	276	1341	205	578	1423	2174	2053	673	542	670	467	233	1295	432	603	755	520	1168	863	1431	494	1833	1893	609	554	2226	1630	1411	550	2153	551	1860	1274	2249	450	1947	1538	719	1851	309	2150	3	1575	1103	2124	347	1296	1550	401	1275	757	559	1031	1040	1139	44	1288	623	633	637	1513	1200	667	2214	332	1448	487	160	2229	968	2106	340	559	1186	1914	1559	298	1600	1373	1203	507	608	84	605	128	488	625	2089	2062	338	662	791	2222	
1048	998	494	1892	1026	1356	9999	1277	5	1497	1100	68	1266	626	1129	1990	1140	1849	1690	81	1351	2041	607	1825	295	2167	140	711	375	568	1530	931	1306	155	259	1694	1052	1807	665	882	884	1384	489	800	791	382	942	800	1397	703	166	886	1816	969	94	1608	18	484	1403	377	299	284	1227	819	2004	2033	771	435	568	2095	835	1391	601	1357	1552	1355	297	870	1782	1553	323	1098	98	1587	415	156	79	1956	1403	1524	753	1273	698	2044	1264	828	1669	668	1896	857	
197	1190	1863	528	1944	276	1277	9999	1254	633	919	1397	1904	1941	1023	841	1024	880	395	1281	854	896	910	958	962	845	1434	381	1727	1720	226	841	1975	1546	1457	1015	1933	1003	1656	905	2168	83	1882	1225	954	1771	527	2020	292	1289	972	1940	622	908	1497	194	1214	596	986	1125	858	1200	293	932	654	710	366	1278	905	895	2122	758	1156	907	219	1968	1016	1910	699	207	973	1622	1499	736	1399	1390	1095	820	191	434	808	63	400	953	1793	1858	271	831	1247	2117	
1026	950	510	1871	1006	1341	5	1254	9999	1490	1108	95	1238	635	1139	1981	1149	1841	1675	102	1352	2030	616	1820	256	2146	175	687	381	551	1506	935	1276	164	295	1694	1030	1805	640	839	896	1352	513	761	800	395	935	799	1383	665	137	871	1803	924	109	1588	21	452	1407	394	265	305	1212	775	1984	2018	736	400	522	2081	847	1388	559	1361	1534	1326	305	854	1771	1527	286	1063	110	1581	385	190	59	1946	1371	1514	757	1254	676	2034	1232	808	1648	672	1898	864	
440	1820	2075	683	2324	205	1497	633	1490	9999	421	1519	2359	2180	486	456	479	246	376	1406	193	511	775	233	1408	1019	1506	762	1978	2074	973	480	2390	1761	1464	208	2326	237	2070	1582	2337	829	2051	1797	674	1980	369	2286	194	1817	1301	2287	342	1606	1667	724	1427	1008	285	1074	1269	1196	226	1589	775	746	949	1728	1484	633	2314	98	1689	239	413	2396	1066	2273	216	916	1436	2163	1677	34	1801	1450	1388	414	984	110	610	451	740	476	2305	2237	600	689	424	2326	
574	1763	1693	1256	2132	578	1100	919	1108	421	9999	1076	2239	1827	27	1080	28	797	934	943	143	1129	304	709	1170	1578	1029	680	1618	1787	1321	61	2280	1397	938	488	2144	664	1824	1540	2018	1137	1644	1684	157	1599	242	1992	597	1671	998	2052	943	1592	1264	1170	1024	831	151	561	1034	692	476	1525	1362	1347	935	1521	1352	1253	1986	228	1541	128	897	2298	616	2037	806	1286	1207	2046	1277	466	1568	953	1044	1032	1264	618	190	769	644	1082	2199	1997	1105	260	704	2023	
1131	1178	467	1976	1136	1423	68	1397	95	1519	1076	9999	1409	632	1091	2038	1103	1876	1758	42	1346	2083	589	1840	454	2237	32	820	392	664	1648	917	1442	175	118	1693	1167	1817	792	1069	854	1501	428	984	759	364	982	837	1459	882	306	974	1868	1156	74	1702	80	619	1384	328	444	215	1290	1009	2076	2104	911	608	754	2142	815	1398	785	1346	1630	1485	295	962	1818	1666	491	1259	85	1605	573	55	205	2004	1526	1576	748	1376	801	2078	1421	924	1756	665	1887	856	
1904	633	1119	2387	254	2174	1266	1904	1238	2359	2239	1409	9999	977	2277	2537	2284	2524	2336	1468	2350	2557	1887	2536	1061	2492	1510	1626	1003	621	1909	2115	22	1128	1638	2502	203	2543	430	894	1159	1857	1260	568	2048	1127	2017	788	2197	527	1239	443	2444	911	1255	2121	1318	1431	2391	1750	1196	1676	2107	859	2437	2468	1479	686	925	2559	1096	2345	682	2364	2213	23	1638	427	2459	1965	1021	179	1235	2412	662	1546	1225	2526	1784	2312	1971	2000	1643	2580	68	416	2235	1907	2597	1002	
1777	1226	69	2417	564	2053	626	1941	635	2180	1827	632	977	9999	1841	2486	1851	2418	2312	760	2054	2511	1415	2407	878	2554	698	1483	111	240	2106	1695	968	327	825	2328	619	2397	435	1279	138	1991	163	1015	1563	129	1715	105	2084	872	875	354	2395	1362	437	2212	706	1243	2088	1148	974	1022	1950	1215	2474	2493	1471	672	1050	2542	97	2089	893	2056	2201	1047	1096	365	2377	2135	878	1018	424	2252	538	767	765	2467	1979	2199	1547	1958	1479	2517	1082	368	2278	1474	2441	97	
673	1823	1703	1341	2168	673	1129	1023	1139	486	27	1091	2277	1841	9999	1142	0	847	1024	963	181	1185	335	750	1225	1646	1038	766	1636	1814	1415	101	2313	1416	936	512	2181	694	1860	1607	2026	1231	1650	1739	173	1610	324	2016	690	1722	1050	2080	1021	1655	1280	1262	1055	901	157	575	1093	703	575	1593	1441	1424	1027	1570	1420	1317	1996	280	1599	153	993	2329	648	2066	873	1386	1265	2095	1298	525	1609	962	1083	1093	1363	700	238	864	726	1138	2240	2031	1193	301	708	2034	
882	2102	2435	348	2545	542	1990	841	1981	456	1080	2038	2537	2486	1142	9999	1135	178	269	1929	798	11	1417	312	1829	518	2033	1239	2370	2405	995	1143	2568	2230	2005	550	2540	384	2384	1860	2590	943	2426	2120	1333	2378	974	2547	502	2161	1780	2527	89	1865	2160	676	1925	1487	872	1666	1721	1768	668	1885	353	276	1349	2123	1837	67	2578	677	2052	841	444	2566	1640	2515	121	915	1844	2390	2168	416	2204	1983	1860	7	1086	359	1257	720	1234	45	2481	2489	489	1330	616	2582	
675	1832	1712	1338	2178	670	1140	1024	1149	479	28	1103	2284	1851	0	1135	9999	839	1020	976	174	1178	343	739	1236	1641	1049	772	1644	1822	1416	106	2321	1429	947	501	2190	684	1870	1614	2032	1232	1658	1749	182	1619	328	2024	687	1729	1060	2091	1016	1661	1292	1260	1066	910	150	585	1103	714	574	1599	1437	1418	1034	1578	1430	1309	2007	273	1605	147	991	2334	658	2073	865	1387	1273	2102	1310	517	1617	975	1094	1085	1365	695	244	865	732	1130	2248	2039	1190	311	696	2044	
802	2105	2358	595	2508	467	1849	880	1841	246	797	1876	2524	2418	847	178	839	9999	381	1768	500	202	1195	53	1748	846	1858	1148	2288	2351	1132	890	2551	2111	1815	238	2507	100	2344	1861	2530	1040	2340	2103	1082	2291	785	2486	437	2128	1670	2483	203	1880	2029	829	1785	1400	553	1481	1634	1591	556	1875	641	572	1304	2064	1795	340	2509	400	2014	533	530	2553	1475	2472	74	1065	1772	2381	2035	169	2132	1804	1741	140	1185	277	1035	722	1135	137	2476	2450	657	1113	308	2521	
496	1724	2246	158	2355	233	1690	395	1675	376	934	1758	2336	2312	1024	269	1020	381	9999	1652	720	317	1162	501	1491	465	1769	847	2140	2171	562	941	2376	1953	1757	667	2349	569	2126	1489	2447	495	2245	1756	1122	2164	697	2372	202	1805	1460	2343	101	1491	1878	273	1627	1107	836	1432	1383	1522	353	1512	249	249	918	1782	1475	321	2422	592	1686	776	77	2373	1373	2325	208	490	1505	2116	1885	412	1870	1717	1550	257	643	161	1014	311	851	378	2262	2293	127	1070	840	2423	
1011	1177	600	1867	1222	1295	81	1281	102	1406	943	42	1468	760	963	1929	976	1768	1652	9999	1215	1979	456	1729	427	2151	53	708	509	761	1565	790	1502	273	107	1588	1251	1705	868	1042	988	1409	558	994	630	482	850	953	1339	898	254	1076	1763	1127	159	1612	62	521	1256	218	393	121	1167	981	1981	2006	820	640	722	2046	944	1265	791	1216	1526	1539	181	1064	1706	1582	460	1299	173	1496	620	43	172	1889	1447	1465	616	1255	686	1972	1466	1024	1654	529	1781	986	
558	1863	1927	1046	2285	432	1351	854	1352	193	143	1346	2350	2054	181	798	174	500	720	1215	9999	844	552	412	1354	1379	1304	777	1837	1986	1235	249	2379	1622	1231	227	2290	370	2013	1633	2224	1069	1880	1811	407	1823	306	2192	438	1811	1207	2224	688	1671	1516	1034	1270	979	39	845	1213	973	384	1626	1139	1111	1019	1685	1488	978	2198	40	1680	8	729	2389	876	2211	529	1189	1392	2169	1527	213	1739	1238	1266	748	1211	403	402	681	746	790	2306	2176	928	482	433	2222	
939	2143	2460	373	2562	603	2041	896	2030	511	1129	2083	2557	2511	1185	11	1178	202	317	1979	844	9999	1468	333	1881	519	2078	1296	2400	2431	1045	1194	2587	2267	2050	581	2560	403	2411	1912	2598	1001	2456	2166	1385	2408	1036	2568	563	2207	1828	2550	126	1917	2205	721	1976	1537	911	1711	1773	1814	725	1937	367	290	1407	2173	1888	55	2591	724	2100	885	503	2585	1687	2544	162	963	1898	2416	2211	454	2243	2030	1916	29	1137	410	1311	782	1292	31	2506	2518	536	1386	627	2593	
555	1446	1262	1452	1737	755	607	910	616	775	304	589	1887	1415	335	1417	343	1195	1162	456	552	1468	9999	1141	728	1752	551	440	1169	1369	1291	166	1939	907	492	952	1755	1110	1425	1215	1611	1100	1211	1328	69	1147	280	1579	789	1286	533	1641	1246	1281	779	1241	529	470	593	139	600	246	620	1181	1551	1562	683	1089	957	1549	1579	612	1144	553	1056	1961	165	1627	1154	1281	772	1680	795	864	1129	483	560	1375	1192	888	58	813	404	1450	1846	1592	1238	26	1182	1611	
836	2141	2338	745	2511	520	1825	958	1820	233	709	1840	2536	2407	750	312	739	53	501	1729	412	333	1141	9999	1755	1005	1818	1166	2272	2348	1241	823	2563	2091	1767	119	2513	19	2346	1907	2514	1132	2319	2128	1013	2269	763	2478	494	2148	1661	2482	332	1931	1997	946	1760	1408	440	1434	1637	1540	587	1917	793	725	1345	2072	1819	473	2495	341	2032	435	642	2570	1440	2472	168	1175	1781	2400	2009	135	2138	1763	1729	270	1281	340	978	795	1148	253	2491	2451	782	1063	177	2507	
826	566	816	1651	951	1168	295	962	256	1408	1170	454	1061	878	1225	1829	1236	1748	1491	427	1354	1881	728	1755	9999	1914	558	464	643	619	1166	997	1123	459	677	1671	954	1753	584	412	1171	1020	866	409	914	711	877	959	1205	366	88	897	1648	495	457	1307	278	237	1436	627	47	579	1060	362	1755	1797	408	210	141	1916	1110	1353	241	1381	1315	1146	466	873	1646	1201	6	799	450	1511	284	557	136	1800	1010	1377	814	1013	474	1902	1003	816	1412	743	1885	1095	
1100	1990	2523	192	2543	863	2167	845	2146	1019	1578	2237	2492	2554	1646	518	1641	846	465	2151	1379	519	1752	1005	1914	9999	2254	1404	2455	2445	724	1586	2531	2352	2257	1234	2532	1085	2402	1773	2607	806	2528	2065	1726	2470	1356	2586	833	2130	1924	2548	507	1751	2316	495	2112	1607	1470	1977	1826	2057	997	1810	103	124	1398	2155	1836	379	2606	1248	2040	1428	563	2522	1907	2534	694	662	1920	2335	2320	1029	2242	2218	2028	555	879	786	1632	846	1418	639	2426	2507	404	1675	1335	2604	
1152	1289	523	1994	1240	1431	140	1434	175	1506	1029	32	1510	698	1038	2033	1049	1858	1769	53	1304	2078	551	1818	558	2254	9999	860	463	766	1694	881	1536	255	50	1660	1270	1792	900	1172	897	1541	455	1099	707	418	971	913	1464	1000	381	1075	1869	1257	132	1734	144	679	1337	281	533	170	1295	1113	2096	2114	976	724	856	2143	866	1368	897	1301	1647	1583	283	1068	1812	1706	593	1380	150	1589	689	13	288	1998	1578	1574	716	1401	838	2069	1519	1034	1780	634	1848	914	
191	970	1395	1072	1589	494	711	381	687	762	680	820	1626	1483	766	1239	772	1148	847	708	777	1296	440	1166	464	1404	860	9999	1241	1281	701	528	1685	1014	892	1097	1587	1172	1252	693	1716	510	1402	915	558	1274	306	1584	533	931	422	1545	1028	743	936	735	643	112	887	581	350	644	392	685	1195	1237	111	838	535	1345	1671	743	780	814	673	1695	447	1522	1022	709	490	1359	941	880	931	814	531	1204	576	705	411	372	4	1323	1547	1475	803	391	1352	1674	
1562	1091	66	2292	636	1833	375	1727	381	1978	1618	392	1003	111	1636	2370	1644	2288	2140	509	1837	2400	1169	2272	643	2455	463	1241	9999	208	1915	1484	1014	111	604	2162	679	2258	391	1106	344	1788	134	868	1341	38	1500	268	1866	730	619	437	2255	1184	218	2030	444	994	1876	899	726	776	1726	1039	2363	2381	1240	492	841	2428	294	1872	720	1840	2008	1079	842	436	2231	1949	648	962	205	2064	380	530	508	2355	1783	2002	1316	1742	1234	2404	1071	420	2104	1230	2320	304	
1608	823	321	2293	292	1893	568	1720	551	2074	1787	664	621	240	1814	2405	1822	2351	2171	761	1986	2431	1369	2348	619	2445	766	1281	208	9999	1850	1642	633	348	914	2274	327	2341	93	907	478	1745	443	609	1531	316	1610	198	1929	469	694	156	2295	983	475	2008	641	1028	2041	1142	745	1033	1794	843	2362	2386	1217	330	711	2452	412	2007	517	1999	2029	697	1048	145	2287	1892	604	607	454	2161	214	822	621	2388	1714	2066	1488	1766	1286	2443	694	115	2101	1413	2404	362	
560	1170	2059	521	2016	609	1530	226	1506	973	1321	1648	1909	2106	1415	995	1416	1132	562	1565	1235	1045	1291	1241	1166	724	1694	701	1915	1850	9999	1239	1985	1752	1730	1341	1992	1291	1756	912	2308	73	2092	1262	1351	1972	925	2147	614	1357	1226	2039	800	887	1719	155	1484	870	1365	1470	1091	1525	660	961	616	704	580	1414	1025	988	2268	1130	1245	1288	400	1964	1354	2014	932	15	1162	1621	1719	1068	1525	1660	1352	990	56	736	1201	365	731	1128	1783	1960	314	1216	1533	2255	
474	1624	1566	1257	2001	554	931	841	935	480	61	917	2115	1695	101	1143	106	890	941	790	249	1194	166	823	997	1586	881	528	1484	1642	1239	9999	2161	1237	807	626	2014	783	1679	1401	1886	1051	1520	1541	70	1468	151	1851	583	1524	822	1908	990	1456	1112	1120	855	664	288	419	856	544	437	1383	1372	1366	789	1368	1181	1306	1853	311	1394	248	876	2183	448	1891	872	1213	1039	1898	1127	556	1419	809	867	1096	1171	642	67	700	489	1164	2068	1849	1078	118	855	1887	
1968	718	1119	2424	234	2226	1306	1975	1276	2390	2280	1442	22	968	2313	2568	2321	2551	2376	1502	2379	2587	1939	2563	1123	2531	1536	1685	1014	633	1985	2161	9999	1152	1666	2535	185	2568	450	979	1135	1934	1262	649	2093	1134	2067	768	2249	601	1292	430	2476	1001	1279	2186	1362	1489	2420	1790	1259	1711	2163	939	2473	2503	1542	744	1006	2589	1074	2375	756	2392	2266	17	1679	414	2491	2039	1084	251	1263	2447	708	1577	1274	2556	1852	2356	2024	2063	1701	2596	117	409	2288	1957	2602	974	
1350	1050	213	2136	810	1630	155	1546	164	1761	1397	175	1128	327	1416	2230	1429	2111	1953	273	1622	2267	907	2091	459	2352	255	1014	111	348	1752	1237	1152	9999	385	1957	848	2070	493	1007	569	1618	230	831	1086	117	1259	498	1662	706	399	641	2079	1094	48	1844	222	770	1659	648	521	521	1521	933	2228	2255	1041	436	710	2310	517	1656	655	1625	1807	1208	582	632	2047	1781	477	1026	36	1846	362	309	294	2203	1623	1789	1062	1550	1004	2271	1163	597	1919	973	2145	541	
1155	1424	645	1993	1391	1411	259	1457	295	1464	938	118	1638	825	936	2005	947	1815	1757	107	1231	2050	492	1767	677	2257	50	892	604	914	1730	807	1666	385	9999	1600	1422	1731	1059	1285	1006	1577	558	1236	625	538	934	1053	1449	1142	475	1221	1845	1378	259	1756	246	741	1250	225	637	126	1275	1231	2094	2109	1042	873	977	2121	977	1301	1042	1222	1645	1707	272	1212	1779	1739	717	1511	274	1536	841	35	390	1963	1621	1546	659	1408	865	2035	1649	1179	1787	580	1779	1039	
806	2118	2235	945	2464	550	1694	1015	1694	208	488	1693	2502	2328	512	550	501	238	667	1588	227	581	952	119	1671	1234	1660	1097	2162	2274	1341	626	2535	1957	1600	9999	2466	72	2283	1883	2440	1204	2202	2087	804	2149	641	2414	534	2099	1558	2429	526	1913	1850	1078	1628	1323	223	1245	1549	1375	571	1884	1016	954	1305	1995	1769	734	2422	196	1972	235	759	2546	1271	2420	350	1277	1697	2371	1860	123	2056	1605	1616	504	1358	405	798	836	1073	495	2464	2398	927	884	110	2437	
1876	781	772	2413	10	2153	1052	1933	1030	2326	2144	1167	203	619	2181	2540	2190	2507	2349	1251	2290	2560	1755	2513	954	2532	1270	1587	679	327	1992	2014	185	848	1422	2466	9999	2511	216	988	785	1918	917	638	1916	798	1940	420	2185	537	1100	127	2446	1035	990	2174	1114	1362	2333	1590	1099	1500	2077	932	2463	2493	1472	576	916	2571	721	2294	671	2303	2230	248	1489	114	2453	2043	923	363	967	2385	496	1325	1058	2525	1854	2299	1851	2006	1597	2577	331	116	2268	1787	2576	626	
852	2156	2323	822	2510	551	1807	1003	1805	237	664	1817	2543	2397	694	384	684	100	569	1705	370	403	1110	19	1753	1085	1792	1172	2258	2341	1291	783	2568	2070	1731	72	2511	9999	2345	1927	2501	1177	2300	2137	967	2253	749	2469	526	2154	1653	2479	396	1951	1976	1012	1738	1409	386	1401	1635	1513	604	1933	872	806	1361	2071	1829	557	2484	310	2039	387	695	2572	1414	2467	231	1229	1780	2406	1986	135	2133	1732	1718	345	1332	372	943	832	1152	323	2497	2448	847	1034	119	2498	
1578	624	528	2244	206	1860	665	1656	640	2070	1824	792	430	435	1860	2384	1870	2344	2126	868	2013	2411	1425	2346	584	2402	900	1252	391	93	1756	1679	450	493	1059	2283	216	2345	9999	749	691	1663	668	425	1589	513	1616	355	1897	309	710	171	2265	812	626	1930	721	997	2069	1227	719	1131	1775	684	2320	2352	1148	243	599	2427	619	2021	380	2028	1975	511	1113	145	2270	1798	557	388	606	2160	158	948	666	2368	1621	2045	1524	1714	1261	2425	478	104	2039	1459	2412	548	
965	133	1283	1566	1017	1274	882	905	839	1582	1540	1069	894	1279	1607	1860	1614	1861	1489	1042	1633	1912	1215	1907	412	1773	1172	693	1106	907	912	1401	979	1007	1285	1883	988	1927	749	9999	1548	848	1376	184	1383	1206	1183	1271	1308	278	614	1074	1678	24	1045	1167	870	543	1723	1191	465	1171	1211	12	1657	1721	457	416	152	1909	1494	1600	217	1663	1297	965	1032	1044	1725	978	378	552	1034	1679	539	1172	702	1842	762	1477	1249	1036	726	1959	759	982	1323	1197	2098	1454	
2013	1493	214	2546	724	2249	884	2168	896	2337	2018	854	1159	138	2026	2590	2032	2530	2447	988	2224	2598	1611	2514	1171	2607	897	1716	344	478	2308	1886	1135	569	1006	2440	785	2501	691	1548	9999	2214	264	1288	1743	319	1932	203	2276	1154	1155	508	2514	1615	674	2380	960	1509	2247	1360	1260	1230	2160	1495	2588	2595	1714	961	1341	2605	14	2259	1181	2223	2365	1209	1330	530	2494	2330	1173	1251	663	2388	833	968	1045	2581	2208	2361	1739	2183	1708	2599	1281	557	2423	1672	2538	54	
373	1122	1935	543	1936	450	1384	83	1352	829	1137	1501	1857	1991	1231	943	1232	1040	495	1409	1069	1001	1100	1132	1020	806	1541	510	1788	1745	73	1051	1934	1618	1577	1204	1918	1177	1663	848	2214	9999	1958	1184	1157	1836	734	2050	462	1267	1065	1948	737	835	1580	157	1322	695	1195	1282	928	1354	484	887	656	729	420	1296	906	969	2173	963	1145	1123	320	1921	1167	1920	846	75	1021	1576	1582	925	1420	1508	1185	931	52	610	1010	212	539	1074	1737	1866	296	1022	1430	2159	
1682	1378	49	2378	869	1947	489	1882	513	2051	1644	428	1260	163	1650	2426	1658	2340	2245	558	1880	2456	1211	2319	866	2528	455	1402	134	443	2092	1520	1262	230	558	2202	917	2300	668	1376	264	1958	9999	1157	1369	60	1580	378	1983	1023	798	654	2331	1455	285	2175	564	1172	1906	920	926	794	1833	1303	2438	2458	1437	773	1099	2485	244	1932	1006	1877	2129	1334	902	663	2302	2114	881	1250	278	2125	661	527	675	2409	1963	2097	1374	1882	1392	2454	1343	657	2228	1285	2340	307	
1232	90	1051	1847	666	1538	800	1225	761	1797	1684	984	568	1015	1739	2120	1749	2103	1756	994	1811	2166	1328	2128	409	2065	1099	915	868	609	1262	1541	649	831	1236	2087	638	2137	425	184	1288	1184	1157	9999	1498	987	1395	964	1570	46	623	733	1944	224	901	1493	815	708	1895	1235	522	1180	1470	144	1947	2011	722	220	213	2170	1221	1791	76	1837	1591	647	1081	700	1981	1324	370	266	889	1900	310	1118	669	2104	1109	1718	1395	1337	940	2200	449	647	1620	1330	2270	1165	
591	1594	1427	1426	1899	719	791	954	800	674	157	759	2048	1563	173	1333	182	1082	1122	630	407	1385	69	1013	914	1726	707	558	1341	1531	1351	70	2093	1086	625	804	1916	967	1589	1383	1743	1157	1369	1498	9999	1312	264	1724	754	1467	722	1797	1175	1444	948	1258	715	636	428	267	785	379	594	1352	1524	1523	813	1273	1139	1485	1714	481	1328	399	1043	2115	325	1786	1065	1335	956	1836	966	748	1316	639	752	1280	1264	824	51	835	516	1352	2012	1743	1232	66	1025	1752	
1590	1205	33	2318	751	1851	382	1771	395	1980	1599	364	1127	129	1610	2378	1619	2291	2164	482	1823	2408	1147	2269	711	2470	418	1274	38	316	1972	1468	1134	117	538	2149	798	2253	513	1206	319	1836	60	987	1312	9999	1503	328	1886	851	663	543	2269	1288	200	2069	449	1041	1855	868	784	739	1742	1139	2379	2401	1294	602	929	2439	281	1864	833	1824	2036	1198	827	546	2238	2003	719	1094	189	2063	488	482	540	2363	1836	2017	1299	1779	1266	2410	1195	531	2133	1216	2307	315	
200	1456	1604	1001	1935	309	942	527	935	369	242	982	2017	1715	324	974	328	785	697	850	306	1036	280	763	877	1356	971	306	1500	1610	925	151	2067	1259	934	641	1940	749	1616	1183	1932	734	1580	1395	264	1503	9999	1850	341	1396	749	1862	790	1234	1153	817	864	487	398	540	734	659	194	1176	1120	1128	535	1258	1013	1125	1890	294	1242	339	597	2082	506	1843	713	902	908	1768	1164	467	1336	906	828	927	860	431	154	397	275	1025	1946	1799	792	201	893	1911	
1881	1173	257	2462	367	2150	800	2020	799	2286	1992	837	788	105	2016	2547	2024	2486	2372	953	2192	2568	1579	2478	959	2586	913	1584	268	198	2147	1851	768	498	1053	2414	420	2469	355	1271	203	2050	378	964	1724	328	1850	9999	2184	830	1005	176	2457	1345	640	2266	879	1353	2227	1348	1079	1224	2061	1208	2516	2541	1542	682	1079	2584	149	2215	887	2196	2274	845	1276	195	2446	2184	949	884	621	2348	549	983	904	2529	2027	2290	1700	2051	1585	2574	911	215	2332	1629	2520	86	
209	1573	1989	470	2189	3	1397	292	1383	194	597	1459	2197	2084	690	502	687	437	202	1339	438	563	789	494	1205	833	1464	533	1866	1929	614	583	2249	1662	1449	534	2185	526	1897	1308	2276	462	1983	1570	754	1886	341	2184	9999	1604	1142	2155	311	1330	1590	393	1319	795	565	1068	1077	1175	61	1325	590	595	673	1545	1237	624	2241	336	1478	494	143	2252	1012	2134	303	561	1226	1945	1595	281	1631	1409	1244	464	621	65	641	145	528	586	2113	2094	316	695	771	2250	
1264	191	908	1916	560	1575	703	1289	665	1817	1671	882	527	872	1722	2161	1729	2128	1805	898	1811	2207	1286	2148	366	2130	1000	931	730	469	1357	1524	601	706	1142	2099	537	2154	309	278	1154	1267	1023	46	1467	851	1396	830	1604	9999	564	610	1988	335	788	1560	724	705	1889	1174	487	1111	1499	228	2017	2068	766	122	227	2213	1084	1795	52	1835	1639	612	1024	577	2019	1413	329	264	772	1922	194	1023	590	2140	1198	1753	1370	1390	953	2233	442	518	1680	1297	2279	1029	
770	784	776	1644	1088	1103	166	972	137	1301	998	306	1239	875	1050	1780	1060	1670	1460	254	1207	1828	533	1661	88	1924	381	422	619	694	1226	822	1292	399	475	1558	1100	1653	710	614	1155	1065	798	623	722	663	749	1005	1142	564	9999	1002	1603	700	357	1331	129	204	1277	412	55	369	980	560	1749	1788	441	360	320	1873	1100	1220	429	1224	1289	1327	274	977	1583	1256	113	1004	357	1413	401	370	36	1744	1079	1298	639	987	417	1839	1195	921	1411	559	1770	1104	
1843	916	505	2422	91	2124	886	1940	871	2287	2052	974	443	354	2080	2527	2091	2483	2343	1076	2224	2550	1641	2482	897	2548	1075	1545	437	156	2039	1908	430	641	1221	2429	127	2479	171	1074	508	1948	654	733	1797	543	1862	176	2155	610	1002	9999	2433	1133	784	2194	953	1308	2266	1453	1037	1344	2042	1015	2474	2499	1468	547	932	2564	441	2236	706	2233	2227	504	1358	2	2432	2080	878	568	765	2354	436	1133	930	2512	1900	2274	1752	1995	1551	2561	577	25	2278	1681	2541	360	
668	1922	2338	250	2449	347	1816	622	1803	342	943	1868	2444	2395	1021	89	1016	203	101	1763	688	126	1246	332	1648	507	1869	1028	2255	2295	800	990	2476	2079	1845	526	2446	396	2265	1678	2514	737	2331	1944	1175	2269	790	2457	311	1988	1603	2433	9999	1682	2006	486	1752	1280	781	1515	1540	1614	458	1699	299	254	1131	1952	1653	170	2490	559	1862	735	256	2475	1480	2421	71	726	1664	2275	2015	334	2040	1818	1688	74	882	192	1087	502	1025	171	2384	2393	318	1155	660	2496	
1000	130	1371	1554	1064	1296	969	908	924	1606	1592	1156	911	1362	1655	1865	1661	1880	1491	1127	1671	1917	1281	1931	495	1751	1257	743	1184	983	887	1456	1001	1094	1378	1913	1035	1951	812	24	1615	835	1455	224	1444	1288	1234	1345	1330	335	700	1133	1682	9999	1131	1152	955	610	1765	1270	550	1253	1241	53	1644	1707	499	493	228	1906	1555	1632	287	1701	1300	981	1111	1099	1736	949	456	570	1121	1703	621	1257	790	1849	734	1496	1310	1049	778	1965	766	1046	1312	1263	2120	1515	
1265	1116	302	2082	950	1550	94	1497	109	1667	1264	74	1255	437	1280	2160	1292	2029	1878	159	1516	2205	779	1997	457	2316	132	936	218	475	1719	1112	1279	48	259	1850	990	1976	626	1045	674	1580	285	901	948	200	1153	640	1590	788	357	784	2006	1131	9999	1796	142	712	1549	509	492	388	1443	974	2179	2206	996	512	733	2252	630	1555	716	1517	1739	1340	453	775	1959	1739	484	1135	1	1753	444	183	245	2129	1594	1704	931	1491	922	2205	1277	742	1856	849	2049	666	
479	1433	2156	252	2187	401	1608	194	1588	724	1170	1702	2121	2212	1262	676	1260	829	273	1612	1034	721	1241	946	1307	495	1734	735	2030	2008	155	1120	2186	1844	1756	1078	2174	1012	1930	1167	2380	157	2175	1493	1258	2069	817	2266	393	1560	1331	2194	486	1152	1796	9999	1549	955	1158	1463	1211	1530	485	1204	349	417	702	1579	1220	675	2353	909	1455	1088	157	2177	1367	2172	632	102	1314	1838	1799	802	1679	1696	1449	674	247	471	1124	249	760	808	2012	2123	68	1155	1272	2347	
967	1006	575	1831	1090	1275	18	1214	21	1427	1024	80	1318	706	1055	1925	1066	1785	1627	62	1270	1976	529	1760	278	2112	144	643	444	641	1484	855	1362	222	246	1628	1114	1738	721	870	960	1322	564	815	715	449	864	879	1319	724	129	953	1752	955	142	1549	9999	426	1326	317	264	232	1152	810	1942	1971	713	462	555	2033	912	1308	616	1276	1494	1405	230	937	1710	1505	313	1134	148	1516	453	145	60	1888	1348	1461	675	1204	626	1978	1307	895	1610	588	1829	934	
418	797	1152	1313	1361	757	484	596	452	1008	831	619	1431	1243	901	1487	910	1400	1107	521	979	1537	470	1408	237	1607	679	112	994	1028	870	664	1489	770	741	1323	1362	1409	997	543	1509	695	1172	708	636	1041	487	1353	795	705	204	1308	1280	610	712	955	426	9999	1078	508	126	528	647	516	1436	1475	139	584	338	1577	1463	962	548	1012	921	1504	361	1279	1274	892	258	1143	715	1126	676	647	310	1458	724	963	502	616	117	1556	1351	1226	1047	446	1554	1462	
684	1957	1957	1153	2327	559	1403	986	1407	285	151	1384	2391	2088	157	872	150	553	836	1256	39	911	593	440	1436	1470	1337	887	1876	2041	1365	288	2420	1659	1250	223	2333	386	2069	1723	2247	1195	1906	1895	428	1855	398	2227	565	1889	1277	2266	781	1765	1549	1158	1326	1078	9999	874	1297	1006	507	1714	1242	1208	1132	1757	1574	1057	2223	105	1761	16	853	2430	920	2254	613	1320	1469	2234	1564	282	1806	1264	1335	822	1342	515	447	810	853	849	2360	2221	1055	535	397	2251	
789	1391	985	1673	1567	1031	377	1125	394	1074	561	328	1750	1148	575	1666	585	1481	1432	218	845	1711	139	1434	627	1977	281	581	899	1142	1470	419	1790	648	225	1245	1590	1401	1227	1191	1360	1282	920	1235	267	868	540	1348	1068	1174	412	1453	1515	1270	509	1463	317	508	874	9999	524	39	891	1150	1778	1790	779	934	899	1793	1327	907	1045	841	1310	1822	57	1439	1443	1471	673	1576	523	1163	948	221	392	1628	1360	1175	279	1053	545	1697	1728	1399	1476	211	1462	1371	
694	665	894	1557	1095	1040	299	858	265	1269	1034	444	1196	974	1093	1721	1103	1634	1383	393	1213	1773	600	1637	47	1826	533	350	726	745	1091	856	1259	521	637	1549	1099	1635	719	465	1260	928	926	522	785	784	734	1079	1077	487	55	1037	1540	550	492	1211	264	126	1297	524	9999	496	919	423	1662	1702	326	337	204	1809	1201	1211	352	1238	1198	1280	371	1011	1532	1125	64	929	490	1389	405	519	125	1692	932	1243	678	890	354	1791	1137	949	1306	608	1767	1195	
883	1349	854	1759	1477	1139	284	1200	305	1196	692	215	1676	1022	703	1768	714	1591	1522	121	973	1814	246	1540	579	2057	170	644	776	1033	1525	544	1711	521	126	1375	1500	1513	1131	1171	1230	1354	794	1180	379	739	659	1224	1175	1111	369	1344	1614	1253	388	1530	232	528	1006	39	496	9999	1004	1123	1859	1879	815	861	868	1893	1197	1042	984	969	1410	1749	69	1331	1544	1529	623	1512	404	1284	862	116	330	1727	1415	1288	391	1142	611	1800	1664	1287	1555	319	1571	1243	
105	1488	1843	637	2080	44	1227	293	1212	226	476	1290	2107	1950	575	668	574	556	353	1167	384	725	620	587	1060	997	1295	392	1726	1794	660	437	2163	1521	1275	571	2077	604	1775	1211	2160	484	1833	1470	594	1742	194	2061	61	1499	980	2042	458	1241	1443	485	1152	647	507	891	919	1004	9999	1220	758	768	554	1425	1114	795	2121	299	1359	433	262	2170	835	2022	432	618	1083	1843	1451	332	1507	1238	1081	628	633	160	472	146	383	739	2028	1973	436	525	822	2131	
973	131	1218	1600	957	1288	819	932	775	1589	1525	1009	859	1215	1593	1885	1599	1875	1512	981	1626	1937	1181	1917	362	1810	1113	685	1039	843	961	1383	939	933	1231	1884	932	1933	684	12	1495	887	1303	144	1352	1139	1176	1208	1325	228	560	1015	1699	53	974	1204	810	516	1714	1150	423	1123	1220	9999	1691	1754	459	354	108	1938	1434	1596	161	1656	1328	931	986	978	1740	1026	328	520	962	1685	470	1115	646	1862	805	1492	1223	1055	717	1982	728	917	1357	1171	2100	1393	
874	1884	2434	37	2471	623	2004	654	1984	775	1362	2076	2437	2474	1441	353	1437	641	249	1981	1139	367	1551	793	1755	103	2096	1195	2363	2362	616	1372	2473	2228	2094	1016	2463	872	2320	1657	2588	656	2438	1947	1524	2379	1120	2516	590	2017	1749	2474	299	1644	2179	349	1942	1436	1242	1778	1662	1859	758	1691	9999	28	1212	2026	1698	261	2569	1010	1903	1187	346	2465	1712	2460	470	542	1763	2260	2182	791	2115	2052	1847	374	754	541	1430	629	1208	469	2369	2436	228	1474	1133	2567	
902	1953	2455	68	2500	633	2033	710	2018	746	1347	2104	2468	2493	1424	276	1418	572	249	2006	1111	290	1562	725	1797	124	2114	1237	2381	2386	704	1366	2503	2255	2109	954	2493	806	2352	1721	2595	729	2458	2011	1523	2401	1128	2541	595	2068	1788	2499	254	1707	2206	417	1971	1475	1208	1790	1702	1879	768	1754	28	9999	1268	2070	1753	179	2583	979	1960	1161	372	2499	1732	2487	420	630	1808	2309	2210	751	2160	2070	1885	306	836	525	1435	672	1247	389	2408	2462	279	1484	1066	2583	
322	747	1407	1092	1482	637	771	366	736	949	935	911	1479	1471	1027	1349	1034	1304	918	820	1019	1407	683	1345	408	1398	976	111	1240	1217	580	789	1542	1041	1042	1305	1472	1361	1148	457	1714	420	1437	722	813	1294	535	1542	673	766	441	1468	1131	499	996	702	713	139	1132	779	326	815	554	459	1212	1268	9999	724	374	1429	1664	968	619	1060	725	1547	631	1443	1160	609	416	1172	996	1073	842	939	571	1320	433	851	666	427	141	1445	1382	1389	811	637	1540	1655	
1188	412	676	1920	577	1513	435	1278	400	1728	1521	608	686	672	1570	2123	1578	2064	1782	640	1685	2173	1089	2072	210	2155	724	838	492	330	1414	1368	744	436	873	1995	576	2071	243	416	961	1296	773	220	1273	602	1258	682	1545	122	360	547	1952	493	512	1579	462	584	1757	934	337	861	1425	354	2026	2070	724	9999	222	2194	893	1685	96	1703	1618	774	796	516	1957	1462	184	461	496	1830	41	754	358	2103	1256	1691	1184	1351	851	2195	651	456	1682	1113	2193	853	
865	308	1026	1601	928	1200	568	905	522	1484	1352	754	925	1050	1420	1837	1430	1795	1475	722	1488	1888	957	1819	141	1836	856	535	841	711	1025	1181	1006	710	977	1769	916	1829	599	152	1341	906	1099	213	1139	929	1013	1079	1237	227	320	932	1653	228	733	1220	555	338	1574	899	204	868	1114	108	1698	1753	374	222	9999	1905	1271	1469	107	1514	1286	1015	738	901	1676	1075	112	622	723	1588	339	857	393	1813	860	1411	1019	996	560	1925	834	845	1353	952	1987	1242	
994	2136	2488	293	2575	667	2095	895	2081	633	1253	2142	2559	2542	1317	67	1309	340	321	2046	978	55	1549	473	1916	379	2143	1345	2428	2452	988	1306	2589	2310	2121	734	2571	557	2427	1909	2605	969	2485	2170	1485	2439	1125	2584	624	2213	1873	2564	170	1906	2252	675	2033	1577	1057	1793	1809	1893	795	1938	261	179	1429	2194	1905	9999	2600	855	2110	1023	504	2586	1762	2552	266	908	1933	2416	2258	592	2264	2099	1966	99	1099	488	1411	803	1345	119	2504	2533	492	1473	787	2601	
1962	1432	180	2519	666	2214	835	2122	847	2314	1986	815	1096	97	1996	2578	2007	2509	2422	944	2198	2591	1579	2495	1110	2606	866	1671	294	412	2268	1853	1074	517	977	2422	721	2484	619	1494	14	2173	244	1221	1714	281	1890	149	2241	1084	1100	441	2490	1555	630	2353	912	1463	2223	1327	1201	1197	2121	1434	2569	2583	1664	893	1271	2600	9999	2232	1117	2198	2339	1151	1286	464	2474	2294	1110	1180	617	2366	764	933	987	2558	2158	2333	1706	2139	1665	2592	1219	490	2399	1638	2522	30	
486	1834	1967	908	2289	332	1391	758	1388	98	228	1398	2345	2089	280	677	273	400	592	1265	40	724	612	341	1353	1248	1368	743	1872	2007	1130	311	2375	1656	1301	196	2294	310	2021	1600	2259	963	1932	1791	481	1864	294	2215	336	1795	1220	2236	559	1632	1555	909	1308	962	105	907	1211	1042	299	1596	1010	979	968	1685	1469	855	2232	9999	1668	67	606	2382	919	2220	412	1082	1388	2151	1569	120	1747	1297	1288	628	1117	291	446	579	717	679	2296	2187	805	532	419	2253	
1118	223	903	1802	684	1448	601	1156	559	1689	1541	785	682	893	1599	2052	1605	2014	1686	791	1680	2100	1144	2032	241	2040	897	780	720	517	1245	1394	756	655	1042	1972	671	2039	380	217	1181	1145	1006	76	1328	833	1242	887	1478	52	429	706	1862	287	716	1455	616	548	1761	1045	352	984	1359	161	1903	1960	619	96	107	2110	1117	1668	9999	1703	1519	767	886	675	1888	1297	203	395	703	1791	187	914	464	2030	1086	1627	1218	1246	802	2127	598	615	1573	1152	2176	1071	
607	1896	1928	1097	2297	487	1357	907	1361	239	128	1346	2364	2056	153	841	147	533	776	1216	8	885	553	435	1381	1428	1301	814	1840	1999	1288	248	2392	1625	1222	235	2303	387	2028	1663	2223	1123	1877	1837	399	1824	339	2196	494	1835	1224	2233	735	1701	1517	1088	1276	1012	16	841	1238	969	433	1656	1187	1161	1060	1703	1514	1023	2198	67	1703	9999	787	2403	881	2219	576	1248	1412	2191	1528	249	1760	1233	1277	790	1264	450	407	735	782	828	2322	2187	989	489	429	2225	
350	1557	2124	236	2236	160	1552	219	1534	413	897	1630	2213	2201	993	444	991	530	77	1526	729	503	1056	642	1315	563	1647	673	2008	2029	400	876	2266	1807	1645	759	2230	695	1975	1297	2365	320	2129	1591	1043	2036	597	2274	143	1639	1289	2227	256	1300	1739	157	1494	921	853	1310	1198	1410	262	1328	346	372	725	1618	1286	504	2339	606	1519	787	9999	2263	1235	2209	351	344	1331	1954	1746	481	1708	1602	1405	431	450	191	911	150	679	569	2119	2165	78	959	959	2340	
1976	696	1185	2419	300	2229	1355	1968	1326	2396	2298	1485	23	1047	2329	2566	2334	2553	2373	1539	2389	2585	1961	2570	1146	2522	1583	1695	1079	697	1964	2183	17	1208	1707	2546	248	2572	511	965	1209	1921	1334	647	2115	1198	2082	845	2252	612	1327	504	2475	981	1340	2177	1405	1504	2430	1822	1280	1749	2170	931	2465	2499	1547	774	1015	2586	1151	2382	767	2403	2263	9999	1709	484	2492	2025	1109	238	1319	2451	749	1619	1314	2555	1837	2357	2046	2062	1712	2596	92	476	2281	1985	2603	1054	
699	1228	942	1611	1471	968	297	1016	305	1066	616	295	1638	1096	648	1640	658	1475	1373	181	876	1687	165	1440	466	1907	283	447	842	1048	1354	448	1679	582	272	1271	1489	1414	1113	1032	1330	1167	902	1081	325	827	506	1276	1012	1024	274	1358	1480	1111	453	1367	230	361	920	57	371	69	835	986	1712	1732	631	796	738	1762	1286	919	886	881	1235	1709	9999	1342	1419	1362	513	1450	468	1163	821	229	271	1604	1227	1137	293	954	423	1680	1613	1293	1400	217	1497	1323	
1820	885	514	2408	81	2106	870	1910	854	2273	2037	962	427	365	2066	2515	2073	2472	2325	1064	2211	2544	1627	2472	873	2534	1068	1522	436	145	2014	1891	414	632	1212	2420	114	2467	145	1044	530	1920	663	700	1786	546	1843	195	2134	577	977	2	2421	1099	775	2172	937	1279	2254	1439	1011	1331	2022	978	2460	2487	1443	516	901	2552	464	2220	675	2219	2209	484	1342	9999	2421	2055	851	534	757	2339	410	1125	910	2500	1871	2256	1733	1969	1528	2549	548	9	2259	1666	2530	381	
667	1974	2315	418	2456	340	1782	699	1771	216	806	1818	2459	2377	873	121	865	74	208	1706	529	162	1154	168	1646	694	1812	1022	2231	2287	932	872	2491	2047	1779	350	2453	231	2270	1725	2494	846	2302	1981	1065	2238	713	2446	303	2019	1583	2432	71	1736	1959	632	1710	1274	613	1443	1532	1544	432	1740	470	420	1160	1957	1676	266	2474	412	1888	576	351	2492	1419	2421	9999	864	1666	2304	1969	186	2041	1759	1661	91	999	153	992	551	1015	151	2409	2395	453	1067	468	2480	
538	1234	2090	445	2058	559	1553	207	1527	916	1286	1666	1965	2135	1386	915	1387	1065	490	1582	1189	963	1281	1175	1201	662	1706	709	1949	1892	15	1213	2039	1781	1739	1277	2043	1229	1798	978	2330	75	2114	1324	1335	2003	902	2184	561	1413	1256	2080	726	949	1739	102	1505	892	1320	1471	1125	1529	618	1026	542	630	609	1462	1075	908	2294	1082	1297	1248	344	2025	1362	2055	864	9999	1200	1675	1740	1010	1567	1675	1383	912	87	677	1184	334	738	1054	1836	2010	249	1205	1482	2282	
848	520	825	1658	922	1186	323	973	286	1436	1207	491	1021	878	1265	1844	1273	1772	1505	460	1392	1898	772	1781	6	1920	593	490	648	604	1162	1039	1084	477	717	1697	923	1780	557	378	1173	1021	881	370	956	719	908	949	1226	329	113	878	1664	456	484	1314	313	258	1469	673	64	623	1083	328	1763	1808	416	184	112	1933	1110	1388	203	1412	1331	1109	513	851	1666	1200	9999	758	476	1535	263	595	167	1818	1005	1398	855	1027	501	1923	956	794	1424	784	1914	1092	
1637	305	1118	2190	406	1914	1098	1622	1063	2163	2046	1259	179	1018	2095	2390	2102	2381	2116	1299	2169	2416	1680	2400	799	2335	1380	1359	962	607	1621	1898	251	1026	1511	2371	363	2406	388	552	1251	1576	1250	266	1836	1094	1768	884	1945	264	1004	568	2275	570	1135	1838	1134	1143	2234	1576	929	1512	1843	520	2260	2309	1172	461	622	2416	1180	2151	395	2191	1954	238	1450	534	2304	1675	758	9999	1118	2247	485	1408	1017	2378	1496	2092	1748	1718	1385	2442	82	495	1978	1691	2487	1101	
1271	1102	292	2086	930	1559	98	1499	110	1677	1277	85	1235	424	1298	2168	1310	2035	1885	173	1527	2211	795	2009	450	2320	150	941	205	454	1719	1127	1263	36	274	1860	967	1986	606	1034	663	1582	278	889	966	189	1164	621	1595	772	357	765	2015	1121	1	1799	148	715	1564	523	490	404	1451	962	2182	2210	996	496	723	2258	617	1569	703	1528	1746	1319	468	757	1969	1740	476	1118	9999	1764	431	199	245	2135	1594	1713	946	1497	928	2211	1262	720	1860	862	2060	650	
561	1926	2152	710	2383	298	1587	736	1581	34	466	1605	2412	2252	525	416	517	169	412	1496	213	454	864	135	1511	1029	1589	880	2064	2161	1068	556	2447	1846	1536	123	2385	135	2160	1679	2388	925	2125	1900	748	2063	467	2348	281	1922	1413	2354	334	1703	1753	802	1516	1126	282	1163	1389	1284	332	1685	791	751	1073	1830	1588	592	2366	120	1791	249	481	2451	1163	2339	186	1010	1535	2247	1764	9999	1901	1527	1486	369	1085	165	700	563	859	411	2366	2311	665	781	322	2379	
1286	513	554	2023	489	1600	415	1399	385	1801	1568	573	662	538	1609	2204	1617	2132	1870	620	1739	2243	1129	2138	284	2242	689	931	380	214	1525	1419	708	362	841	2056	496	2133	158	539	833	1420	661	310	1316	488	1336	549	1631	194	401	436	2040	621	444	1679	453	676	1806	948	405	862	1507	470	2115	2160	842	41	339	2264	764	1747	187	1760	1708	749	821	410	2041	1567	263	485	431	1901	9999	722	374	2180	1384	1775	1238	1457	941	2261	653	361	1785	1161	2241	719	
1097	1302	593	1948	1290	1373	156	1390	190	1450	953	55	1546	767	962	1983	975	1804	1717	43	1238	2030	483	1763	557	2218	13	814	530	822	1660	809	1577	309	35	1605	1325	1732	948	1172	968	1508	527	1118	639	482	906	983	1409	1023	370	1133	1818	1257	183	1696	145	647	1264	221	519	116	1238	1115	2052	2070	939	754	857	2099	933	1297	914	1233	1602	1619	229	1125	1759	1675	595	1408	199	1527	722	9999	286	1943	1545	1518	649	1349	790	2021	1551	1087	1731	566	1791	987	
878	847	660	1739	1044	1203	79	1095	59	1388	1044	205	1225	765	1083	1860	1094	1741	1550	172	1266	1916	560	1729	136	2028	288	531	508	621	1352	867	1274	294	390	1616	1058	1718	666	702	1045	1185	675	669	752	540	828	904	1244	590	36	930	1688	790	245	1449	60	310	1335	392	125	330	1081	646	1847	1885	571	358	393	1966	987	1288	464	1277	1405	1314	271	910	1661	1383	167	1017	245	1486	374	286	9999	1832	1202	1399	682	1103	523	1926	1199	862	1516	599	1822	997	
