NAME: kroA150Preorder
TYPE: ATSP
DIMENSION: 150
EDGE_WEIGHT_TYPE: EXPLICIT
EDGE_WEIGHT_FORMAT: FULL_MATRIX 
EDGE_WEIGHT_SECTION
9999	1538	2082	951	2338	273	1292	298	1269	602	753	1392	2366	2200	865	1105	867	1014	666	1251	736	1176	733	1053	1041	1356	1417	291	1915	1978	738	642	2450	1647	1421	1020	2333	1072	1936	1204	2506	519	2081	1513	774	1949	302	2338	314	1552	976	2291	860	1240	1553	647	1206	573	879	999	891	1106	171	1212	1096	1132	454	1463	1087	1233	2444	654	1376	793	487	2458	896	2261	858	714	1067	2017	1561	739	1579	1353	1101	1066	658	502	606	182	288	1205	2251	2199	667	635	1313	2452	1931	1358	2472	1216	343	697	1889	676	574	866	1354	1891	397	1394	1825	1788	1347	1216	867	1810	1959	565	1980	1316	994	2151	961	2234	1391	22	294	1972	584	850	1522	2230	946	788	507	1340	857	299	729	1367	1123	2459	2101	397	1570	1228	
1538	9999	1553	2224	1033	1891	1238	1465	1189	2261	2183	1451	821	1507	2265	2627	2274	2632	2135	1448	2319	2684	1758	2682	744	2479	1582	1209	1346	1038	1437	1999	917	1296	1733	2649	990	2704	812	214	1820	1381	1677	147	1957	1481	1770	1441	1928	291	994	1148	2388	208	1374	1742	1246	1008	2435	1693	856	1646	1815	209	2341	2428	950	567	437	2674	1741	2278	332	2356	1910	893	1509	1108	2456	1515	694	434	1358	2392	684	1596	1066	2608	1265	2128	1814	1613	1246	2747	646	1048	1927	1749	2903	1673	908	2947	995	2828	1068	2306	997	793	1881	1516	2942	1179	2033	164	1695	319	1208	2293	1942	1699	1018	1419	1656	2441	977	538	2548	1863	2603	1471	1462	1293	1077	2396	1007	1686	2534	914	1645	965	2407	1113	1812	107	1061	952	727	1035	1474	1614	
2082	1553	9999	3040	921	2433	663	2319	681	2597	2095	634	1378	115	2108	3158	2120	3009	2830	785	2393	3203	1548	2980	1031	3306	697	1698	111	453	2575	1921	1378	320	833	2814	980	2953	702	1576	323	2403	80	1297	1736	58	1972	372	2478	1139	985	675	2980	1670	431	2704	754	1417	2435	1224	1121	1075	2291	1496	3156	3192	1713	870	1269	3253	276	2449	1133	2394	2658	1460	1179	685	2935	2613	1040	1376	417	2700	732	778	851	3119	2398	2636	1725	2330	1688	3204	1478	678	2789	1629	3029	325	578	3108	1264	3026	1782	2809	449	1449	1833	1214	3137	255	2314	1311	351	1221	604	3201	2907	370	465	2460	144	3279	971	1475	2582	207	3342	2068	1715	157	2180	2965	503	73	3011	2164	2572	656	2406	1847	2782	1426	831	1322	1000	1912	457	922	
951	2224	3040	9999	3131	674	2351	702	2328	878	1540	2458	3061	3126	1637	484	1632	780	249	2324	1290	519	1765	948	2035	292	2483	1323	2897	2899	695	1542	3138	2674	2482	1182	3115	1037	2827	1921	3339	719	3048	2296	1735	2940	1241	3206	637	2380	2027	3132	364	1906	2604	366	2273	1607	1418	2065	1910	2177	825	1964	62	113	1347	2386	1966	418	3298	1139	2236	1353	347	3128	1981	3101	573	611	2047	2749	2609	909	2521	2421	2156	502	842	600	1604	671	1336	637	2938	3049	201	1663	1344	3296	2843	1290	3182	1170	1252	550	2831	1625	1529	1949	1229	2860	1010	2189	2850	2580	2400	212	218	2839	2885	681	2977	257	2042	2845	1387	3180	319	949	1364	2937	1021	407	2534	3166	572	1193	472	2361	1416	1184	307	2124	2177	3160	2908	1162	2623	2299	
2338	1033	921	3131	9999	2706	1269	2417	1246	2955	2670	1398	368	742	2720	3338	2733	3283	3004	1501	2888	3369	2153	3289	1190	3334	1521	1948	824	417	2509	2491	345	1025	1693	3212	16	3287	310	1258	926	2405	1091	857	2360	954	2403	510	2748	738	1343	149	3183	1313	1189	2746	1345	1660	2959	1922	1351	1801	2602	1196	3223	3273	1807	757	1163	3390	857	2893	879	2904	2815	428	1794	133	3193	2573	1156	560	1165	3056	657	1583	1287	3315	2331	2911	2285	2509	1962	3397	529	143	2879	2196	3386	745	365	3425	224	3353	1917	3068	482	1550	2380	1820	3431	655	2719	951	1333	594	1199	3217	2932	1350	421	2452	1153	3309	1320	577	3063	1222	3394	2295	2098	700	2124	3181	882	965	3249	2015	2631	1022	2932	1980	2812	1045	1266	286	189	1970	1282	1690	
273	1891	2433	674	2706	9999	1654	398	1637	309	758	1732	2727	2563	865	718	862	634	344	1589	591	788	958	694	1435	1085	1740	663	2277	2352	795	732	2798	2008	1720	728	2701	729	2316	1565	2835	617	2420	1885	921	2301	438	2698	8	1930	1359	2658	483	1590	1902	554	1567	960	737	1274	1283	1401	71	1581	811	821	825	1849	1476	858	2785	465	1760	655	251	2802	1207	2633	473	737	1461	2378	1912	425	1964	1672	1479	677	794	139	790	206	656	813	2612	2578	471	853	1001	2794	2310	1024	2821	879	705	322	2268	1065	713	1173	1007	2263	258	1768	2154	2162	1713	981	705	2139	2335	638	2319	1050	1378	2514	769	2570	1084	317	604	2337	811	470	1898	2583	558	1029	461	1722	723	650	606	1736	1501	2807	2475	721	1910	1538	
1292	1238	663	2351	1269	1654	9999	1570	10	1825	1356	113	1554	814	1390	2479	1403	2298	2090	133	1648	2546	793	2267	420	2717	223	910	521	746	1876	1166	1600	244	374	2096	1299	2243	856	1105	1107	1686	657	1012	1001	530	1179	1012	1701	900	259	1109	2254	1208	152	1978	32	652	1708	524	426	406	1508	1034	2494	2536	978	595	746	2619	1052	1693	786	1656	1904	1653	424	1092	2205	1905	455	1354	157	1946	570	246	130	2434	1708	1866	956	1564	895	2549	1552	1043	2060	860	2356	1078	776	2451	1546	2341	1029	2061	663	745	1066	453	2482	561	1538	958	451	1112	19	2576	2211	444	735	1743	562	2678	255	1496	1851	826	2764	1283	912	604	1490	2237	266	816	2295	1522	1828	178	1677	1092	2065	1046	120	1573	1156	1183	190	309	
298	1465	2319	702	2417	398	1570	9999	1538	821	1153	1701	2366	2411	1266	1058	1267	1103	547	1574	1075	1123	1141	1197	1201	1063	1744	529	2138	2128	335	1058	2457	1894	1771	1255	2401	1243	2044	1135	2720	138	2339	1506	1193	2191	701	2515	417	1582	1211	2410	809	1139	1825	295	1492	781	1225	1384	1079	1476	418	1167	844	909	509	1571	1135	1122	2653	961	1422	1137	328	2450	1257	2374	896	312	1212	1997	1829	939	1704	1692	1351	1035	291	593	1023	104	553	1192	2224	2313	391	1047	1529	2648	2062	1543	2501	1397	424	750	2048	783	991	1229	1519	2088	708	1389	2125	1792	1613	896	522	2113	2109	171	2250	1022	1224	2120	1278	2508	1138	249	658	2176	310	819	1725	2472	968	516	155	1553	1206	359	376	1332	1371	2476	2151	339	1858	1583	
1269	1189	681	2328	1246	1637	10	1538	9999	1817	1364	153	1519	823	1401	2464	1414	2288	2068	164	1650	2530	802	2261	371	2689	271	882	529	729	1838	1171	1568	257	420	2096	1273	2239	828	1056	1123	1650	684	964	1012	547	1171	1011	1683	856	219	1093	2237	1158	179	1947	36	619	1713	544	382	434	1490	984	2468	2513	939	553	696	2603	1066	1690	737	1660	1880	1620	434	1075	2191	1870	408	1312	180	1940	534	290	96	2419	1670	1851	960	1538	870	2537	1513	1023	2032	864	2358	1086	752	2451	1517	2340	994	2047	645	702	1069	461	2480	555	1529	909	491	1069	22	2546	2181	484	718	1709	591	2651	213	1455	1856	857	2742	1258	896	606	1449	2222	243	835	2282	1478	1797	145	1683	1059	2034	997	86	1542	1123	1145	231	343	
602	2261	2597	878	2955	309	1825	821	1817	9999	576	1860	3010	2737	654	623	647	360	522	1712	294	682	984	344	1715	1261	1838	965	2461	2596	1212	648	3070	2180	1782	313	2957	348	2590	1941	2978	1045	2561	2231	866	2463	514	2889	295	2256	1595	2891	477	1975	2058	926	1736	1248	407	1326	1558	1471	335	1948	984	949	1187	2140	1809	821	2934	157	2089	350	568	3080	1315	2869	325	1148	1747	2713	2071	59	2235	1763	1690	569	1223	180	796	618	943	644	2918	2816	785	884	581	2957	2570	617	3080	480	1068	239	2510	1397	690	1279	614	2475	178	2118	2261	2495	1890	1211	1026	2244	2581	1063	2449	1234	1616	2834	389	2677	1205	670	807	2537	1239	439	2120	2726	405	1460	859	1948	406	1022	961	2098	1712	3073	2764	1118	2045	1621	
753	2183	2095	1540	2670	758	1356	1153	1364	576	9999	1328	2822	2269	43	1333	44	1008	1170	1180	226	1390	433	908	1437	1936	1272	875	1992	2213	1615	101	2881	1701	1175	656	2687	855	2266	1887	2513	1399	2027	2083	247	1963	354	2481	782	2062	1238	2562	1180	1952	1552	1437	1267	1047	238	739	1277	887	644	1867	1661	1644	1171	1862	1650	1536	2474	337	1889	206	1126	2905	802	2541	1020	1579	1483	2551	1570	633	1923	1192	1287	1275	1552	805	290	975	832	1336	2764	2487	1361	375	901	2521	2217	1011	2866	919	1078	925	2129	1263	198	770	1058	2047	398	1976	1698	2307	1429	1858	1605	1677	2199	1440	1909	1905	1260	2683	377	2129	1899	826	603	2088	1468	1141	1714	2218	1102	1660	1318	1558	208	1069	1500	1991	1309	2873	2508	1215	1513	1041	
1392	1451	634	2458	1398	1732	113	1701	153	1860	1328	9999	1716	820	1346	2542	1359	2333	2176	68	1643	2606	772	2287	621	2816	56	1035	542	855	2032	1150	1753	271	191	2095	1434	2256	1002	1319	1075	1832	586	1223	962	505	1221	1054	1775	1105	435	1213	2325	1422	123	2107	132	806	1686	460	609	324	1583	1249	2598	2629	1142	794	957	2683	1030	1703	995	1643	2008	1812	420	1201	2257	2057	659	1545	141	1973	751	90	309	2494	1868	1931	951	1675	1013	2600	1730	1158	2173	856	2345	1077	907	2446	1692	2344	1181	2119	781	925	1063	452	2483	633	1576	1171	314	1309	139	2684	2336	302	849	1891	476	2784	436	1682	1831	724	2851	1393	989	648	1658	2304	410	771	2346	1705	1959	365	1655	1241	2191	1260	302	1723	1316	1344	92	187	
2366	821	1378	3061	368	2727	1554	2366	1519	3010	2822	1716	9999	1216	2877	3326	2887	3307	2977	1788	2997	3361	2345	3325	1309	3261	1844	2003	1243	808	2372	2645	37	1388	2018	3277	306	3334	588	1121	1425	2311	1546	746	2557	1387	2511	998	2761	701	1520	608	3172	1142	1539	2652	1612	1740	3071	2167	1471	2070	2635	1080	3164	3220	1803	881	1160	3363	1352	2989	877	3017	2784	38	2018	585	3200	2447	1264	275	1516	3114	853	1894	1506	3312	2208	2932	2453	2490	2026	3398	113	571	2814	2369	3437	1242	701	3450	118	3407	1921	3082	846	1580	2541	2039	3452	1057	2790	863	1740	464	1491	3129	2837	1751	802	2349	1592	3235	1496	194	3176	1691	3336	2314	2195	1129	2020	3175	1176	1443	3255	1869	2560	1268	3046	1977	2725	916	1489	68	283	1932	1639	1978	
2200	1507	115	3126	742	2563	814	2411	823	2737	2269	820	1216	9999	2288	3250	2301	3127	2932	963	2565	3289	1724	3100	1101	3355	895	1808	181	351	2633	2097	1207	459	1040	2960	806	3081	595	1572	221	2480	255	1255	1917	207	2123	171	2607	1094	1097	493	3079	1661	597	2783	904	1524	2611	1413	1213	1265	2423	1493	3226	3263	1794	864	1296	3333	155	2612	1120	2569	2766	1291	1352	507	3046	2673	1101	1260	581	2838	714	973	971	3219	2462	2764	1895	2438	1803	3296	1336	513	2878	1798	3169	155	478	3234	1084	3161	1875	2929	377	1527	2006	1387	3254	236	2465	1287	559	1136	747	3263	2987	579	366	2536	345	3340	1080	1345	2745	354	3402	2183	1853	141	2241	3066	572	121	3119	2207	2651	744	2584	1942	2856	1403	949	1147	862	1994	642	1117	
865	2265	2108	1637	2720	865	1390	1266	1401	654	43	1346	2877	2288	9999	1406	0	1066	1267	1202	277	1460	468	953	1506	2029	1281	972	2015	2252	1724	163	2933	1725	1172	683	2738	891	2316	1977	2524	1512	2034	2156	267	1980	456	2509	885	2131	1296	2602	1264	2043	1573	1548	1303	1131	247	754	1348	900	754	1954	1752	1733	1270	1925	1729	1611	2486	402	1963	242	1232	2962	836	2584	1095	1688	1553	2619	1592	699	1979	1201	1337	1348	1662	897	349	1086	928	1400	2823	2531	1468	429	906	2537	2261	1022	2913	942	1181	1010	2169	1352	275	807	1075	2079	497	2055	1699	2374	1463	1957	1710	1678	2240	1553	1915	2000	1320	2752	382	2128	1988	934	698	2113	1579	1224	1753	2227	1174	1765	1429	1605	222	1174	1608	2073	1358	2922	2565	1321	1529	1052	
1105	2627	3158	484	3338	718	2479	1058	2464	623	1333	2542	3326	3250	1406	9999	1397	274	388	2396	1009	17	1726	441	2271	691	2536	1520	3034	3096	1234	1408	3376	2804	2496	728	3331	532	3057	2316	3420	1180	3141	2651	1627	3048	1213	3341	672	2711	2203	3314	146	2321	2709	870	2391	1814	1094	2057	2129	2188	860	2342	490	398	1646	2657	2282	112	3394	872	2562	1058	609	3374	2021	3294	195	1147	2293	3070	2720	571	2769	2466	2316	12	1340	499	1542	922	1515	73	3242	3255	657	1624	802	3403	3056	722	3401	626	1533	317	3029	1899	1441	1987	650	3025	879	2548	2912	2902	2539	740	797	2897	3081	1161	3052	681	2222	3173	1011	3240	568	1142	1452	3084	1469	149	2717	3256	126	1671	912	2554	1104	1470	840	2501	2337	3388	3177	1504	2709	2328	
867	2274	2120	1632	2733	862	1403	1267	1414	647	44	1359	2887	2301	0	1397	9999	1056	1262	1215	269	1451	478	942	1517	2024	1294	980	2027	2264	1725	172	2943	1738	1185	671	2749	879	2327	1986	2535	1513	2047	2166	279	1993	460	2522	882	2141	1308	2614	1257	2052	1586	1546	1315	1141	235	767	1359	913	753	1963	1748	1727	1277	1936	1739	1603	2499	394	1973	231	1230	2971	849	2595	1087	1689	1564	2627	1604	690	1991	1214	1349	1339	1664	892	358	1087	935	1391	2832	2543	1465	440	893	2549	2274	1010	2923	930	1187	1003	2182	1361	285	820	1063	2092	493	2064	1711	2384	1476	1953	1707	1691	2252	1555	1928	1995	1331	2760	370	2140	1982	937	705	2126	1583	1217	1765	2239	1166	1769	1429	1617	210	1180	1607	2082	1370	2932	2577	1326	1542	1065	
1014	2632	3009	780	3283	634	2298	1103	2288	360	1008	2333	3307	3127	1066	274	1056	9999	529	2188	670	305	1470	86	2165	1065	2313	1413	2892	2999	1394	1116	3351	2639	2253	349	3282	161	2988	2317	3317	1283	2983	2628	1336	2895	995	3250	597	2662	2061	3245	306	2337	2527	1045	2210	1705	731	1806	2013	1950	734	2332	829	750	1598	2580	2229	473	3285	553	2507	708	705	3354	1799	3224	123	1314	2193	3051	2539	263	2670	2238	2158	223	1460	399	1278	924	1397	219	3229	3186	847	1371	437	3303	2973	383	3364	272	1480	236	2925	1827	1171	1764	332	2900	641	2520	2721	2874	2359	1083	1045	2703	2989	1281	2886	1050	2082	3163	633	3079	952	1071	1282	2957	1538	266	2582	3118	111	1750	1038	2408	746	1425	1043	2486	2181	3356	3121	1494	2516	2098	
666	2135	2830	249	3004	344	2090	547	2068	522	1170	2176	2977	2932	1267	388	1262	529	9999	2037	922	449	1429	671	1818	632	2189	1066	2680	2723	740	1178	3043	2428	2175	858	2995	747	2660	1816	3180	665	2828	2173	1381	2714	894	3038	305	2239	1776	2987	163	1818	2335	394	2005	1363	1053	1741	1683	1863	490	1847	363	363	1152	2205	1799	453	3132	775	2085	985	127	3039	1672	2956	313	658	1837	2646	2342	567	2327	2125	1902	372	831	252	1254	440	1070	525	2852	2899	203	1321	1057	3135	2666	1027	3076	892	1044	235	2640	1423	1173	1639	978	2652	645	2062	2595	2453	2141	561	407	2582	2705	651	2742	600	1793	2763	1031	2959	619	684	1057	2735	947	182	2301	2960	352	1153	411	2128	1049	978	389	2010	1924	3057	2781	996	2346	1996	
1251	1448	785	2324	1501	1589	133	1574	164	1712	1180	68	1788	963	1202	2396	1215	2188	2037	9999	1493	2462	623	2141	585	2699	86	906	679	964	1920	1000	1833	394	175	1947	1533	2111	1090	1285	1227	1716	736	1233	818	650	1069	1192	1633	1128	368	1328	2183	1387	250	1982	102	695	1540	327	543	195	1434	1220	2464	2498	1035	828	924	2551	1181	1553	1001	1494	1868	1886	277	1313	2113	1941	627	1593	267	1823	807	69	266	2348	1759	1783	802	1539	881	2454	1786	1267	2042	704	2204	1225	1005	2303	1777	2200	1064	1973	885	840	911	311	2338	758	1422	1169	447	1348	185	2567	2211	435	955	1774	622	2660	374	1731	1687	873	2736	1254	846	784	1555	2161	486	920	2203	1615	1831	401	1509	1121	2068	1250	267	1804	1396	1233	220	96	
736	2319	2393	1290	2888	591	1648	1075	1650	294	226	1643	2997	2565	277	1009	269	670	922	1493	9999	1062	730	567	1652	1678	1598	986	2282	2474	1516	363	3049	1997	1512	336	2894	515	2506	2011	2796	1319	2337	2247	561	2265	435	2753	599	2247	1483	2796	883	2062	1854	1277	1559	1218	65	1063	1491	1212	532	2003	1401	1368	1261	2084	1815	1217	2762	66	2077	14	931	3067	1099	2779	704	1464	1694	2721	1870	320	2156	1519	1554	951	1489	556	555	876	949	1000	2921	2730	1163	650	592	2794	2466	689	3044	588	1152	633	2387	1412	448	1065	727	2323	248	2137	2019	2492	1718	1623	1410	2001	2460	1350	2223	1650	1506	2844	132	2446	1623	814	749	2368	1452	842	1983	2526	780	1662	1182	1818	55	1125	1326	2136	1576	3046	2718	1254	1824	1367	
1176	2684	3203	519	3369	788	2546	1123	2530	682	1390	2606	3361	3289	1460	17	1451	305	449	2462	1062	9999	1788	466	2338	693	2600	1590	3086	3150	1288	1469	3415	2862	2559	762	3365	556	3113	2376	3444	1241	3193	2716	1687	3101	1279	3376	741	2772	2270	3349	202	2381	2770	923	2458	1883	1142	2119	2195	2252	927	2406	510	413	1713	2725	2346	90	3424	926	2624	1108	673	3413	2087	3337	253	1202	2358	3122	2779	621	2826	2530	2380	46	1399	565	1605	991	1586	54	3281	3297	711	1688	815	3430	3112	727	3428	640	1601	378	3081	1968	1505	2053	652	3078	942	2612	2970	2960	2604	758	839	2954	3136	1221	3107	687	2287	3212	1054	3280	559	1212	1521	3138	1532	206	2777	3298	172	1730	971	2618	1153	1539	889	2565	2403	3422	3218	1572	2770	2390	
733	1758	1548	1765	2153	958	793	1141	802	984	433	772	2345	1724	468	1726	478	1470	1429	623	730	1788	9999	1405	930	2169	729	602	1436	1668	1585	259	2408	1137	660	1191	2172	1367	1734	1493	1981	1356	1489	1622	115	1412	402	1938	999	1579	708	2024	1528	1574	988	1522	704	637	778	222	785	360	807	1456	1903	1915	878	1344	1196	1901	1938	798	1409	731	1304	2443	258	2005	1420	1574	980	2077	1006	1086	1390	651	738	1674	1467	1113	94	1028	558	1763	2295	1952	1519	41	1457	1981	1678	1561	2379	1456	829	1289	1583	867	181	228	1599	1492	707	1523	1162	1825	865	2056	1734	1142	1655	1410	1370	2133	731	2219	924	1609	2173	775	368	1534	1314	1499	1155	1682	1513	1463	1376	1001	747	851	1602	1558	759	2393	1995	1000	956	505	
1053	2682	2980	948	3289	694	2267	1197	2261	344	908	2287	3325	3100	953	441	942	86	671	2141	567	466	1405	9999	2172	1245	2257	1433	2868	2994	1522	1038	3370	2614	2187	192	3291	34	2991	2369	3292	1394	2941	2662	1253	2864	967	3236	663	2693	2052	3244	465	2398	2487	1183	2179	1715	602	1744	2017	1887	769	2381	1003	927	1642	2592	2260	640	3265	475	2535	595	830	3378	1751	3224	262	1445	2204	3086	2501	216	2676	2183	2141	390	1574	473	1217	1006	1413	367	3258	3187	991	1312	273	3282	2972	239	3381	119	1524	347	2918	1856	1105	1719	201	2885	617	2560	2664	2902	2331	1260	1203	2647	2981	1398	2843	1229	2073	3194	492	3037	1132	1115	1274	2936	1631	423	2566	3084	267	1844	1161	2394	621	1474	1189	2533	2163	3375	3137	1557	2468	2039	
1041	744	1031	2035	1190	1435	420	1201	371	1715	1437	621	1309	1101	1506	2271	1517	2165	1818	585	1652	2338	930	2172	9999	2378	736	631	831	806	1433	1237	1382	626	872	2062	1193	2170	765	567	1439	1262	1088	564	1146	910	1100	1198	1481	509	144	1126	2032	665	624	1601	400	348	1747	815	77	760	1308	502	2172	2231	562	317	224	2380	1367	1651	353	1680	1609	1411	633	1095	2029	1477	11	1011	617	1846	406	735	217	2234	1250	1676	1029	1253	642	2364	1243	1031	1721	946	2342	1351	754	2415	1373	2290	649	1872	719	301	1117	644	2429	756	1436	481	966	756	419	2213	1836	962	787	1321	1020	2340	129	1160	1881	1279	2456	1004	778	854	1020	2024	407	1191	2118	1011	1458	260	1718	716	1689	543	219	1375	969	758	701	734	
1356	2479	3306	292	3334	1085	2717	1063	2689	1261	1936	2816	3261	3355	2029	691	2024	1065	632	2699	1678	693	2169	1245	2378	9999	2842	1710	3192	3176	926	1945	3318	3000	2846	1515	3319	1339	3089	2195	3469	1020	3315	2581	2137	3222	1654	3414	1049	2666	2390	3344	677	2168	2937	665	2640	1977	1792	2459	2268	2571	1237	2246	166	200	1703	2703	2281	527	3458	1530	2544	1737	741	3305	2369	3322	891	853	2386	2974	2942	1272	2825	2790	2526	733	1102	996	2010	1065	1727	827	3141	3282	558	2068	1629	3456	3113	1555	3350	1453	1620	910	3109	1974	1935	2340	1483	3148	1418	2476	3167	2833	2759	98	439	3155	3159	969	3258	7	2404	3051	1748	3410	88	1348	1766	3211	1313	723	2857	3396	861	1450	805	2710	1793	1553	580	2399	2545	3338	3147	1509	2960	2679	
1417	1582	697	2483	1521	1740	223	1744	271	1838	1272	56	1844	895	1281	2536	1294	2313	2189	86	1598	2600	729	2257	736	2842	9999	1081	630	972	2096	1104	1882	370	83	2051	1559	2222	1130	1440	1126	1889	622	1355	905	573	1210	1145	1782	1240	529	1327	2326	1542	212	2148	227	874	1631	403	708	264	1589	1371	2620	2644	1215	926	1077	2684	1088	1667	1126	1595	2030	1942	405	1317	2248	2113	778	1679	235	1948	884	24	411	2488	1936	1929	915	1706	1055	2589	1860	1277	2203	822	2297	1146	1033	2400	1814	2304	1243	2112	901	1015	1026	439	2439	743	1558	1301	312	1445	261	2720	2374	294	967	1950	506	2808	534	1812	1776	738	2872	1424	1005	746	1730	2303	538	821	2337	1787	2003	493	1602	1300	2234	1389	407	1848	1448	1412	149	126	
291	1209	1698	1323	1948	663	910	529	882	965	875	1035	2003	1808	972	1520	980	1413	1066	906	986	1590	602	1433	631	1710	1081	9999	1522	1574	898	702	2084	1254	1119	1353	1946	1440	1535	890	2124	681	1707	1147	736	1565	435	1943	708	1166	577	1893	1271	946	1172	938	831	182	1111	762	487	832	542	880	1470	1518	181	1055	710	1642	2062	946	989	1029	865	2097	613	1863	1265	908	658	1658	1178	1103	1166	1029	706	1480	756	903	566	518	9	1617	1895	1799	1015	541	1650	2066	1527	1711	2097	1577	122	1104	1485	310	594	590	1716	1491	702	1030	1474	1417	958	1556	1179	1461	1555	740	1612	1671	592	1798	1226	1872	1762	263	165	1575	583	1261	1111	1850	1356	720	789	931	1082	146	1028	1021	727	2089	1711	280	1201	923	
1915	1346	111	2897	824	2277	521	2138	529	2461	1992	542	1243	181	2015	3034	2027	2892	2680	679	2282	3086	1436	2868	831	3192	630	1522	9999	313	2379	1809	1254	181	789	2712	874	2847	541	1362	480	2216	215	1090	1637	63	1831	387	2322	933	806	597	2843	1459	327	2530	609	1233	2333	1129	928	985	2137	1282	3016	3051	1521	660	1058	3143	419	2329	922	2287	2500	1331	1059	596	2806	2422	836	1201	309	2580	528	705	678	3004	2206	2492	1610	2159	1515	3094	1322	575	2629	1511	2942	433	421	3019	1155	2931	1598	2672	288	1250	1717	1092	3042	94	2179	1100	381	1031	456	3059	2751	397	319	2272	230	3162	790	1309	2476	391	3233	1896	1562	50	1986	2831	311	246	2887	1964	2388	467	2304	1663	2615	1215	655	1205	852	1721	385	843	
1978	1038	453	2899	417	2352	746	2128	729	2596	2213	855	808	351	2252	3096	2264	2999	2723	964	2474	3150	1668	2994	806	3176	972	1574	313	9999	2299	2025	821	484	1146	2870	459	2985	151	1137	646	2162	608	795	1877	447	1980	300	2396	636	891	246	2901	1222	643	2500	829	1271	2546	1406	948	1276	2226	1060	3015	3060	1495	463	910	3188	567	2499	690	2489	2527	894	1292	229	2891	2351	789	793	621	2711	323	1037	808	3062	2122	2584	1815	2186	1579	3171	891	186	2626	1722	3094	502	57	3165	727	3067	1594	2762	29	1216	1920	1321	3182	146	2317	840	799	660	674	3035	2717	815	1	2215	643	3142	870	886	2673	771	3229	1945	1679	206	1898	2893	382	547	2970	1834	2365	541	2516	1658	2585	952	785	774	428	1683	735	1152	
738	1437	2575	695	2509	795	1876	335	1838	1212	1615	2032	2372	2633	1724	1234	1725	1394	740	1920	1516	1288	1585	1522	1433	926	2096	898	2379	2299	9999	1520	2469	2169	2143	1637	2481	1585	2173	1144	2923	122	2616	1548	1648	2454	1160	2691	800	1656	1507	2543	1012	1111	2127	244	1809	1092	1664	1792	1346	1867	851	1200	802	901	761	1723	1268	1227	2863	1391	1527	1581	553	2446	1652	2507	1167	27	1429	1995	2127	1317	1867	2051	1650	1229	91	939	1477	507	934	1388	2206	2440	445	1494	1879	2843	2214	1872	2535	1734	719	1047	2225	1014	1451	1629	1835	2300	1148	1443	2438	1829	1908	735	387	2429	2280	83	2539	887	1515	2101	1704	2778	1059	679	1086	2399	293	1039	1963	2717	1217	391	240	1802	1648	664	287	1358	1667	2500	2223	560	2174	1956	
642	1999	1921	1542	2491	732	1166	1058	1171	648	101	1150	2645	2097	163	1408	172	1116	1178	1000	363	1469	259	1038	1237	1945	1104	702	1809	2025	1520	9999	2711	1518	1021	814	2507	993	2076	1706	2344	1297	1861	1889	116	1788	238	2301	764	1866	1037	2371	1229	1770	1370	1379	1076	855	411	574	1077	721	597	1683	1671	1665	999	1667	1456	1600	2305	440	1697	362	1099	2741	615	2350	1094	1491	1282	2358	1387	734	1728	1024	1089	1352	1439	830	112	897	657	1431	2588	2298	1330	191	1076	2345	2027	1179	2694	1077	914	979	1940	1074	48	583	1219	1859	411	1783	1537	2116	1239	1849	1568	1517	2013	1343	1745	1911	1061	2504	552	1974	1925	707	434	1904	1334	1195	1522	2053	1182	1519	1249	1360	380	912	1449	1799	1111	2702	2316	1062	1337	874	
2450	917	1378	3138	345	2798	1600	2457	1568	3070	2881	1753	37	1207	2933	3376	2943	3351	3043	1833	3049	3415	2408	3370	1382	3318	1882	2084	1254	821	2469	2711	9999	1417	2057	3323	283	3376	617	1218	1397	2402	1548	838	2617	1396	2586	974	2835	786	1586	588	3229	1241	1572	2745	1661	1816	3130	2220	1545	2119	2713	1176	3225	3278	1890	947	1246	3417	1326	3041	959	3072	2861	31	2076	569	3258	2543	1338	365	1549	3180	906	1935	1565	3358	2302	3006	2522	2579	2106	3436	190	564	2892	2435	3453	1213	725	3460	64	3439	2008	3152	867	1662	2608	2099	3463	1073	2858	952	1755	550	1537	3198	2917	1770	818	2442	1599	3294	1562	289	3221	1685	3388	2396	2270	1137	2113	3232	1219	1434	3308	1966	2643	1320	3103	2063	2805	1011	1547	18	319	2021	1670	2023	
1647	1296	320	2674	1025	2008	244	1894	257	2180	1701	271	1388	459	1725	2804	1738	2639	2428	394	1997	2862	1137	2614	626	3000	370	1254	181	484	2169	1518	1417	9999	534	2435	1067	2590	661	1247	747	1992	341	1047	1340	190	1545	668	2053	904	551	829	2601	1349	79	2293	331	976	2049	836	695	695	1862	1169	2801	2843	1284	596	909	2926	690	2044	845	2002	2243	1484	763	820	2554	2204	645	1269	61	2295	502	438	419	2768	1998	2218	1310	1902	1244	2867	1430	782	2384	1212	2688	717	555	2777	1336	2676	1351	2408	423	1025	1421	797	2803	264	1893	1028	278	1060	182	2865	2528	285	481	2050	274	2968	539	1396	2190	518	3040	1634	1274	278	1773	2586	173	467	2637	1775	2150	269	2018	1417	2378	1135	398	1377	982	1491	149	559	
1421	1733	833	2482	1693	1720	374	1771	420	1782	1175	191	2018	1040	1172	2496	1185	2253	2175	175	1512	2559	660	2187	872	2846	83	1119	789	1146	2143	1021	2057	534	9999	1964	1731	2145	1307	1578	1246	1935	736	1517	813	714	1170	1300	1761	1406	643	1499	2294	1677	374	2173	360	944	1532	334	825	202	1567	1512	2618	2637	1285	1095	1216	2652	1216	1595	1285	1501	2028	2114	392	1490	2202	2156	916	1846	396	1882	1058	60	540	2445	1995	1894	850	1715	1087	2539	2033	1452	2213	761	2202	1282	1209	2310	1989	2221	1300	2074	1076	1110	955	424	2352	910	1506	1457	396	1616	420	2732	2395	376	1141	1994	616	2813	652	1984	1680	826	2867	1437	1004	906	1795	2269	709	941	2291	1871	2027	656	1503	1352	2256	1541	541	2022	1624	1476	296	97	
1020	2649	2814	1182	3212	728	2096	1255	2096	313	656	2095	3277	2960	683	728	671	349	858	1947	336	762	1191	192	2062	1515	2051	1353	2712	2870	1637	814	3323	2435	1964	9999	3218	121	2886	2340	3167	1480	2767	2610	1016	2697	829	3116	709	2623	1911	3148	700	2377	2299	1330	2006	1617	332	1527	1901	1674	749	2341	1257	1193	1599	2484	2189	937	3132	297	2454	346	962	3339	1561	3130	487	1570	2100	3036	2316	199	2569	1973	1990	674	1657	559	1009	1053	1325	665	3212	3082	1162	1107	180	3164	2856	253	3327	155	1483	509	2793	1783	898	1526	285	2747	516	2499	2463	2841	2161	1508	1394	2443	2855	1495	2656	1495	1934	3146	207	2859	1417	1091	1151	2788	1676	654	2412	2927	523	1890	1278	2249	355	1442	1353	2485	2012	3324	3053	1548	2273	1824	
2333	990	980	3115	16	2701	1299	2401	1273	2957	2687	1434	306	806	2738	3331	2749	3282	2995	1533	2894	3365	2172	3291	1193	3319	1559	1946	874	459	2481	2507	283	1067	1731	3218	9999	3289	325	1227	995	2383	1150	826	2380	1009	2410	575	2743	713	1356	203	3177	1278	1229	2727	1372	1661	2970	1949	1355	1831	2599	1167	3209	3263	1796	756	1148	3382	923	2900	863	2914	2804	362	1816	185	3190	2548	1157	504	1206	3058	666	1619	1306	3311	2307	2908	2301	2498	1961	3393	464	187	2863	2213	3392	814	395	3427	169	3359	1907	3063	520	1542	2395	1841	3432	702	2723	922	1385	555	1230	3202	2911	1402	460	2430	1209	3296	1332	515	3074	1284	3379	2288	2103	754	2102	3175	911	1029	3245	1986	2617	1044	2944	1970	2792	1012	1286	223	160	1954	1324	1721	
1072	2704	2953	1037	3287	729	2243	1243	2239	348	855	2256	3334	3081	891	532	879	161	747	2111	515	556	1367	34	2170	1339	2222	1440	2847	2985	1585	993	3376	2590	2145	121	3289	9999	2989	2393	3274	1448	2910	2675	1206	2840	952	3221	700	2702	2040	3237	548	2424	2458	1252	2154	1716	536	1706	2014	1849	789	2401	1094	1020	1660	2591	2271	735	3246	439	2543	537	892	3385	1723	3219	342	1510	2203	3097	2474	216	2671	2146	2126	481	1626	518	1180	1048	1417	455	3269	3182	1066	1277	192	3270	2966	181	3384	69	1543	410	2907	1865	1069	1690	167	2869	608	2574	2632	2911	2310	1351	1282	2617	2970	1455	2813	1322	2061	3201	419	3009	1228	1137	1266	2917	1674	504	2549	3058	353	1888	1223	2379	556	1495	1261	2551	2147	3379	3139	1586	2435	2002	
1936	812	702	2827	310	2316	856	2044	828	2590	2266	1002	588	595	2316	3057	2327	2988	2660	1090	2506	3113	1734	2991	765	3089	1130	1535	541	151	2173	2076	617	661	1307	2886	325	2989	9999	952	886	2054	860	582	1948	684	1990	494	2357	438	909	265	2860	1027	814	2397	923	1237	2589	1508	921	1392	2197	879	2942	3000	1413	357	784	3142	806	2517	528	2526	2457	682	1371	229	2866	2232	735	538	791	2709	249	1186	857	3032	1995	2550	1866	2122	1547	3140	646	167	2543	1775	3114	726	52	3178	553	3077	1520	2734	158	1140	1965	1397	3191	359	2317	645	1019	419	789	2949	2619	1032	137	2104	884	3056	885	633	2713	1027	3168	1895	1677	445	1773	2854	476	803	2942	1689	2273	597	2558	1586	2479	755	836	583	204	1590	912	1283	
1204	214	1576	1921	1258	1565	1105	1135	1056	1941	1887	1319	1121	1572	1977	2316	1986	2317	1816	1285	2011	2376	1493	2369	567	2195	1440	890	1362	1137	1144	1706	1218	1247	1578	2340	1227	2393	952	9999	1900	1067	1675	282	1683	1482	1458	1561	1602	400	800	1326	2075	39	1288	1434	1092	719	2132	1466	632	1439	1489	23	2046	2129	624	571	241	2372	1821	1964	326	2054	1591	1204	1275	1287	2136	1217	525	730	1277	2076	715	1440	899	2290	965	1801	1531	1279	928	2439	962	1221	1617	1472	2622	1768	1023	2659	1278	2534	739	1986	1078	497	1591	1277	2654	1221	1712	193	1629	552	1092	2012	1646	1629	1116	1108	1634	2157	788	854	2240	1865	2312	1137	1151	1336	765	2082	965	1720	2214	625	1326	874	2106	783	1511	113	900	1245	956	703	1379	1432	
2506	1820	323	3339	926	2835	1107	2720	1123	2978	2513	1075	1425	221	2524	3420	2535	3317	3180	1227	2796	3444	1981	3292	1439	3469	1126	2124	480	646	2923	2344	1397	747	1246	3167	995	3274	886	1900	9999	2785	380	1581	2160	451	2400	306	2874	1420	1421	678	3292	1989	866	3050	1199	1843	2831	1659	1546	1511	2709	1822	3416	3435	2122	1200	1637	3457	25	2848	1456	2795	3026	1487	1624	705	3264	2964	1441	1533	854	3062	1049	1207	1288	3400	2773	3013	2156	2741	2116	3446	1574	735	3135	2063	3328	89	778	3387	1259	3329	2197	3166	690	1856	2263	1659	3408	559	2734	1619	723	1438	1047	3438	3227	745	666	2834	496	3459	1405	1599	2955	350	3471	2489	2149	454	2568	3281	901	188	3318	2534	2939	1073	2804	2261	3119	1731	1266	1330	1113	2316	887	1357	
519	1381	2403	719	2405	617	1686	138	1650	1045	1399	1832	2311	2480	1512	1180	1513	1283	665	1716	1319	1241	1356	1394	1262	1020	1889	681	2216	2162	122	1297	2402	1992	1935	1480	2383	1448	2054	1067	2785	9999	2438	1459	1423	2281	937	2559	629	1555	1314	2421	940	1052	1939	247	1616	892	1470	1575	1163	1652	652	1111	846	931	575	1590	1136	1208	2725	1202	1410	1382	452	2387	1434	2386	1065	124	1264	1931	1941	1160	1729	1841	1460	1166	85	796	1250	319	715	1326	2153	2322	422	1265	1739	2708	2085	1743	2458	1603	520	928	2087	840	1225	1408	1714	2146	950	1348	2249	1748	1721	837	458	2238	2142	13	2355	979	1324	2048	1520	2613	1127	461	862	2242	185	959	1795	2558	1126	362	159	1632	1451	462	323	1275	1478	2428	2129	378	1983	1744	
2081	1677	80	3048	1091	2420	657	2339	684	2561	2027	586	1546	255	2034	3141	2047	2983	2828	736	2337	3193	1489	2941	1088	3315	622	1707	215	608	2616	1861	1548	341	736	2767	1150	2910	860	1675	380	2438	9999	1423	1668	99	1939	525	2466	1266	1009	844	2967	1769	407	2729	742	1440	2368	1154	1161	1004	2277	1597	3165	3195	1748	981	1355	3247	358	2400	1246	2334	2663	1628	1132	854	2912	2644	1104	1532	400	2659	852	701	867	3102	2445	2621	1673	2339	1694	3191	1640	847	2801	1578	2983	436	733	3058	1435	2989	1810	2790	596	1495	1780	1168	3091	389	2280	1427	235	1366	608	3215	2930	256	618	2498	49	3291	998	1634	2516	98	3346	2073	1702	300	2228	2951	576	109	2992	2227	2595	710	2341	1875	2802	1541	849	1493	1163	1951	405	852	
1513	147	1297	2296	857	1885	1012	1506	964	2231	2083	1223	746	1255	2156	2651	2166	2628	2173	1233	2247	2716	1622	2662	564	2581	1355	1147	1090	795	1548	1889	838	1047	1517	2610	826	2675	582	282	1581	1459	1423	9999	1826	1226	1698	1203	1925	74	811	936	2417	333	1131	1820	1030	906	2354	1516	696	1453	1792	227	2420	2503	924	329	320	2722	1499	2221	126	2282	1950	835	1334	897	2464	1618	515	383	1114	2362	439	1376	861	2629	1366	2126	1698	1631	1177	2765	616	835	1994	1624	2866	1432	669	2914	884	2798	1044	2311	750	715	1770	1346	2916	924	1985	47	1448	177	976	2394	2034	1453	775	1504	1404	2541	792	519	2476	1615	2681	1454	1375	1039	1157	2419	761	1434	2546	1027	1710	732	2328	1098	1897	93	854	858	558	1050	1233	1407	
774	1957	1736	1735	2360	921	1001	1193	1012	866	247	962	2557	1917	267	1627	279	1336	1381	818	561	1687	115	1253	1146	2137	905	736	1637	1877	1648	116	2617	1340	813	1016	2380	1206	1948	1683	2160	1423	1668	1826	9999	1606	380	2135	957	1787	924	2231	1445	1755	1186	1544	914	824	586	384	995	527	779	1650	1866	1865	1028	1564	1401	1812	2122	649	1622	551	1286	2645	457	2212	1314	1629	1195	2281	1205	951	1610	827	955	1573	1552	1039	84	1052	689	1650	2504	2160	1513	111	1268	2169	1888	1378	2592	1282	959	1197	1791	1052	110	430	1423	1700	615	1727	1331	2036	1074	2038	1740	1311	1865	1474	1550	2105	947	2424	733	1771	2126	830	472	1735	1422	1411	1371	1861	1403	1589	1406	1220	557	971	1618	1754	975	2604	2205	1124	1145	676	
1949	1481	58	2940	954	2301	530	2191	547	2463	1963	505	1387	207	1980	3048	1993	2895	2714	650	2265	3101	1412	2864	910	3222	573	1565	63	447	2454	1788	1396	190	714	2697	1009	2840	684	1482	451	2281	99	1226	1606	9999	1835	460	2344	1070	854	719	2864	1581	302	2589	616	1284	2308	1090	994	942	2159	1401	3049	3087	1588	787	1164	3166	403	2320	1049	2266	2540	1474	1042	723	2820	2493	921	1349	289	2579	656	650	716	3016	2281	2511	1593	2202	1554	3104	1470	706	2671	1494	2922	446	561	3008	1292	2919	1656	2690	425	1323	1702	1077	3033	217	2182	1230	268	1175	474	3105	2798	287	454	2338	103	3197	841	1457	2451	270	3264	1936	1581	150	2063	2849	395	176	2896	2054	2444	536	2279	1720	2663	1342	696	1345	995	1787	334	795	
302	1770	1972	1241	2403	438	1179	701	1171	514	354	1221	2511	2123	456	1213	460	995	894	1069	435	1279	402	967	1100	1654	1210	435	1831	1980	1160	238	2586	1545	1170	829	2410	952	1990	1458	2400	937	1939	1698	380	1835	9999	2299	475	1700	952	2318	1000	1515	1418	1032	1086	655	550	716	937	850	295	1446	1379	1388	710	1544	1253	1384	2349	419	1523	472	782	2604	676	2291	912	1132	1139	2188	1431	634	1630	1136	1043	1162	1081	590	243	549	397	1268	2419	2233	1002	303	1120	2375	1959	1198	2585	1071	610	773	1890	846	182	640	1217	1847	237	1585	1644	1949	1246	1544	1231	1627	1963	984	1827	1619	974	2329	664	2075	1654	363	207	1909	986	973	1486	2114	1006	1179	897	1309	523	597	1105	1585	1066	2584	2197	737	1409	992	
2338	1441	372	3206	510	2698	1012	2515	1011	2889	2481	1054	998	171	2509	3341	2522	3250	3038	1192	2753	3376	1938	3236	1198	3414	1145	1943	387	300	2691	2301	974	668	1300	3116	575	3221	494	1561	306	2559	525	1203	2135	460	2299	9999	2742	1046	1245	272	3194	1642	828	2861	1102	1651	2799	1645	1331	1504	2577	1484	3295	3332	1890	877	1331	3411	234	2786	1111	2759	2870	1063	1568	296	3177	2742	1187	1107	808	2994	727	1222	1134	3316	2525	2894	2103	2561	1944	3389	1142	324	2969	2007	3301	142	406	3350	844	3287	1982	3051	366	1620	2206	1600	3368	340	2634	1256	834	1030	940	3317	3050	855	321	2611	614	3395	1225	1169	2923	608	3443	2312	2018	290	2303	3185	699	362	3236	2244	2746	878	2776	2048	2935	1371	1111	910	688	2082	888	1360	
314	1928	2478	637	2748	8	1701	417	1683	295	782	1775	2761	2607	885	672	882	597	305	1633	599	741	999	663	1481	1049	1782	708	2322	2396	800	764	2835	2053	1761	709	2743	700	2357	1602	2874	629	2466	1925	957	2344	475	2742	9999	1972	1406	2703	440	1624	1949	543	1613	1006	743	1317	1329	1445	101	1619	773	780	865	1893	1518	812	2824	469	1802	663	226	2838	1252	2672	432	739	1507	2418	1958	403	2009	1716	1526	631	808	106	829	229	702	768	2643	2618	447	892	978	2836	2352	996	2855	853	747	281	2313	1108	750	1218	977	2308	276	1808	2198	2201	1756	948	685	2184	2377	647	2361	1014	1425	2551	768	2612	1044	356	649	2381	834	426	1945	2623	515	1053	459	1765	731	690	592	1772	1548	2844	2518	758	1955	1583	
1552	291	1139	2380	738	1930	900	1582	856	2256	2062	1105	701	1094	2131	2711	2141	2662	2239	1128	2247	2772	1579	2693	509	2666	1240	1166	933	636	1656	1866	786	904	1406	2623	713	2702	438	400	1420	1555	1266	74	1787	1070	1700	1046	1972	9999	742	796	2477	468	998	1913	926	903	2348	1443	655	1368	1829	337	2511	2588	972	197	336	2784	1338	2229	85	2279	2019	798	1267	757	2514	1722	462	380	980	2388	295	1266	773	2680	1474	2170	1669	1692	1192	2811	606	691	2077	1591	2879	1272	516	2932	812	2818	1089	2356	591	737	1749	1282	2938	767	2003	116	1304	148	860	2497	2130	1310	616	1602	1251	2633	721	523	2475	1458	2770	1497	1374	879	1256	2478	621	1273	2596	1143	1794	613	2321	1149	1994	207	762	795	454	1117	1100	1309	
976	994	985	2027	1343	1359	259	1211	219	1595	1238	435	1520	1097	1296	2203	1308	2061	1776	368	1483	2270	708	2052	144	2390	529	577	806	891	1507	1037	1586	551	643	1911	1356	2040	909	800	1421	1314	1009	811	924	854	952	1245	1406	742	9999	1242	1969	897	497	1625	207	308	1570	567	90	514	1219	738	2166	2216	605	500	452	2330	1356	1498	587	1504	1582	1621	396	1216	1942	1540	184	1244	497	1722	554	515	61	2161	1331	1592	827	1226	572	2285	1470	1155	1720	737	2190	1360	871	2272	1562	2152	664	1788	804	376	921	410	2292	781	1302	727	824	987	287	2234	1861	816	876	1375	920	2351	3	1393	1707	1188	2452	955	646	860	1109	1956	414	1144	2033	1141	1476	245	1538	729	1714	791	76	1573	1155	810	550	497	
2291	1148	675	3132	149	2658	1109	2410	1093	2891	2562	1213	608	493	2602	3314	2614	3245	2987	1328	2796	3349	2024	3244	1126	3344	1327	1893	597	246	2543	2371	588	829	1499	3148	203	3237	265	1326	678	2421	844	936	2231	719	2318	272	2703	796	1242	9999	3155	1395	994	2756	1192	1602	2861	1766	1280	1641	2547	1255	3226	3272	1788	724	1167	3371	605	2815	904	2811	2799	674	1657	6	3154	2602	1101	746	971	3003	596	1395	1165	3290	2362	2870	2169	2484	1903	3366	757	40	2878	2078	3332	500	254	3376	467	3309	1891	3031	326	1520	2269	1686	3391	453	2642	1014	1102	715	1037	3234	2949	1121	256	2473	911	3320	1220	792	2984	966	3399	2255	2017	477	2149	3148	736	712	3214	2062	2635	894	2836	1957	2826	1119	1143	529	337	1964	1079	1515	
860	2388	2980	364	3183	483	2254	809	2237	477	1180	2325	3172	3079	1264	146	1257	306	163	2183	883	202	1528	465	2032	677	2326	1271	2843	2901	1012	1229	3229	2601	2294	700	3177	548	2860	2075	3292	940	2967	2417	1445	2864	1000	3194	440	2477	1969	3155	9999	2081	2498	654	2169	1573	990	1853	1887	1986	625	2102	426	368	1392	2425	2040	264	3256	737	2318	938	371	3228	1805	3131	117	928	2055	2872	2508	467	2544	2257	2088	123	1105	292	1342	672	1268	265	3057	3077	450	1421	851	3266	2860	802	3252	678	1278	146	2829	1653	1248	1771	743	2830	689	2305	2730	2687	2312	668	624	2713	2888	925	2877	655	1988	2981	934	3079	600	892	1218	2894	1222	8	2494	3093	117	1430	679	2320	994	1216	637	2257	2108	3241	2985	1249	2502	2123	
1240	208	1670	1906	1313	1590	1208	1139	1158	1975	1952	1422	1142	1661	2043	2321	2052	2337	1818	1387	2062	2381	1574	2398	665	2168	1542	946	1459	1222	1111	1770	1241	1349	1677	2377	1278	2424	1027	39	1989	1052	1769	333	1755	1581	1515	1642	1624	468	897	1395	2081	9999	1392	1417	1194	796	2185	1559	728	1536	1522	86	2027	2114	669	661	337	2368	1908	2010	409	2106	1594	1220	1368	1355	2152	1187	623	748	1380	2108	808	1542	1000	2298	937	1823	1604	1294	987	2447	972	1290	1606	1549	2651	1853	1103	2693	1311	2567	782	2004	1164	569	1657	1368	2685	1314	1752	264	1729	592	1195	1982	1622	1729	1201	1089	1732	2130	885	862	2289	1962	2288	1170	1214	1430	750	2091	1066	1812	2227	592	1316	975	2158	820	1490	161	1002	1272	1008	726	1483	1532	
1553	1374	431	2604	1189	1902	152	1825	179	2058	1552	123	1539	597	1573	2709	1586	2527	2335	250	1854	2770	988	2487	624	2937	212	1172	327	643	2127	1370	1572	79	374	2299	1229	2458	814	1288	866	1939	407	1131	1186	302	1418	828	1949	998	497	994	2498	1392	9999	2230	225	911	1901	679	660	538	1754	1213	2735	2771	1236	683	936	2838	818	1908	915	1856	2156	1634	620	984	2439	2156	652	1397	2	2170	609	280	359	2663	1957	2110	1166	1818	1156	2770	1570	945	2310	1068	2558	857	709	2647	1496	2552	1290	2297	576	991	1277	654	2679	421	1768	1098	225	1175	120	2803	2462	222	638	1999	314	2902	490	1530	2049	567	2982	1545	1164	431	1740	2478	265	570	2531	1758	2087	293	1871	1354	2316	1199	345	1534	1132	1441	40	402	
647	1742	2704	366	2746	554	1978	295	1947	926	1437	2107	2652	2783	1548	870	1546	1045	394	1982	1277	923	1522	1183	1601	665	2148	938	2530	2500	244	1379	2745	2293	2173	1330	2727	1252	2397	1434	3050	247	2729	1820	1544	2589	1032	2861	543	1913	1625	2756	654	1417	2230	9999	1901	1194	1424	1779	1489	1876	653	1480	485	572	899	1938	1498	867	3002	1140	1769	1343	247	2731	1666	2724	820	164	1608	2283	2233	1014	2076	2098	1761	866	361	638	1383	363	963	1023	2504	2657	113	1421	1562	2993	2424	1544	2791	1404	823	713	2419	1176	1332	1637	1500	2471	926	1714	2526	2108	2019	493	135	2515	2479	205	2641	624	1637	2395	1441	2875	763	616	1053	2565	533	683	2120	2840	863	698	68	1953	1412	755	30	1643	1781	2767	2480	703	2263	1986	
