NAME: kroB100Preorder
TYPE: ATSP
DIMENSION: 100
EDGE_WEIGHT_TYPE: EXPLICIT
EDGE_WEIGHT_FORMAT: FULL_MATRIX 
EDGE_WEIGHT_SECTION
9999	1953	289	1538	997	1704	786	314	262	315	428	87	2076	1749	1873	1836	2170	1942	2204	479	83	1520	1526	1850	271	836	380	507	242	559	2238	202	1830	526	531	2150	784	411	779	757	2256	1892	1265	2389	2116	230	1103	2180	374	1527	2293	1041	671	1060	1565	933	675	830	323	1038	503	895	2174	1786	871	1142	1050	372	698	843	201	708	527	989	614	391	1779	2081	949	513	1090	1935	1581	809	470	353	1229	1431	1304	31	487	2209	463	637	14	2133	440	66	343	888	
1953	9999	2289	679	2301	606	1096	2229	1605	2136	2378	1832	47	180	560	71	259	267	560	1732	1934	884	921	338	1601	2020	1526	2398	2177	1834	294	2083	417	1345	1559	334	1378	1742	2373	2303	383	60	610	751	275	1639	1565	254	1912	390	615	872	2393	930	566	1976	1221	1067	2148	891	1517	2132	168	219	1584	1057	2407	2101	2016	2424	1714	1376	2396	978	1838	2224	239	84	1703	1736	1758	213	493	1078	2375	1909	773	917	585	1888	2377	520	2399	1302	2014	444	2304	1961	2242	1993	
289	2289	9999	1890	1037	2046	1271	154	724	383	51	441	2383	2112	2198	2193	2456	2280	2480	851	379	1877	1878	2201	733	1041	838	135	162	869	2509	272	2173	1013	926	2441	1229	783	685	736	2520	2231	1695	2580	2412	686	1462	2458	645	1903	2532	1509	504	1518	1935	1166	1153	1310	305	1493	921	1047	2455	2140	1250	1546	1010	487	901	703	610	1162	247	1442	911	269	2143	2388	1288	876	1402	2266	1941	1293	178	627	1642	1798	1723	382	147	2491	75	1101	215	2424	211	306	173	1110	
1538	679	1890	9999	2186	63	738	1764	1177	1842	2021	1354	814	335	233	693	1129	1017	1413	1528	1589	1223	1259	1003	1186	1904	979	1985	1706	1674	874	1579	219	908	884	1197	1254	1511	2182	2124	1270	504	487	1605	1123	1240	1604	763	1679	618	832	710	2162	870	941	1902	702	761	1634	372	874	2026	832	297	1532	265	2284	1829	1864	2233	1187	1202	2112	385	1693	1733	835	908	1674	1542	1772	416	61	736	2068	1671	187	1189	316	1507	1948	1380	2053	709	1590	1283	1829	1492	1770	1902	
997	2301	1037	2186	9999	2300	1455	1324	1111	498	1013	1203	2388	2211	2417	2178	2382	2163	2314	657	786	1595	1578	2069	1095	234	1366	1318	1295	482	2543	1333	2361	1314	1604	2329	1015	679	219	136	2437	2301	1772	2475	2311	1050	867	2522	510	1888	2591	1545	411	1456	1780	313	1513	1442	1436	1764	1549	115	2497	2272	773	1965	66	424	253	275	1291	1037	693	1767	462	1451	2059	2353	656	633	640	2385	2166	1459	749	525	1919	1531	1870	917	1341	2340	997	1558	1021	2279	1425	1197	1358	280	
1704	606	2046	63	2300	9999	916	1910	1368	1998	2158	1534	716	294	83	666	1065	998	1373	1678	1747	1306	1343	1007	1375	2045	1177	2126	1848	1803	719	1740	98	1103	1085	1139	1415	1663	2301	2247	1196	425	609	1553	1078	1428	1723	607	1814	680	633	863	2287	1014	1010	2036	895	935	1784	544	1076	2150	694	223	1666	439	2390	1982	2004	2353	1380	1365	2234	564	1821	1874	843	839	1790	1692	1886	292	96	912	2202	1808	355	1286	438	1669	2097	1334	2186	906	1749	1248	1983	1654	1917	2039	
786	1096	1271	738	1455	916	9999	1221	343	1060	1419	655	1257	851	1124	942	1396	1095	1473	591	760	715	740	990	340	1082	303	1467	1128	768	1508	1002	1037	108	471	1369	343	577	1473	1385	1517	1030	286	1721	1317	387	768	1430	796	542	1625	118	1471	192	650	1083	90	11	1116	197	393	1232	1408	912	630	503	1585	1023	1023	1550	507	280	1450	221	795	1236	875	1258	804	610	945	1114	711	2	1416	787	378	628	347	696	1439	1476	1451	192	865	1361	1341	824	1242	1078	
314	2229	154	1764	1324	1910	1221	9999	706	627	263	359	2332	2029	2086	2151	2432	2255	2476	985	494	1909	1918	2187	722	1271	729	126	15	1049	2446	87	2067	960	740	2419	1295	907	1004	1041	2503	2165	1638	2579	2390	689	1580	2396	833	1866	2461	1477	828	1516	1931	1384	1060	1271	62	1386	760	1300	2401	2053	1378	1384	1318	728	1132	1028	505	1219	546	1318	1099	36	2116	2348	1441	1018	1557	2180	1824	1245	475	810	1531	1828	1641	433	96	2478	304	974	240	2415	36	211	3	1334	
262	1605	724	1177	1111	1368	343	706	9999	555	876	187	1736	1379	1568	1476	1831	1589	1878	326	256	1117	1128	1495	1	810	108	949	618	480	1930	513	1510	128	346	1804	424	273	1032	959	1937	1543	814	2112	1772	9	826	1858	397	1091	2015	581	990	607	1142	865	278	379	641	615	276	926	1843	1433	602	804	1229	549	704	1110	127	341	923	584	523	748	1406	1738	733	359	888	1602	1203	364	879	382	821	1022	865	183	920	1886	910	288	337	1793	845	325	732	841	
315	2136	383	1842	498	1998	1060	627	555	9999	419	522	2234	1977	2153	2011	2288	2060	2278	387	165	1551	1545	1962	547	453	788	674	585	342	2410	621	2107	837	1015	2249	812	346	291	264	2357	2107	1506	2445	2218	499	950	2363	163	1698	2486	1253	235	1213	1665	576	1034	1075	731	1383	964	461	2345	2030	742	1547	533	27	331	355	646	774	262	1357	376	754	1914	2219	743	399	845	2164	1855	1075	259	160	1565	1467	1577	277	688	2291	424	1043	325	2212	740	491	664	524	
428	2378	51	2021	1013	2158	1419	263	876	419	9999	601	2464	2210	2302	2291	2527	2361	2536	946	490	1972	1973	2292	882	1076	999	145	294	941	2560	419	2283	1165	1097	2512	1338	883	630	705	2566	2331	1803	2597	2489	839	1535	2530	720	2022	2578	1630	434	1632	2042	1205	1311	1452	436	1629	1093	1059	2529	2243	1337	1685	957	526	940	630	778	1284	165	1582	985	382	2232	2466	1358	968	1458	2361	2064	1435	116	705	1772	1894	1837	515	171	2541	5	1262	361	2499	294	459	284	1147	
87	1832	441	1354	1203	1534	655	359	187	522	601	9999	1959	1614	1722	1738	2088	1852	2145	562	222	1478	1488	1776	206	994	211	608	280	689	2129	173	1688	405	317	2068	779	493	1009	979	2179	1767	1122	2331	2031	188	1155	2060	521	1415	2168	923	903	971	1488	1083	509	706	290	856	296	1081	2061	1645	925	924	1266	568	866	1074	54	690	750	798	741	389	1690	1977	1034	600	1183	1794	1418	679	686	500	1036	1388	1141	119	574	2147	646	448	114	2061	480	49	381	1042	
2076	47	2383	814	2388	716	1257	2332	1736	2234	2464	1959	9999	308	636	163	178	300	519	1840	2057	996	1032	397	1732	2120	1658	2482	2284	1952	196	2190	498	1498	1688	283	1514	1856	2450	2395	286	139	774	659	231	1768	1670	189	2035	531	560	1031	2472	1087	687	2079	1378	1228	2250	1059	1646	2221	89	332	1701	1205	2484	2201	2120	2504	1829	1516	2479	1136	1954	2324	337	42	1799	1844	1855	273	629	1237	2460	2033	928	1040	748	2014	2463	465	2485	1456	2130	415	2400	2087	2344	2096	
1749	180	2112	335	2211	294	851	2029	1379	1977	2210	1614	308	9999	318	206	594	509	889	1584	1751	917	961	523	1378	1916	1252	2217	1958	1716	467	1845	172	1092	1257	660	1236	1587	2262	2193	733	68	404	1106	591	1430	1508	381	1765	314	629	676	2271	784	597	1886	929	839	1916	579	1218	2042	380	21	1491	694	2320	1944	1896	2315	1469	1214	2251	654	1725	2012	372	388	1623	1594	1705	120	165	838	2222	1759	436	919	318	1694	2193	854	2236	999	1797	757	2110	1742	2040	1896	
1873	560	2198	233	2417	83	1124	2086	1568	2153	2302	1722	636	318	9999	673	1000	1001	1341	1827	1914	1417	1453	1036	1572	2179	1400	2277	2029	1965	553	1906	48	1319	1307	1099	1576	1817	2426	2376	1119	387	777	1500	1036	1618	1844	452	1986	790	420	1046	2414	1186	1105	2165	1119	1136	1956	765	1299	2280	558	223	1801	661	2501	2141	2149	2470	1580	1539	2374	794	1982	2050	877	773	1933	1843	2024	198	225	1119	2345	1979	556	1407	611	1837	2244	1299	2327	1133	1921	1225	2147	1825	2090	2168	
1836	71	2193	693	2178	666	942	2151	1476	2011	2291	1738	163	206	673	9999	286	157	508	1580	1803	676	714	179	1470	1864	1411	2319	2092	1695	485	1989	512	1205	1471	311	1192	1597	2263	2185	416	148	466	743	250	1514	1380	442	1776	218	820	699	2287	743	372	1812	1092	902	2063	793	1422	1989	352	285	1414	1008	2296	1964	1864	2317	1607	1196	2298	882	1696	2151	85	146	1533	1583	1596	346	501	917	2282	1775	703	710	481	1772	2299	476	2309	1190	1900	381	2225	1859	2161	1831	
2170	259	2456	1129	2382	1065	1396	2432	1831	2288	2527	2088	178	594	1000	286	9999	172	197	1881	2134	905	934	294	1823	2118	1791	2547	2384	1978	446	2303	853	1621	1851	38	1541	1903	2473	2408	40	431	930	317	30	1863	1631	480	2075	632	879	1139	2506	1151	660	2060	1537	1349	2367	1274	1803	2215	334	647	1695	1469	2485	2244	2128	2517	1968	1562	2523	1360	1973	2435	335	82	1783	1879	1811	610	939	1371	2513	2077	1187	975	960	2109	2537	151	2536	1626	2220	133	2498	2195	2443	2084	
1942	267	2280	1017	2163	998	1095	2255	1589	2060	2361	1852	300	509	1001	157	172	9999	228	1617	1886	549	583	33	1579	1845	1564	2407	2199	1710	661	2117	841	1346	1651	123	1219	1639	2280	2194	268	421	651	485	93	1618	1316	656	1806	354	1064	828	2313	817	323	1789	1278	1044	2189	1027	1599	1969	518	591	1393	1289	2288	2009	1863	2336	1743	1244	2350	1121	1707	2268	79	186	1499	1613	1537	641	822	1072	2333	1808	978	619	720	1860	2394	214	2380	1388	2006	124	2335	1982	2274	1807	
2204	560	2480	1413	2314	1373	1473	2476	1878	2278	2536	2145	519	889	1341	508	197	228	9999	1856	2148	788	806	300	1868	2045	1870	2567	2431	1932	829	2360	1194	1684	1970	106	1516	1888	2442	2366	165	755	1067	135	143	1901	1524	863	2054	753	1264	1213	2483	1175	639	1971	1637	1425	2425	1434	1915	2147	701	963	1624	1659	2430	2222	2069	2493	2044	1548	2518	1523	1922	2488	430	378	1699	1848	1715	966	1223	1450	2514	2057	1394	876	1142	2133	2559	9	2545	1734	2259	32	2530	2246	2490	2001	
479	1732	851	1528	657	1678	591	985	326	387	946	562	1840	1584	1827	1580	1881	1617	1856	9999	296	984	978	1509	303	311	560	1139	908	56	2085	862	1759	455	860	1828	245	12	707	595	1975	1712	1006	2089	1798	279	421	2029	106	1205	2208	722	753	650	1130	350	665	580	1000	969	778	435	1991	1647	212	1248	811	312	238	805	568	227	836	977	76	1078	1460	1811	277	3	409	1797	1505	596	826	108	1176	884	1122	358	1135	1875	964	733	546	1787	1119	656	1021	329	
83	1934	379	1589	786	1747	760	494	256	165	490	222	2057	1751	1914	1803	2134	1886	2148	296	9999	1409	1411	1792	253	601	448	650	429	355	2237	407	1863	520	669	2106	638	230	613	567	2214	1885	1241	2339	2066	204	906	2181	170	1483	2311	989	542	975	1488	704	705	788	530	1070	618	672	2166	1793	677	1234	857	191	473	684	321	576	483	1035	402	590	1735	2051	740	323	874	1945	1611	779	445	157	1266	1311	1304	33	642	2157	519	701	123	2075	627	236	529	661	
1520	884	1877	1223	1595	1306	715	1909	1117	1551	1972	1478	996	917	1417	676	905	549	788	984	1409	9999	4	427	1101	1210	1192	2080	1841	1070	1366	1766	1263	915	1399	810	553	1033	1764	1660	998	966	540	1087	784	1127	545	1330	1237	421	1653	472	1825	353	151	1118	951	643	1864	889	1313	1355	1227	1029	660	1260	1752	1477	1245	1831	1372	616	1904	982	1052	1947	460	898	756	970	795	1175	1072	687	1896	1244	976	20	720	1412	2063	823	1994	1093	1589	712	2017	1608	1933	1154	
1526	921	1878	1259	1578	1343	740	1918	1128	1545	1973	1488	1032	961	1453	714	934	583	806	978	1411	4	9999	454	1109	1190	1210	2084	1849	1059	1404	1777	1303	935	1422	838	553	1030	1753	1644	1023	1007	578	1100	813	1137	528	1367	1232	458	1687	502	1816	375	180	1100	976	667	1873	922	1334	1335	1260	1073	644	1296	1740	1471	1231	1819	1388	620	1902	1016	1039	1955	495	934	735	964	767	1217	1109	713	1893	1239	1015	26	760	1418	2068	842	1994	1115	1595	733	2025	1616	1940	1132	
1850	338	2201	1003	2069	1007	990	2187	1495	1962	2292	1776	397	523	1036	179	294	33	300	1509	1792	427	454	9999	1483	1748	1476	2347	2130	1603	770	2043	870	1245	1582	220	1089	1534	2191	2112	390	469	562	576	190	1522	1183	753	1717	280	1153	713	2232	691	205	1687	1183	932	2121	952	1526	1864	623	618	1259	1241	2200	1905	1762	2252	1661	1113	2276	1053	1596	2199	52	294	1374	1506	1423	696	811	962	2257	1718	921	487	659	1775	2325	301	2307	1300	1917	193	2274	1898	2201	1712	
271	1601	733	1186	1095	1375	340	722	1	547	882	206	1732	1378	1572	1470	1823	1579	1868	303	253	1101	1109	1483	9999	786	121	963	635	457	1927	532	1515	126	370	1798	401	252	1021	946	1930	1541	808	2101	1763	7	799	1857	381	1084	2018	569	982	593	1126	843	284	372	664	620	296	905	1840	1433	575	818	1212	540	681	1102	147	319	922	592	501	768	1395	1732	707	338	864	1603	1206	358	880	366	827	1001	864	188	937	1876	916	299	345	1785	860	342	751	816	
836	2020	1041	1904	234	2045	1082	1271	810	453	1076	994	2120	1916	2179	1864	2118	1845	2045	311	601	1210	1190	1748	786	9999	1071	1338	1219	159	2337	1217	2108	960	1352	2055	591	354	464	336	2182	2023	1431	2235	2034	748	456	2297	276	1559	2462	1157	608	1048	1431	32	1173	1058	1338	1452	1281	45	2252	1984	358	1697	413	350	34	547	1042	624	831	1463	129	1384	1736	2082	257	285	275	2123	1871	1082	857	296	1623	1123	1555	721	1351	2065	1076	1246	882	1990	1391	1036	1305	13	
380	1526	838	979	1366	1177	303	729	108	788	999	211	1658	1252	1400	1411	1791	1564	1870	560	448	1192	1210	1476	121	1071	9999	1007	643	734	1825	509	1348	115	132	1782	581	511	1268	1210	1899	1440	734	2099	1741	150	1024	1756	646	1038	1881	559	1211	639	1152	1117	153	361	614	459	74	1191	1757	1297	821	567	1466	799	966	1340	85	489	1106	410	780	735	1364	1677	962	597	1117	1477	1030	328	1055	628	638	1096	742	344	968	1872	1041	113	437	1781	854	357	749	1096	
507	2398	135	1985	1318	2126	1467	126	949	674	145	608	2482	2217	2277	2319	2547	2407	2567	1139	650	2080	2084	2347	963	1338	1007	9999	184	1171	2564	321	2261	1222	1033	2540	1484	1076	947	1017	2580	2343	1841	2601	2520	922	1709	2531	947	2066	2569	1689	745	1713	2115	1459	1328	1511	278	1631	1051	1339	2535	2241	1525	1635	1272	790	1210	948	775	1423	446	1574	1220	185	2285	2495	1563	1169	1657	2355	2051	1490	381	927	1758	2005	1853	626	8	2568	165	1256	426	2534	88	449	125	1412	
242	2177	162	1706	1295	1848	1128	15	618	585	294	280	2284	1958	2029	2092	2384	2199	2431	908	429	1841	1849	2130	635	1219	643	184	9999	983	2403	43	2009	873	662	2371	1215	840	989	1016	2454	2114	1569	2555	2341	603	1519	2349	767	1795	2418	1398	822	1435	1863	1327	969	1185	49	1301	677	1255	2352	1991	1304	1309	1298	682	1084	1020	421	1131	555	1236	1034	53	2052	2294	1376	943	1500	2123	1769	1156	486	744	1457	1771	1573	364	154	2433	338	886	174	2365	77	141	27	1282	
559	1834	869	1674	482	1803	768	1049	480	342	941	689	1952	1716	1965	1695	1978	1710	1932	56	355	1070	1059	1603	457	159	734	1171	983	9999	2183	954	1887	630	1030	1922	358	82	570	452	2061	1821	1166	2152	1891	427	413	2138	78	1341	2310	882	649	796	1248	204	848	753	1091	1148	948	271	2100	1778	228	1425	639	248	104	668	718	362	776	1157	6	1150	1571	1920	228	44	337	1925	1643	772	780	94	1347	973	1293	445	1173	1953	954	911	628	1867	1181	757	1086	176	
2238	294	2509	874	2543	719	1508	2446	1930	2410	2560	2129	196	467	553	485	446	661	829	2085	2237	1366	1404	770	1927	2337	1825	2564	2403	2183	9999	2317	477	1709	1815	578	1777	2093	2571	2542	508	297	1056	883	539	1969	1944	24	2237	859	249	1324	2577	1403	1063	2303	1580	1489	2368	1259	1794	2426	41	430	1959	1319	2588	2386	2328	2589	2007	1770	2574	1325	2188	2438	695	311	2070	2091	2125	271	730	1492	2565	2233	1099	1405	982	2193	2548	762	2570	1633	2287	739	2505	2230	2451	2314	
202	2083	272	1579	1333	1740	1002	87	513	621	419	173	2190	1845	1906	1989	2303	2117	2360	862	407	1766	1777	2043	532	1217	509	321	43	954	2317	9999	1891	745	511	2295	1124	787	1062	1073	2387	2004	1450	2515	2259	510	1465	2256	750	1702	2334	1276	903	1325	1774	1320	833	1060	35	1159	529	1269	2267	1873	1248	1158	1353	708	1084	1100	298	1045	668	1089	1007	92	1951	2205	1332	893	1463	2019	1649	1029	592	726	1318	1691	1450	316	281	2364	461	741	159	2292	166	72	97	1275	
1830	417	2173	219	2361	98	1037	2067	1510	2107	2283	1688	498	172	48	512	853	841	1194	1759	1863	1263	1303	870	1515	2108	1348	2261	2009	1887	477	1891	9999	1246	1288	945	1479	1755	2381	2322	979	241	650	1365	879	1561	1750	375	1918	632	435	923	2374	1061	947	2090	1058	1041	1945	691	1269	2207	456	103	1717	654	2447	2087	2078	2429	1544	1446	2342	733	1902	2043	711	625	1833	1773	1923	102	155	1028	2308	1909	498	1258	502	1793	2227	1145	2303	1088	1882	1068	2139	1800	2074	2095	
526	1345	1013	908	1314	1103	108	960	128	837	1165	405	1498	1092	1319	1205	1621	1346	1684	455	520	915	935	1245	126	960	115	1222	873	630	1709	745	1246	9999	323	1598	358	424	1285	1204	1730	1277	523	1911	1553	165	800	1634	606	809	1793	327	1262	384	890	989	75	140	866	351	237	1102	1623	1149	612	576	1441	814	881	1367	275	273	1217	338	666	983	1133	1504	772	483	924	1342	914	122	1173	595	540	827	569	448	1191	1688	1204	130	601	1588	1092	557	984	973	
531	1559	926	884	1604	1085	471	740	346	1015	1097	317	1688	1257	1307	1471	1851	1651	1970	860	669	1399	1422	1582	370	1352	132	1033	662	1030	1815	511	1288	323	9999	1854	866	803	1487	1447	1962	1452	838	2175	1803	400	1310	1745	918	1142	1823	730	1411	846	1315	1410	260	538	576	477	16	1461	1762	1281	1112	436	1681	1043	1250	1545	181	769	1268	398	1077	700	1465	1723	1259	892	1412	1452	981	498	1207	899	605	1312	789	537	986	1963	1140	147	566	1869	842	429	748	1384	
2150	334	2441	1197	2329	1139	1369	2419	1804	2249	2512	2068	283	660	1099	311	38	123	106	1828	2106	810	838	220	1798	2055	1782	2540	2371	1922	578	2295	945	1598	1854	9999	1485	1858	2438	2365	59	512	918	257	10	1831	1551	608	2032	612	1018	1107	2470	1102	587	1995	1531	1322	2359	1282	1802	2160	456	723	1628	1502	2442	2203	2072	2487	1953	1510	2502	1372	1913	2427	300	157	1717	1825	1745	713	1000	1343	2492	2034	1214	882	972	2080	2529	65	2524	1622	2201	46	2487	2181	2432	2018	
784	1378	1229	1254	1015	1415	343	1295	424	812	1338	779	1514	1236	1576	1192	1541	1219	1516	245	638	553	553	1089	401	591	581	1484	1215	358	1777	1124	1479	358	866	1485	9999	282	1132	1014	1637	1370	628	1756	1449	414	260	1724	478	786	1943	362	1195	261	692	560	510	302	1261	703	771	752	1676	1321	134	1050	1193	730	571	1232	704	17	1263	743	360	1355	1040	1474	278	240	406	1501	1193	338	1249	482	890	461	777	656	1471	1532	1363	625	868	1432	1429	912	1323	568	
411	1742	783	1511	679	1663	577	907	273	346	883	493	1856	1587	1817	1597	1903	1639	1888	12	230	1033	1030	1534	252	354	511	1076	840	82	2093	787	1755	424	803	1858	282	9999	697	593	2000	1720	1011	2119	1820	219	488	2036	81	1224	2206	730	727	670	1166	406	630	573	921	950	720	472	2001	1647	278	1216	826	283	270	793	506	251	787	951	115	1001	1484	1829	344	25	477	1798	1496	586	771	80	1157	931	1120	290	1069	1903	902	691	479	1810	1049	578	944	379	
779	2373	685	2182	219	2301	1473	1004	1032	291	630	1009	2450	2262	2426	2263	2473	2280	2442	707	613	1764	1753	2191	1021	464	1268	947	989	570	2571	1062	2381	1285	1487	2438	1132	697	9999	38	2526	2356	1818	2562	2416	965	1117	2551	477	1980	2596	1610	73	1550	1908	585	1480	1475	1148	1760	1442	369	2538	2305	967	1920	151	280	397	18	1134	1124	315	1750	578	1139	2164	2436	893	701	930	2420	2181	1482	373	485	1916	1698	1904	743	983	2452	608	1500	776	2398	1089	956	1038	534	
757	2303	736	2124	136	2247	1385	1041	959	264	705	979	2395	2193	2376	2185	2408	2194	2366	595	567	1660	1644	2112	946	336	1210	1017	1016	452	2542	1073	2322	1204	1447	2365	1014	593	38	9999	2466	2293	1745	2517	2347	892	980	2515	389	1889	2587	1520	150	1450	1808	449	1409	1384	1170	1695	1395	239	2496	2242	837	1865	126	221	272	88	1094	1013	398	1686	456	1175	2084	2369	756	586	791	2364	2120	1394	447	398	1846	1588	1824	703	1047	2387	687	1435	767	2321	1133	947	1078	401	
2256	383	2520	1270	2437	1196	1517	2503	1937	2357	2566	2179	286	733	1119	416	40	268	165	1975	2214	998	1023	390	1930	2182	1899	2580	2454	2061	508	2387	979	1730	1962	59	1637	2000	2526	2466	9999	553	1075	209	79	1964	1706	554	2155	770	947	1273	2544	1277	771	2128	1651	1475	2444	1413	1918	2284	409	783	1773	1591	2528	2315	2197	2554	2071	1657	2561	1494	2056	2508	451	175	1854	1972	1884	732	1084	1496	2553	2157	1326	1075	1104	2192	2575	119	2572	1740	2305	144	2546	2286	2512	2151	
1892	60	2231	504	2301	425	1030	2165	1543	2107	2331	1767	139	68	387	148	431	421	755	1712	1885	966	1007	469	1541	2023	1440	2343	2114	1821	297	2004	241	1277	1452	512	1370	1720	2356	2293	553	9999	552	943	450	1585	1593	222	1886	397	524	837	2369	917	640	1987	1123	1008	2069	782	1416	2137	199	80	1596	896	2405	2071	2010	2411	1634	1356	2362	858	1827	2154	343	224	1719	1720	1784	85	336	1012	2339	1882	636	987	492	1828	2316	710	2354	1201	1948	629	2237	1889	2176	2001	
1265	610	1695	487	1772	609	286	1638	814	1506	1803	1122	774	404	777	466	930	651	1067	1006	1241	540	578	562	808	1431	734	1841	1569	1166	1056	1450	650	523	838	918	628	1011	1818	1745	1075	552	9999	1345	861	858	961	970	1236	139	1239	121	1833	215	338	1405	421	258	1541	207	766	1570	934	481	909	518	1899	1462	1406	1895	964	598	1826	295	1179	1640	432	780	1079	1019	1191	673	381	266	1800	1232	240	497	57	1180	1812	1060	1832	524	1339	934	1739	1290	1652	1414	
2389	751	2580	1605	2475	1553	1721	2579	2112	2445	2597	2331	659	1106	1500	743	317	485	135	2089	2339	1087	1100	576	2101	2235	2099	2601	2555	2152	883	2515	1365	1911	2175	257	1756	2119	2562	2517	209	943	1345	9999	319	2126	1755	947	2253	1043	1321	1496	2581	1466	946	2176	1861	1677	2553	1673	2131	2326	792	1164	1848	1854	2552	2406	2267	2584	2240	1787	2593	1746	2142	2582	705	528	1919	2083	1928	1125	1438	1700	2590	2258	1622	1176	1413	2323	2599	131	2598	1951	2434	225	2594	2423	2583	2200	
2116	275	2412	1123	2311	1078	1317	2390	1772	2218	2489	2031	231	591	1036	250	30	93	143	1798	2066	784	813	190	1763	2034	1741	2520	2341	1891	539	2259	879	1553	1803	10	1449	1820	2416	2347	79	450	861	319	9999	1794	1530	561	1999	550	972	1056	2448	1056	544	1971	1479	1269	2323	1220	1762	2142	416	658	1600	1440	2422	2177	2049	2467	1907	1471	2477	1311	1884	2397	251	117	1693	1796	1728	652	930	1293	2463	2000	1144	855	906	2045	2510	112	2504	1572	2167	65	2453	2146	2401	1997	
230	1639	686	1240	1050	1428	387	689	9	499	839	188	1768	1430	1618	1514	1863	1618	1901	279	204	1127	1137	1522	7	748	150	922	603	427	1969	510	1561	165	400	1831	414	219	965	892	1964	1585	858	2126	1794	9999	797	1899	340	1125	2057	617	924	631	1168	811	334	417	640	675	331	867	1882	1481	569	867	1161	492	643	1049	150	335	871	647	468	741	1434	1766	693	312	851	1643	1258	404	831	322	878	1031	913	149	898	1908	870	346	307	1810	832	316	717	781	
1103	1565	1462	1604	867	1723	768	1580	826	950	1535	1155	1670	1508	1844	1380	1631	1316	1524	421	906	545	528	1183	799	456	1024	1709	1519	413	1944	1465	1750	800	1310	1551	260	488	1117	980	1706	1593	961	1755	1530	797	9999	1902	619	1025	2150	712	1241	552	818	367	958	713	1583	1122	1221	596	1830	1589	85	1472	1071	847	517	1216	1113	342	1393	1177	380	1648	1190	1609	77	394	99	1735	1529	755	1399	633	1298	482	1134	968	1708	1556	1548	1084	1180	1467	1693	1267	1610	402	
2180	254	2458	763	2522	607	1430	2396	1858	2363	2530	2060	189	381	452	442	480	656	863	2029	2181	1330	1367	753	1857	2297	1756	2531	2349	2138	24	2256	375	1634	1745	608	1724	2036	2551	2515	554	222	970	947	561	1899	1902	9999	2187	797	216	1249	2556	1331	1018	2269	1501	1414	2306	1163	1722	2391	45	339	1912	1213	2573	2338	2290	2576	1929	1715	2550	1230	2143	2380	663	317	2029	2038	2091	174	624	1416	2539	2184	996	1360	887	2133	2516	805	2543	1551	2223	766	2449	2169	2402	2281	
374	1912	645	1679	510	1814	796	833	397	163	720	521	2035	1765	1986	1776	2075	1806	2054	106	170	1237	1232	1717	381	276	646	947	767	78	2237	750	1918	606	918	2032	478	81	477	389	2155	1886	1236	2253	1999	340	619	2187	9999	1438	2346	956	505	894	1382	365	825	798	881	1156	853	355	2159	1813	414	1391	625	107	165	563	581	454	579	1147	114	937	1672	2009	432	111	541	1974	1673	806	573	0	1357	1138	1336	273	950	2070	735	865	427	1984	960	560	866	324	
1527	390	1903	618	1888	680	542	1866	1091	1698	2022	1415	531	314	790	218	632	354	753	1205	1483	421	458	280	1084	1559	1038	2066	1795	1341	859	1702	632	809	1142	612	786	1224	1980	1889	770	397	139	1043	550	1125	1025	797	1438	9999	1121	310	2010	349	152	1516	717	505	1783	478	1080	1688	723	412	1031	779	2032	1647	1551	2053	1262	785	2027	572	1344	1873	161	509	1178	1211	1265	565	452	523	2003	1436	467	416	217	1441	2047	746	2048	837	1592	625	1961	1559	1880	1531	
2293	615	2532	832	2591	633	1625	2461	2015	2486	2578	2168	560	629	420	820	879	1064	1264	2208	2311	1653	1687	1153	2018	2462	1881	2569	2418	2310	249	2334	435	1793	1823	1018	1943	2206	2596	2587	947	524	1239	1321	972	2057	2150	216	2346	1121	9999	1505	2595	1595	1377	2444	1650	1621	2372	1335	1810	2533	359	539	2144	1287	2602	2469	2446	2600	2050	1924	2592	1379	2318	2440	1049	708	2241	2215	2301	360	756	1615	2586	2342	1144	1675	1115	2260	2557	1205	2585	1680	2330	1174	2510	2270	2465	2448	
1041	872	1509	710	1545	863	118	1477	581	1253	1630	923	1031	676	1046	699	1139	828	1213	722	989	472	502	713	569	1157	559	1689	1398	882	1324	1276	923	327	730	1107	362	730	1610	1520	1273	837	121	1496	1056	617	712	1249	956	310	1505	9999	1629	50	384	1129	298	76	1389	255	649	1314	1206	760	637	607	1685	1204	1124	1686	780	334	1634	325	892	1496	606	1018	807	733	926	955	628	101	1609	954	386	401	236	941	1666	1217	1655	422	1119	1094	1586	1092	1497	1136	
671	2393	504	2162	411	2287	1471	828	990	235	434	903	2472	2271	2414	2287	2506	2313	2483	753	542	1825	1816	2232	982	608	1211	745	822	649	2577	903	2374	1262	1411	2470	1195	727	73	150	2544	2369	1833	2581	2448	924	1241	2556	505	2010	2595	1629	9999	1583	1958	742	1453	1481	984	1744	1370	531	2544	2307	1069	1877	330	272	515	67	1052	1171	137	1726	669	963	2200	2457	1021	757	1078	2421	2171	1482	190	506	1897	1761	1905	664	784	2500	413	1455	653	2439	896	834	857	686	
1060	930	1518	870	1456	1014	192	1516	607	1213	1632	971	1087	784	1186	743	1151	817	1175	650	975	353	375	691	593	1048	639	1713	1435	796	1403	1325	1061	384	846	1102	261	670	1550	1450	1277	917	215	1466	1056	631	552	1331	894	349	1595	50	1583	9999	333	1008	403	135	1443	406	757	1208	1276	875	509	775	1608	1148	1030	1630	844	255	1612	474	802	1540	613	1054	666	655	781	1069	774	168	1590	893	538	274	372	947	1693	1189	1655	534	1139	1070	1626	1131	1534	1022	
1565	566	1935	941	1780	1010	650	1931	1142	1665	2042	1488	687	597	1105	372	660	323	639	1130	1488	151	180	205	1126	1431	1152	2115	1863	1248	1063	1774	947	890	1315	587	692	1166	1908	1808	771	640	338	946	544	1168	818	1018	1382	152	1377	384	1958	333	9999	1362	866	585	1864	709	1239	1569	911	705	876	1057	1926	1606	1445	1985	1359	721	2008	810	1242	1952	187	610	1003	1125	1067	852	774	622	1994	1385	747	168	480	1468	2098	656	2060	999	1633	536	2036	1625	1950	1390	
933	1976	1166	1902	313	2036	1083	1384	865	576	1205	1083	2079	1886	2165	1812	2060	1789	1971	350	704	1118	1100	1687	843	32	1117	1459	1327	204	2303	1320	2090	989	1410	1995	560	406	585	449	2128	1987	1405	2176	1971	811	367	2269	365	1516	2444	1129	742	1008	1362	9999	1198	1051	1442	1454	1329	98	2216	1957	304	1711	498	467	110	674	1112	608	962	1473	164	1488	1682	2035	180	320	169	2102	1859	1080	992	387	1621	1046	1535	822	1469	2002	1207	1279	991	1921	1499	1132	1420	8	
675	1221	1153	702	1513	895	90	1060	278	1034	1311	509	1378	929	1119	1092	1537	1278	1637	665	705	951	976	1183	284	1173	153	1328	969	848	1580	833	1058	75	260	1531	510	630	1480	1409	1651	1123	421	1861	1479	334	958	1501	825	717	1650	298	1453	403	866	1198	9999	138	934	177	186	1312	1498	980	797	376	1624	1021	1098	1553	352	427	1392	158	879	1060	1057	1400	959	690	1109	1176	725	109	1341	810	356	865	425	613	1295	1636	1348	37	746	1534	1178	670	1078	1184	
830	1067	1310	761	1442	935	11	1271	379	1075	1452	706	1228	839	1136	902	1349	1044	1425	580	788	643	667	932	372	1058	361	1511	1185	753	1489	1060	1041	140	538	1322	302	573	1475	1384	1475	1008	258	1677	1269	417	713	1414	798	505	1621	76	1481	135	585	1051	138	9999	1176	227	456	1211	1383	905	588	548	1578	1032	1006	1554	557	245	1471	266	775	1292	829	1223	758	597	896	1105	719	5	1437	790	403	551	342	730	1484	1428	1482	255	905	1309	1397	873	1294	1050	
323	2148	305	1634	1436	1784	1116	62	641	731	436	290	2250	1916	1956	2063	2367	2189	2425	1000	530	1864	1873	2121	664	1338	614	278	49	1091	2368	35	1945	866	576	2359	1261	921	1148	1170	2444	2069	1541	2553	2323	640	1583	2306	881	1783	2372	1389	984	1443	1864	1442	934	1176	9999	1250	609	1387	2317	1938	1381	1222	1448	829	1209	1182	405	1178	724	1174	1138	29	2041	2275	1460	1035	1580	2077	1715	1142	648	860	1398	1788	1532	440	229	2428	482	842	266	2358	108	167	58	1401	
1038	891	1493	372	1764	544	197	1386	615	1383	1629	856	1059	579	765	793	1274	1027	1434	969	1070	889	922	952	620	1452	459	1631	1301	1148	1259	1159	691	351	477	1282	703	950	1760	1695	1413	782	207	1673	1220	675	1122	1163	1156	478	1335	255	1744	406	709	1454	177	227	1250	9999	429	1579	1168	622	1010	194	1873	1362	1398	1818	680	638	1699	19	1175	1369	804	1095	1180	994	1316	819	376	199	1659	1143	69	829	142	977	1597	1427	1662	223	1105	1311	1488	1018	1401	1450	
503	1517	921	874	1549	1076	393	760	276	964	1093	296	1646	1218	1299	1422	1803	1599	1915	778	618	1313	1334	1526	296	1281	74	1051	677	948	1794	529	1269	237	16	1802	771	720	1442	1395	1918	1416	766	2131	1762	331	1221	1722	853	1080	1810	649	1370	757	1239	1329	186	456	609	429	9999	1396	1735	1247	1024	436	1633	986	1178	1508	156	676	1245	357	995	734	1407	1679	1171	815	1323	1426	954	417	1184	837	570	1228	732	496	1006	1911	1134	95	543	1812	867	424	771	1305	
895	2132	1047	2026	115	2150	1232	1300	926	461	1059	1081	2221	2042	2280	1989	2215	1969	2147	435	672	1355	1335	1864	905	45	1191	1339	1255	271	2426	1269	2207	1102	1461	2160	752	472	369	239	2284	2137	1570	2326	2142	867	596	2391	355	1688	2533	1314	531	1208	1569	98	1312	1211	1387	1579	1396	9999	2351	2105	507	1798	273	366	77	443	1140	783	781	1589	243	1421	1850	2186	395	413	392	2226	1996	1233	822	375	1742	1281	1683	802	1357	2169	1053	1376	938	2103	1414	1103	1334	68	
2174	168	2455	832	2497	694	1408	2401	1843	2345	2529	2061	89	380	558	352	334	518	701	1991	2166	1227	1260	623	1840	2252	1757	2535	2352	2100	41	2267	456	1623	1762	456	1676	2001	2538	2496	409	199	934	792	416	1882	1830	45	2159	723	359	1206	2544	1276	911	2216	1498	1383	2317	1168	1735	2351	9999	363	1854	1258	2558	2312	2248	2566	1932	1672	2543	1243	2104	2392	545	182	1965	1997	2028	231	668	1390	2531	2156	1019	1263	877	2122	2521	641	2542	1559	2218	606	2459	2172	2409	2228	
1786	219	2140	297	2272	223	912	2053	1433	2030	2243	1645	332	21	223	285	647	591	963	1647	1793	1029	1073	618	1433	1984	1297	2241	1991	1778	430	1873	103	1149	1281	723	1321	1647	2305	2242	783	80	481	1164	658	1481	1589	339	1813	412	539	760	2307	875	705	1957	980	905	1938	622	1247	2105	363	9999	1571	689	2370	2002	1960	2361	1507	1297	2291	684	1786	2037	464	428	1699	1660	1778	64	148	900	2264	1809	458	1030	375	1740	2213	920	2273	1038	1835	837	2127	1773	2061	1966	
871	1584	1250	1532	773	1666	630	1378	602	742	1337	925	1701	1491	1801	1414	1695	1393	1624	212	677	660	644	1259	575	358	821	1525	1304	228	1959	1248	1717	612	1112	1628	134	278	967	837	1773	1596	909	1848	1600	569	85	1912	414	1031	2144	637	1069	509	876	304	797	588	1381	1010	1024	507	1854	1571	9999	1343	965	643	377	1066	891	193	1200	1049	208	1456	1243	1649	52	190	144	1723	1472	624	1201	426	1199	569	1074	737	1521	1645	1352	903	948	1561	1504	1040	1413	322	
1142	1057	1546	265	1965	439	503	1384	804	1547	1685	924	1205	694	661	1008	1469	1289	1659	1248	1234	1260	1296	1241	818	1697	567	1635	1309	1425	1319	1158	654	576	436	1502	1050	1216	1920	1865	1591	896	518	1854	1440	867	1472	1213	1391	779	1287	607	1877	775	1057	1711	376	548	1222	194	436	1798	1258	689	1343	9999	2062	1549	1634	1981	755	972	1793	139	1453	1337	1080	1277	1503	1275	1623	853	383	513	1752	1376	145	1202	379	1117	1597	1640	1722	333	1199	1550	1468	1069	1391	1704	
1050	2407	1010	2284	66	2390	1585	1318	1229	533	957	1266	2484	2320	2501	2296	2485	2288	2430	811	857	1752	1740	2200	1212	413	1466	1272	1298	639	2588	1353	2447	1441	1681	2442	1193	826	151	126	2528	2405	1899	2552	2422	1161	1071	2573	625	2032	2602	1685	330	1608	1926	498	1624	1578	1448	1873	1633	273	2558	2370	965	2062	9999	482	408	164	1371	1208	620	1871	628	1447	2188	2453	854	795	846	2474	2271	1590	683	639	2036	1690	1999	993	1303	2446	934	1656	1062	2395	1404	1240	1348	460	
372	2101	487	1829	424	1982	1023	728	549	27	526	568	2201	1944	2141	1964	2244	2009	2222	312	191	1477	1471	1905	540	350	799	790	682	248	2386	708	2087	814	1043	2203	730	283	280	221	2315	2071	1462	2406	2177	492	847	2338	107	1647	2469	1204	272	1148	1606	467	1021	1032	829	1362	986	366	2312	2002	643	1549	482	9999	226	355	677	704	348	1343	280	856	1863	2184	634	319	728	2144	1834	1035	353	105	1547	1391	1546	312	804	2239	531	1042	396	2165	849	554	767	418	
698	2016	901	1864	253	2004	1023	1132	704	331	940	866	2120	1896	2149	1864	2128	1863	2069	238	473	1245	1231	1762	681	34	966	1210	1084	104	2328	1084	2078	881	1250	2072	571	270	397	272	2197	2010	1406	2267	2049	643	517	2290	165	1551	2446	1124	515	1030	1445	110	1098	1006	1209	1398	1178	77	2248	1960	377	1634	408	226	9999	486	921	589	708	1405	86	1251	1742	2087	309	216	358	2111	1835	1026	730	181	1575	1157	1523	592	1222	2094	942	1160	747	2014	1257	900	1170	70	
843	2424	703	2233	275	2353	1550	1028	1110	355	630	1074	2504	2315	2470	2317	2517	2336	2493	805	684	1831	1819	2252	1102	547	1340	948	1020	668	2589	1100	2429	1367	1545	2487	1232	793	18	88	2554	2411	1895	2584	2467	1049	1216	2576	563	2053	2600	1686	67	1630	1985	674	1553	1554	1182	1818	1508	443	2566	2361	1066	1981	164	355	486	9999	1207	1225	307	1806	676	1165	2225	2486	992	801	1025	2468	2236	1561	372	570	1982	1771	1978	816	988	2507	604	1569	833	2446	1103	1012	1063	623	
201	1714	610	1187	1291	1380	507	505	127	646	778	54	1829	1469	1580	1607	1968	1743	2044	568	321	1372	1388	1661	147	1042	85	775	421	718	2007	298	1544	275	181	1953	704	506	1134	1094	2071	1634	964	2240	1907	150	1113	1929	581	1262	2050	780	1052	844	1359	1112	352	557	405	680	156	1140	1932	1507	891	755	1371	677	921	1207	9999	611	911	621	769	515	1567	1847	1021	606	1172	1664	1248	531	856	557	860	1280	974	203	738	2046	824	290	246	1949	625	160	521	1084	
708	1376	1162	1202	1037	1365	280	1219	341	774	1284	690	1516	1214	1539	1196	1562	1244	1548	227	576	616	620	1113	319	624	489	1423	1131	362	1770	1045	1446	273	769	1510	17	251	1124	1013	1657	1356	598	1787	1471	335	342	1715	454	785	1924	334	1171	255	721	608	427	245	1178	638	676	783	1672	1297	193	972	1208	704	589	1225	611	9999	1226	671	371	1278	1057	1483	342	231	477	1479	1146	274	1206	455	837	519	736	581	1407	1566	1309	535	795	1462	1350	837	1248	610	
527	2396	247	2112	693	2234	1450	546	923	262	165	750	2479	2251	2374	2298	2523	2350	2518	836	483	1904	1902	2276	922	831	1106	446	555	776	2574	668	2342	1217	1268	2502	1263	787	315	398	2561	2362	1826	2593	2477	871	1393	2550	579	2027	2592	1634	137	1612	2008	962	1392	1471	724	1699	1245	781	2543	2291	1200	1793	620	348	708	307	911	1226	9999	1667	811	686	2224	2471	1185	848	1265	2404	2134	1463	13	569	1842	1826	1883	558	485	2528	145	1369	484	2476	606	640	577	905	
989	978	1442	385	1767	564	221	1318	584	1357	1582	798	1136	654	794	882	1360	1121	1523	977	1035	982	1016	1053	592	1463	410	1574	1236	1157	1325	1089	733	338	398	1372	743	951	1750	1686	1494	858	295	1746	1311	647	1177	1230	1147	572	1379	325	1726	474	810	1473	158	266	1174	19	357	1589	1243	684	1049	139	1871	1343	1405	1806	621	671	1667	9999	1188	1298	897	1184	1218	1002	1354	876	417	230	1627	1134	92	910	213	936	1536	1512	1619	169	1055	1407	1424	954	1328	1466	
614	1838	911	1693	462	1821	795	1099	523	376	985	741	1954	1725	1982	1696	1973	1707	1922	76	402	1052	1039	1596	501	129	780	1220	1034	6	2188	1007	1902	666	1077	1913	360	115	578	456	2056	1827	1179	2142	1884	468	380	2143	114	1344	2318	892	669	802	1242	164	879	775	1138	1175	995	243	2104	1786	208	1453	628	280	86	676	769	371	811	1188	9999	1204	1569	1919	195	59	293	1936	1663	798	819	126	1374	957	1308	494	1223	1943	997	953	678	1857	1232	812	1132	144	
391	2224	269	1733	1451	1874	1236	36	748	754	382	389	2324	2012	2050	2151	2435	2268	2488	1078	590	1947	1955	2199	768	1384	735	185	53	1150	2438	92	2043	983	700	2427	1355	1001	1139	1175	2508	2154	1640	2582	2397	741	1648	2380	937	1873	2440	1496	963	1540	1952	1488	1060	1292	29	1369	734	1421	2392	2037	1456	1337	1447	856	1251	1165	515	1278	686	1298	1204	9999	2121	2347	1527	1108	1637	2160	1801	1260	608	912	1509	1869	1636	514	144	2492	423	961	323	2424	39	251	23	1444	
1779	239	2143	835	2059	843	875	2116	1406	1914	2232	1690	337	372	877	85	335	79	430	1460	1735	460	495	52	1395	1736	1364	2285	2052	1571	695	1951	711	1133	1465	300	1040	1484	2164	2084	451	343	432	705	251	1434	1190	663	1672	161	1049	606	2200	613	187	1682	1057	829	2041	804	1407	1850	545	464	1243	1080	2188	1863	1742	2225	1567	1057	2224	897	1569	2121	9999	264	1367	1460	1430	552	638	852	2208	1673	760	502	504	1707	2265	421	2254	1167	1839	311	2196	1809	2128	1704	
2081	84	2388	908	2353	839	1258	2348	1738	2219	2466	1977	42	388	773	146	82	186	378	1811	2051	898	934	294	1732	2082	1677	2495	2294	1920	311	2205	625	1504	1723	157	1474	1829	2436	2369	175	224	780	528	117	1766	1609	317	2009	509	708	1018	2457	1054	610	2035	1400	1223	2275	1095	1679	2186	182	428	1649	1277	2453	2184	2087	2486	1847	1483	2471	1184	1919	2347	264	9999	1754	1812	1795	397	719	1238	2451	2008	990	954	783	2013	2473	330	2486	1484	2135	278	2413	2100	2355	2051	
949	1703	1288	1674	656	1790	804	1441	733	743	1358	1034	1799	1623	1933	1533	1783	1499	1699	277	740	756	735	1374	707	257	962	1563	1376	228	2070	1332	1833	772	1259	1717	278	344	893	756	1854	1719	1079	1919	1693	693	77	2029	432	1178	2241	807	1021	666	1003	180	959	758	1460	1180	1171	395	1965	1699	52	1503	854	634	309	992	1021	342	1185	1218	195	1527	1367	1754	9999	244	44	1835	1613	797	1197	448	1362	677	1238	822	1563	1727	1370	1069	1023	1641	1560	1127	1473	210	
513	1736	876	1542	633	1692	610	1018	359	399	968	600	1844	1594	1843	1583	1879	1613	1848	3	323	970	964	1506	338	285	597	1169	943	44	2091	893	1773	483	892	1825	240	25	701	586	1972	1720	1019	2083	1796	312	394	2038	111	1211	2215	733	757	655	1125	320	690	597	1035	994	815	413	1997	1660	190	1275	795	319	216	801	606	231	848	1002	59	1108	1460	1812	244	9999	374	1805	1520	615	843	117	1200	875	1138	391	1166	1869	988	764	582	1784	1152	689	1054	299	
1090	1758	1402	1772	640	1886	945	1557	888	845	1458	1183	1855	1705	2024	1596	1811	1537	1715	409	874	795	767	1423	864	275	1117	1657	1500	337	2125	1463	1923	924	1412	1745	406	477	930	791	1884	1784	1191	1928	1728	851	99	2091	541	1265	2301	926	1078	781	1067	169	1109	896	1580	1316	1323	392	2028	1778	144	1623	846	728	358	1025	1172	477	1265	1354	293	1637	1430	1795	44	374	9999	1914	1710	935	1283	558	1486	724	1351	958	1661	1744	1464	1221	1158	1668	1666	1272	1585	211	
1935	213	2266	416	2385	292	1114	2180	1602	2164	2361	1794	273	120	198	346	610	641	966	1797	1945	1175	1217	696	1603	2123	1477	2355	2123	1925	271	2019	102	1342	1452	713	1501	1798	2420	2364	732	85	673	1125	652	1643	1735	174	1974	565	360	955	2421	1069	852	2102	1176	1105	2077	819	1426	2226	231	64	1723	853	2474	2144	2111	2468	1664	1479	2404	876	1936	2160	552	397	1835	1805	1914	9999	287	1103	2379	1967	639	1188	559	1883	2331	913	2386	1230	1991	846	2245	1918	2186	2113	
1581	493	1941	61	2166	96	711	1824	1203	1855	2064	1418	629	165	225	501	939	822	1223	1505	1611	1072	1109	811	1206	1871	1030	2051	1769	1643	730	1649	155	914	981	1000	1193	1496	2181	2120	1084	336	381	1438	930	1258	1529	624	1673	452	756	628	2171	774	774	1859	725	719	1715	376	954	1996	668	148	1472	383	2271	1834	1835	2236	1248	1146	2134	417	1663	1801	638	719	1613	1520	1710	287	9999	704	2102	1664	200	1047	223	1535	2019	1190	2099	759	1635	1089	1906	1552	1834	1862	
809	1078	1293	736	1459	912	2	1245	364	1075	1435	679	1237	838	1119	917	1371	1072	1450	596	779	687	713	962	358	1082	328	1490	1156	772	1492	1029	1028	122	498	1343	338	586	1482	1394	1496	1012	266	1700	1293	404	755	1416	806	523	1615	101	1482	168	622	1080	109	5	1142	199	417	1233	1390	900	624	513	1590	1035	1026	1561	531	274	1463	230	798	1260	852	1238	797	615	935	1103	704	9999	1431	798	377	600	337	716	1461	1454	1469	212	885	1336	1368	847	1265	1077	
470	2375	178	2068	749	2202	1416	475	879	259	116	686	2460	2222	2345	2282	2513	2333	2514	826	445	1896	1893	2257	880	857	1055	381	486	780	2565	592	2308	1173	1207	2492	1249	771	373	447	2553	2339	1800	2590	2463	831	1399	2539	573	2003	2586	1609	190	1590	1994	992	1341	1437	648	1659	1184	822	2531	2264	1201	1752	683	353	730	372	856	1206	13	1627	819	608	2208	2451	1197	843	1283	2379	2102	1431	9999	561	1802	1816	1849	516	416	2519	100	1320	425	2464	533	570	505	932	
353	1909	627	1671	525	1808	787	810	382	160	705	500	2033	1759	1979	1775	2077	1808	2057	108	157	1244	1239	1718	366	296	628	927	744	94	2233	726	1909	595	899	2034	482	80	485	398	2157	1882	1232	2258	2000	322	633	2184	0	1436	2342	954	506	893	1385	387	810	790	860	1143	837	375	2156	1809	426	1376	639	105	181	570	557	455	569	1134	126	912	1673	2008	448	117	558	1967	1664	798	561	9999	1345	1145	1330	253	929	2073	719	850	406	1988	939	539	846	344	
1229	773	1642	187	1919	355	378	1531	821	1565	1772	1036	928	436	556	703	1187	978	1394	1176	1266	976	1015	921	827	1623	638	1758	1457	1347	1099	1318	498	540	605	1214	890	1157	1916	1846	1326	636	240	1622	1144	878	1298	996	1357	467	1144	386	1897	538	747	1621	356	403	1398	69	570	1742	1019	458	1199	145	2036	1547	1575	1982	860	837	1842	92	1374	1509	760	990	1362	1200	1486	639	200	377	1802	1345	9999	921	116	1173	1729	1374	1798	384	1290	1263	1619	1193	1538	1620	
