NAME: kroB200Preorder
TYPE: ATSP
DIMENSION: 200
EDGE_WEIGHT_TYPE: EXPLICIT
EDGE_WEIGHT_FORMAT: FULL_MATRIX 
EDGE_WEIGHT_SECTION
9999	2536	486	1946	1305	2169	1068	518	452	519	659	202	2717	2237	2424	2373	2870	2519	2929	720	197	1917	1925	2393	464	1121	599	751	429	818	2988	377	2367	775	781	2834	1066	636	1061	1037	3017	2449	1610	3241	2777	414	1425	2884	592	1926	3076	1354	940	1374	1977	1236	945	1114	529	1351	747	1195	2874	2295	1164	1472	1364	589	971	1129	376	982	776	1296	877	611	2285	2723	1253	759	1409	2509	2002	1093	710	566	1565	1804	1656	95	729	2940	702	903	50	2809	674	169	555	1186	1083	3074	2165	1987	2404	2104	369	416	2529	2606	762	2563	1299	1488	1222	1429	985	1978	2891	2301	2690	736	338	1121	2267	2842	1084	2726	731	3092	1109	1274	1488	728	2858	490	2834	562	1554	2100	1223	426	1745	2123	1380	437	2538	3169	1109	1012	2925	474	2317	1483	2699	2921	1028	637	1945	2313	264	2668	1383	1766	1320	480	453	1483	942	950	1848	876	1490	123	487	739	1623	1098	1334	873	731	2001	2128	1129	1839	1382	2848	1214	800	936	1490	2925	2132	1095	2981	1409	1332	1177	1169	3034	
2536	9999	3067	950	3092	869	1417	2975	2033	2812	3223	2369	126	349	819	176	448	460	819	2210	2508	1181	1224	545	2028	2629	1925	3258	2879	2371	491	2725	644	1706	1969	541	1741	2227	3215	3096	602	157	873	1030	468	2084	1977	442	2479	610	878	1165	3246	1233	825	2566	1557	1382	2831	1191	1914	2807	331	402	2007	1371	3277	2752	2624	3306	2184	1739	3253	1285	2375	2965	426	198	2167	2216	2254	394	737	1394	3219	2476	1055	1220	844	2444	3222	768	3261	1654	2622	679	3097	2550	2993	2590	2496	833	410	959	384	393	2412	2362	28	202	2849	863	2232	1195	1491	1113	3020	507	679	255	522	3257	2703	2096	287	253	2150	840	3224	998	1621	3041	1266	2409	968	2864	732	2451	1343	411	1849	2901	1020	869	1431	2120	634	797	3300	2538	811	2285	598	1201	116	640	1834	3197	566	794	2259	703	1223	797	1257	2408	2749	1213	1605	3226	1147	1960	1493	2428	2734	1808	1042	1558	2166	1682	2359	666	392	1793	646	1105	259	2126	3025	3009	1205	476	1018	2961	611	1073	3229	3321	1581	870	
486	3067	9999	2447	1350	2667	1616	307	1001	602	132	676	3232	2767	2917	2908	3368	3052	3408	1140	598	2430	2432	2924	1011	1354	1123	282	322	1162	3454	465	2873	1323	1229	3332	1565	1065	958	1014	3486	2978	2157	3642	3284	959	1846	3371	911	2469	3516	1902	748	1915	2509	1497	1483	1662	507	1883	1224	1360	3367	2819	1593	1955	1320	729	1201	977	873	1492	434	1819	1214	462	2822	3238	1636	1170	1767	3029	2518	1641	347	890	2087	2320	2197	601	297	3422	182	1422	397	3306	388	508	340	1436	1367	3531	2704	2512	2937	2644	727	836	3062	3126	850	3055	1664	1999	1746	1976	1003	2517	3382	2831	3190	327	521	1530	2799	3338	1481	3206	296	3542	1591	1341	1987	1065	3342	422	3329	900	2069	2640	1683	370	2279	2649	1863	962	3046	3602	953	1278	3404	918	2847	2019	3216	3392	1467	107	2489	2836	778	3183	1923	2312	1845	858	511	1992	1483	784	2367	1305	1991	605	558	1257	2162	1598	1715	1392	1089	2522	2668	1609	2383	1926	3345	1609	761	948	2024	3412	2649	1170	3444	1955	1308	1034	1650	3494	
1946	950	2447	9999	2897	164	1016	2261	1509	2383	2631	1715	1098	542	418	966	1458	1327	1780	1928	2013	1559	1604	1312	1518	2470	1286	2581	2171	2127	1168	2000	402	1209	1181	1529	1597	1906	2888	2797	1615	748	729	2033	1452	1579	2032	1044	2136	881	1117	984	2856	1163	1244	2464	976	1042	2074	589	1168	2638	1117	496	1937	457	3058	2366	2410	2981	1519	1535	2767	604	2155	2212	1120	1209	2127	1951	2272	643	161	1014	2707	2123	357	1521	520	1900	2529	1743	2681	983	2014	1629	2366	1882	2269	2464	2346	1830	962	1391	1186	806	1684	1951	901	842	2506	561	2205	397	1395	1010	2718	598	1657	636	768	2735	2231	2002	607	1162	2035	730	2533	1973	805	2845	402	2125	1872	2128	1680	2098	1476	842	1809	2401	1255	1405	544	1667	572	1810	2969	2355	1772	1893	1301	1237	1108	994	976	2562	821	1466	1624	1590	1156	953	584	2024	2004	400	1289	2847	1478	1132	1596	1791	1977	1145	1159	791	2162	1012	2080	247	867	1697	704	698	1173	2072	2645	2691	1249	1489	1547	2719	1085	726	3011	3014	749	1852	
1305	3092	1350	2897	9999	3090	1836	1679	1437	742	1323	1536	3238	2943	3295	2880	3230	2857	3116	923	1068	2021	1997	2708	1416	421	1728	1670	1643	723	3547	1689	3195	1666	2032	3143	1325	950	402	284	3326	3092	2272	3397	3109	1364	1160	3488	754	2444	3677	1954	636	1837	2286	515	1908	1819	1813	2261	1958	244	3432	3038	1055	2554	169	653	440	468	1639	1350	966	2266	701	1829	2692	3183	922	899	906	3235	2864	1840	1028	774	2488	1932	2421	1220	1701	3158	1305	1968	1331	3051	1794	1529	1720	474	556	3283	2644	2205	2795	2663	1732	975	3110	3241	482	3416	876	2479	1572	1977	286	2640	3144	2970	3404	1089	911	963	2944	3359	907	3519	1698	3227	2250	24	2520	728	2968	1742	3056	794	1737	2639	1215	940	2055	2343	2477	1245	3331	3417	484	513	3116	1003	2622	1856	3208	3576	2257	1460	2496	2518	1531	2888	1847	2262	2279	888	1765	2484	1566	583	2005	2138	1593	1467	1809	1850	2015	2193	951	1947	771	2826	2656	1264	2460	2171	3362	949	527	340	1852	3281	2263	152	3593	2161	119	431	2301	3214	
2169	869	2667	164	3090	9999	1219	2477	1730	2597	2850	1939	992	491	197	935	1379	1306	1736	2132	2234	1658	1704	1317	1738	2664	1509	2799	2391	2330	996	2220	217	1425	1402	1469	1782	2114	3092	3002	1528	654	872	1962	1394	1799	2197	870	2347	953	899	1155	3065	1324	1320	2651	1195	1238	2292	801	1391	2834	967	406	2117	673	3242	2578	2607	3183	1743	1727	2982	823	2355	2426	1129	1124	2306	2154	2442	489	214	1215	2925	2335	568	1633	672	2121	2746	1691	2897	1206	2237	1589	2579	2104	2485	2654	2535	1765	984	1473	1175	832	1906	2167	811	711	2717	338	2382	620	1569	1170	2925	651	1603	577	577	2952	2448	2186	556	1033	2223	507	2750	1923	1027	3042	625	2331	1852	2346	1641	2311	1616	872	1984	2618	1368	1466	762	1884	368	1721	3173	2549	1728	2106	1320	1384	1010	792	1192	2782	888	1500	1848	1571	1316	1059	803	2237	2222	624	1489	3059	1583	1350	1745	2015	2195	1369	1288	1015	2337	1235	2286	293	891	1877	797	888	1045	2253	2858	2898	1396	1403	1615	2921	890	908	3200	3210	970	1797	
1068	1417	1616	1016	1836	1219	9999	1557	555	1374	1787	921	1600	1140	1453	1245	1761	1416	1858	851	1041	990	1018	1297	548	1398	505	1851	1457	1050	1901	1311	1350	233	711	1732	555	836	1858	1749	1914	1342	481	2194	1669	606	1050	1801	1078	799	2059	251	1855	362	916	1399	205	39	1442	371	613	1569	1774	1215	896	747	2008	1334	1334	1959	751	474	1828	404	1077	1575	1169	1602	1087	873	1248	1440	986	11	1783	1069	597	891	559	969	1816	1862	1829	362	1157	1723	1701	1108	1581	1394	1272	1999	1039	973	1288	975	1011	918	1413	1507	1461	1599	1166	611	430	337	1667	858	1804	1193	1636	1825	1246	948	1161	1730	975	1740	1819	2043	584	1781	676	1052	1820	1459	1756	1044	694	971	796	1444	723	1088	693	652	1517	2083	1949	1278	1854	848	1226	497	1579	1869	749	1764	815	1261	805	1594	365	653	408	979	1352	621	214	1839	902	769	737	971	1348	439	579	487	1136	373	1006	956	998	666	709	286	1736	1030	1621	1644	510	1815	1145	1655	1918	295	1957	1986	604	1965	
518	2975	307	2261	1679	2477	1557	9999	980	890	454	573	3147	2642	2729	2835	3320	3016	3398	1292	738	2476	2486	2898	999	1616	1007	266	54	1363	3350	202	2705	1266	1018	3297	1643	1208	1313	1354	3443	2863	2080	3637	3242	962	2001	3253	1118	2413	3374	1863	1112	1911	2505	1748	1374	1616	162	1750	1041	1650	3265	2681	1741	1748	1670	1006	1461	1340	749	1555	804	1670	1420	102	2777	3171	1818	1328	1967	2884	2359	1585	716	1094	1932	2365	2086	667	214	3402	506	1281	427	3288	102	388	14	1691	1605	3512	2646	2527	2892	2568	522	981	2960	3010	1152	2862	1859	1825	1784	1944	1332	2420	3357	2715	3047	693	758	1693	2681	3249	1653	3031	218	3539	1394	1663	1798	1267	3352	89	3315	1097	2119	2569	1804	677	2287	2659	1658	1010	2875	3576	1316	1523	3393	1048	2827	2028	3133	3256	1236	316	2423	2840	691	3174	1918	2271	1697	1030	204	1815	1483	1146	2405	1074	2063	534	240	1122	2157	1420	1899	1252	1280	2376	2599	1709	2305	1829	3257	1783	1097	1277	2035	3363	2680	1487	3321	1867	1654	1397	1450	3483	
452	2033	1001	1509	1437	1730	555	980	9999	814	1170	357	2216	1742	1981	1862	2368	2013	2432	533	444	1444	1457	1885	10	1094	233	1253	881	721	2503	759	1905	268	558	2331	653	466	1344	1265	2514	1952	1098	2767	2272	32	1110	2402	620	1410	2623	840	1297	870	1472	1157	472	598	907	878	469	1229	2384	1807	864	1087	1565	808	978	1436	267	550	1226	843	772	1027	1772	2218	1011	573	1186	2030	1536	579	1175	601	1105	1332	1157	353	1223	2442	1211	484	544	2309	1132	531	1010	1127	1002	2580	1651	1493	1892	1592	519	404	2029	2114	964	2126	1078	1053	750	916	1192	1472	2393	1801	2219	1214	661	858	1768	2344	846	2283	1226	2607	755	1390	1074	671	2371	904	2336	580	1087	1587	866	844	1245	1626	1001	135	2078	2677	1421	967	2429	372	1808	986	2196	2451	764	1152	1430	1812	248	2168	877	1252	864	488	816	1052	440	1290	1369	663	1049	382	826	351	1118	708	1087	459	642	1524	1614	744	1327	880	2351	959	1088	1156	994	2422	1647	1233	2507	902	1520	1472	809	2538	
519	2812	602	2383	742	2597	1374	890	814	9999	646	771	2982	2567	2842	2617	3066	2694	3050	606	326	1960	1954	2551	805	690	1070	944	844	552	3281	884	2760	1122	1325	3005	1096	558	488	455	3190	2760	1898	3349	2956	743	1254	3197	323	2161	3415	1596	422	1548	2116	835	1347	1390	1009	1747	1270	700	3166	2643	1021	1956	783	78	538	568	912	1056	452	1719	594	1034	2482	2958	1022	622	1132	2862	2399	1390	448	314	1977	1851	1996	471	961	3071	653	1356	531	2945	1018	734	931	773	713	3203	2392	2085	2596	2365	951	396	2816	2922	203	2982	1037	1929	1324	1650	408	2284	3040	2615	3052	512	124	943	2585	3108	886	3125	959	3190	1609	719	1950	461	2941	940	2964	334	1607	2353	1143	172	1873	2230	1868	663	2927	3314	551	622	3048	474	2469	1622	2957	3260	1567	743	2196	2421	796	2795	1558	1982	1739	353	960	1929	1155	413	1911	1427	1499	695	1004	1208	1781	1576	1096	1330	499	2381	2375	1104	2118	1720	3114	1006	226	356	1624	3117	2199	541	3299	1730	753	610	1666	3152	
659	3223	132	2631	1323	2850	1787	454	1170	646	9999	863	3379	2941	3093	3071	3497	3195	3527	1249	733	2562	2563	3073	1178	1391	1307	294	491	1244	3591	646	3056	1496	1418	3461	1697	1179	896	979	3602	3145	2330	3693	3420	1124	1941	3514	997	2632	3636	2066	668	2070	2660	1539	1663	1830	670	2065	1413	1373	3508	2994	1695	2144	1263	775	1243	896	1060	1631	326	2004	1292	601	2979	3382	1720	1275	1839	3195	2701	1812	246	979	2272	2453	2374	761	337	3540	20	1607	575	3436	491	697	479	1477	1422	3630	2866	2656	3090	2814	917	957	3219	3285	865	3222	1740	2185	1890	2138	982	2691	3505	3004	3349	201	612	1626	2971	3479	1573	3367	334	3636	1781	1321	2175	1148	3458	585	3450	993	2206	2808	1797	421	2427	2795	2051	1115	3212	3674	872	1330	3525	1042	2998	2169	3363	3538	1657	101	2654	2980	962	3313	2079	2472	2030	966	686	2178	1642	712	2504	1494	2120	790	731	1442	2317	1786	1796	1577	1178	2704	2834	1732	2551	2102	3486	1698	740	929	2174	3540	2788	1161	3580	2130	1258	954	1839	3603	
202	2369	676	1715	1536	1939	921	573	357	771	863	9999	2548	2045	2195	2218	2733	2396	2824	821	405	1864	1877	2277	381	1301	388	871	474	962	2802	340	2149	629	521	2707	1061	737	1319	1286	2881	2266	1451	3145	2644	358	1485	2694	770	1782	2867	1226	1203	1278	1877	1399	753	980	487	1147	495	1397	2695	2094	1228	1227	1611	827	1159	1389	138	963	1029	1080	1020	609	2152	2567	1347	862	1515	2311	1786	950	959	744	1349	1752	1471	254	833	2829	912	683	243	2695	721	129	600	1355	1242	2962	2021	1906	2272	1947	150	558	2358	2421	1001	2337	1404	1260	1170	1308	1229	1802	2776	2114	2483	979	589	1203	2079	2670	1177	2502	835	2999	863	1500	1252	883	2771	486	2725	734	1507	1947	1256	689	1656	2035	1135	444	2325	3048	1370	1182	2819	586	2203	1399	2532	2716	768	806	1794	2219	67	2561	1285	1636	1106	639	396	1254	856	1212	1787	614	1467	40	408	518	1524	861	1427	653	873	1792	1975	1143	1677	1205	2678	1301	1056	1182	1408	2785	2062	1325	2783	1239	1576	1436	922	2927	
2717	126	3232	1098	3238	992	1600	3147	2216	2982	3379	2548	9999	510	902	323	347	501	765	2380	2688	1304	1344	620	2210	2787	2108	3411	3058	2535	368	2902	742	1889	2149	477	1909	2400	3361	3248	481	287	1056	926	415	2267	2122	359	2649	781	819	1343	3394	1405	960	2720	1741	1564	3008	1373	2095	2961	204	539	2165	1539	3413	2924	2787	3445	2366	1911	3403	1466	2537	3136	544	114	2321	2385	2399	466	892	1576	3373	2647	1231	1353	1027	2622	3378	704	3414	1837	2803	642	3263	2732	3164	2745	2653	741	565	1083	471	570	2591	2536	148	235	3018	921	2382	1369	1659	1289	3176	691	616	418	535	3408	2877	2256	453	90	2311	863	3381	925	1799	3187	1437	2575	945	3042	693	2622	1494	584	2006	3072	1170	978	1602	2301	693	670	3442	2700	756	2459	688	1365	15	589	2010	3355	741	875	2439	706	1394	966	1437	2580	2927	1387	1784	3377	1278	2138	1643	2607	2912	1992	1204	1738	2316	1865	2526	828	563	1957	828	1288	93	2282	3184	3168	1368	359	1120	3115	531	1256	3369	3458	1757	796	
2237	349	2767	542	2943	491	1140	2642	1742	2567	2941	2045	510	9999	522	381	854	753	1187	2007	2240	1220	1267	772	1741	2484	1595	2951	2546	2187	706	2386	338	1412	1600	927	1575	2011	3024	2908	1011	172	628	1430	851	1801	1901	600	2262	518	892	946	3035	1066	858	2442	1232	1124	2484	838	1554	2660	599	71	1880	967	3124	2522	2456	3118	1853	1549	3009	920	2200	2620	589	607	2056	2020	2170	256	326	1123	2962	2255	670	1222	522	2156	2908	1145	2984	1307	2319	1037	2765	2227	2657	2456	2351	1227	464	1011	624	330	2066	2117	306	317	2638	619	2128	803	1332	921	2827	251	1058	49	460	3000	2444	1962	29	600	2010	675	2911	1376	1239	2887	867	2211	1299	2521	1089	2230	1274	370	1728	2635	974	973	1031	1855	426	1206	3108	2382	1178	2043	785	1077	514	679	1446	2899	451	974	1938	1018	1056	681	892	2173	2405	819	1368	3018	1160	1581	1418	2111	2387	1469	940	1186	2071	1337	2162	257	379	1648	438	799	610	2010	2805	2811	1085	886	1128	2791	717	783	3076	3141	1194	1253	
2424	819	2917	418	3295	197	1453	2729	1981	2842	3093	2195	902	522	9999	943	1309	1310	1701	2363	2482	1784	1831	1349	1988	2881	1765	3047	2642	2554	812	2473	128	1671	1659	1420	1995	2350	3308	3221	1446	606	1059	1891	1349	2049	2385	689	2582	1072	648	1359	3287	1518	1429	2863	1446	1466	2540	1046	1648	3052	817	406	2324	928	3440	2820	2832	3390	2001	1947	3216	1076	2578	2676	1172	1055	2507	2384	2636	373	408	1446	3166	2571	815	1773	874	2374	2995	1648	3141	1462	2490	1561	2829	2360	2735	2867	2754	1702	1049	1583	1194	909	2162	2410	755	605	2952	93	2581	876	1772	1363	3151	770	1559	584	382	3189	2696	2396	576	911	2434	251	2999	1877	1284	3247	883	2560	1844	2596	1613	2546	1785	950	2184	2866	1513	1555	1018	2131	169	1632	3381	2772	1692	2349	1368	1563	930	568	1446	3031	1004	1559	2104	1570	1510	1205	1054	2477	2474	881	1719	3280	1716	1605	1921	2272	2446	1625	1451	1272	2531	1491	2515	460	962	2084	941	1114	923	2456	3091	3126	1574	1324	1709	3141	676	1126	3399	3416	1227	1748	
2373	176	2908	966	2880	935	1245	2835	1862	2617	3071	2218	323	381	943	9999	481	310	752	2001	2330	946	989	348	1854	2410	1778	3123	2738	2157	726	2585	758	1539	1855	513	1524	2023	3025	2894	643	300	705	1022	437	1909	1743	677	2277	401	1104	973	3065	1022	589	2344	1412	1202	2700	1075	1791	2585	564	480	1781	1318	3080	2553	2410	3121	2035	1528	3084	1178	2159	2835	199	295	1938	2005	2022	558	745	1220	3054	2276	977	984	722	2272	3087	717	3106	1522	2460	600	2967	2403	2855	2368	2276	815	183	723	191	211	2277	2169	218	414	2646	1014	2002	1124	1274	913	2814	391	633	301	722	3092	2516	1871	318	466	1926	1021	3090	945	1526	2825	1206	2199	855	2729	651	2251	1112	214	1621	2720	787	639	1366	1936	792	833	3116	2323	744	2088	384	979	291	866	1744	3052	370	582	2103	573	1012	584	1150	2211	2614	1143	1413	3044	910	1858	1261	2273	2604	1670	818	1454	1936	1549	2150	659	188	1571	479	958	469	1899	2826	2805	982	528	790	2749	844	918	3030	3137	1492	827	
2870	448	3368	1458	3230	1379	1761	3320	2368	3066	3497	2733	347	854	1309	481	9999	338	371	2436	2810	1205	1237	491	2357	2779	2307	3555	3234	2570	681	3096	1143	2054	2395	105	1949	2469	3395	3278	107	662	1233	521	90	2409	2067	721	2716	898	1175	1469	3447	1481	927	2694	1945	1710	3206	1619	2330	2949	541	913	2157	1853	3414	2995	2801	3481	2557	1973	3489	1722	2563	3324	542	195	2290	2434	2342	873	1242	1734	3462	2718	1519	1282	1266	2764	3528	304	3527	2060	2959	279	3434	2914	3336	2727	2648	331	659	1005	423	746	2800	2633	505	644	3067	1331	2343	1664	1708	1398	3204	935	223	759	942	3504	2983	2250	789	395	2310	1269	3531	517	2070	3180	1743	2623	577	3228	321	2695	1475	739	1999	3178	1168	871	1905	2424	1104	294	3478	2706	362	2550	578	1407	317	962	2287	3487	886	709	2618	402	1471	1059	1694	2665	3127	1683	1898	3430	1207	2399	1616	2783	3117	2204	1246	1998	2272	2087	2575	1166	709	1975	1013	1494	385	2259	3239	3202	1406	23	979	3127	881	1450	3370	3489	2035	387	
2519	460	3052	1327	2857	1306	1416	3016	2013	2694	3195	2396	501	753	1310	310	338	9999	412	2048	2442	808	842	98	2000	2386	1976	3277	2920	2180	928	2778	1127	1707	2101	261	1555	2084	3052	2913	461	649	917	726	211	2049	1668	922	2333	567	1378	1112	3115	1101	529	2301	1623	1357	2901	1339	2026	2558	764	851	1757	1637	3066	2615	2409	3151	2228	1584	3174	1449	2172	3032	192	356	1890	2044	1945	907	1106	1387	3148	2335	1285	882	997	2406	3247	396	3227	1752	2610	263	3150	2578	3040	2334	2255	523	349	605	93	485	2479	2258	523	721	2687	1372	1944	1432	1317	1034	2831	703	328	672	1045	3192	2612	1851	689	624	1910	1361	3249	609	1802	2802	1520	2236	484	2921	307	2313	1075	461	1598	2821	773	473	1674	2054	1146	611	3148	2314	405	2173	180	1018	456	1144	2021	3189	577	327	2281	204	1092	700	1422	2287	2816	1452	1527	3087	807	2118	1215	2441	2811	1885	860	1721	1873	1777	2187	1018	431	1577	721	1186	621	1859	2873	2829	1016	396	591	2746	1094	1136	3016	3160	1775	505	
2929	819	3408	1780	3116	1736	1858	3398	2432	3050	3527	2824	765	1187	1701	752	371	412	9999	2400	2831	1070	1089	501	2418	2664	2421	3608	3316	2506	1113	3194	1526	2143	2559	227	1911	2444	3333	3205	326	1035	1382	282	292	2463	1923	1155	2682	1033	1609	1548	3412	1507	905	2560	2078	1794	3307	1811	2483	2829	975	1269	2058	2109	3315	2962	2708	3426	2663	1957	3483	1921	2491	3419	661	597	2163	2391	2185	1272	1559	1828	3463	2688	1759	1170	1472	2809	3588	32	3552	2213	3020	97	3514	3001	3421	2602	2538	132	823	920	558	959	2916	2632	883	1052	3015	1738	2206	1906	1691	1465	3131	1175	96	1097	1363	3511	2986	2152	1121	828	2213	1691	3589	138	2274	3065	1994	2571	170	3321	58	2666	1402	936	1907	3183	1144	776	2148	2455	1509	319	3425	2607	1	2547	569	1405	727	1396	2488	3532	1048	583	2708	207	1499	1145	1895	2651	3231	1927	1940	3385	1103	2579	1525	2863	3228	2338	1259	2191	2131	2236	2524	1474	905	1912	1194	1652	819	2142	3195	3135	1400	390	824	3035	1315	1599	3269	3429	2248	63	
720	2210	1140	1928	923	2132	851	1292	533	606	1249	821	2380	2007	2363	2001	2436	2048	2400	9999	495	1291	1285	1902	505	513	819	1469	1209	146	2728	1154	2255	692	1152	2365	432	41	981	855	2565	2182	1316	2734	2320	473	649	2642	227	1539	2935	999	1033	916	1459	562	932	839	1309	1276	1060	669	2587	2096	391	1589	1095	514	425	1088	827	410	1121	1284	186	1394	1842	2342	471	14	633	2319	1897	857	1110	233	1508	1181	1451	572	1464	2427	1270	1011	804	2299	1446	922	1331	536	410	2569	1763	1420	1957	1755	1026	250	2222	2350	591	2506	522	1500	671	1038	770	1702	2395	2042	2515	1170	575	339	2015	2517	302	2640	1464	2550	1300	869	1547	146	2287	1273	2316	212	939	1737	485	781	1214	1565	1513	348	2417	2701	1082	387	2398	186	1816	972	2352	2738	1347	1301	1582	1757	755	2140	926	1355	1296	222	1228	1506	586	1004	1242	1257	830	791	1255	917	1134	1234	552	993	101	1862	1758	435	1524	1191	2521	430	778	755	972	2494	1531	742	2773	1185	1043	1106	1348	2508	
197	2508	598	2013	1068	2234	1041	738	444	326	733	405	2688	2240	2482	2330	2810	2442	2831	495	9999	1776	1778	2308	440	863	683	916	660	568	2985	631	2409	768	938	2758	904	414	876	826	2947	2441	1580	3157	2704	379	1206	2887	335	1871	3109	1296	799	1282	1877	978	979	1070	780	1385	881	941	2864	2309	948	1572	1148	361	714	957	526	835	724	1348	626	850	2215	2678	1018	529	1168	2525	2041	1061	680	310	1611	1663	1656	98	908	2848	765	975	261	2716	890	423	778	928	827	2987	2108	1869	2334	2065	604	186	2508	2603	535	2624	1058	1555	1094	1361	765	1962	2807	2295	2714	725	160	895	2263	2818	853	2780	908	2993	1221	1033	1570	475	2743	733	2739	307	1412	2056	1027	340	1637	2011	1482	332	2578	3092	940	754	2828	260	2227	1376	2665	2942	1178	761	1899	2202	412	2568	1292	1700	1370	232	709	1553	860	797	1714	1040	1330	338	744	823	1527	1191	1099	947	482	2030	2081	948	1807	1379	2824	983	612	720	1381	2863	2003	857	2996	1396	1111	999	1279	2938	
1917	1181	2430	1559	2021	1658	990	2476	1444	1960	2562	1864	1304	1220	1784	946	1205	808	1070	1291	1776	9999	16	656	1422	1544	1524	2721	2381	1385	1728	2265	1608	1218	1764	1094	812	1345	2261	2110	1306	1272	794	1405	1066	1456	803	1686	1576	649	2103	713	2360	566	304	1445	1255	909	2410	1187	1665	1716	1563	1341	927	1605	2243	1863	1585	2368	1735	879	2470	1289	1366	2527	698	1198	1036	1277	1077	1507	1387	960	2456	1584	1283	64	997	1779	2700	1107	2591	1413	2013	987	2626	2036	2507	1484	1415	1252	728	162	777	830	2004	1553	1224	1414	1907	1896	1084	1398	634	630	2029	953	1090	1193	1698	2512	1914	1020	1185	1445	1082	1956	2701	1211	1592	1963	1493	1456	936	2408	994	1564	302	792	776	2124	253	274	1595	1418	1708	1410	2367	1483	1069	1468	573	430	1262	1868	1785	2587	717	441	1750	820	563	543	1273	1560	2321	1417	948	2326	46	1821	399	1887	2327	1486	386	1493	1011	1426	1410	1303	790	793	799	981	1444	1012	2105	2033	418	1262	186	1923	1853	922	2188	2371	1593	1180	
1925	1224	2432	1604	1997	1704	1018	2486	1457	1954	2563	1877	1344	1267	1831	989	1237	842	1089	1285	1778	16	9999	691	1434	1522	1544	2727	2392	1373	1770	2278	1655	1238	1791	1123	812	1342	2245	2093	1334	1317	837	1421	1097	1467	777	1729	1569	696	2148	746	2349	593	349	1421	1283	936	2424	1225	1691	1692	1605	1388	910	1644	2220	1855	1567	2353	1752	883	2464	1326	1352	2539	739	1237	1013	1270	1048	1553	1434	988	2452	1578	1325	77	1041	1786	2707	1128	2591	1441	2021	1011	2637	2047	2517	1461	1395	1273	773	205	816	877	2021	1553	1268	1459	1895	1943	1059	1438	645	664	2012	999	1115	1240	1744	2509	1912	1003	1231	1485	1065	2003	2708	1225	1625	1939	1534	1446	948	2421	1016	1558	309	838	762	2122	295	310	1633	1425	1755	1434	2353	1465	1088	1467	609	458	1302	1913	1816	2591	764	469	1764	844	590	588	1310	1557	2334	1458	965	2314	79	1849	392	1899	2341	1510	423	1526	985	1454	1401	1350	836	787	845	1019	1485	991	2093	2018	445	1294	206	1904	1896	960	2165	2354	1628	1198	
2393	545	2924	1312	2708	1317	1297	2898	1885	2551	3073	2277	620	772	1349	348	491	98	501	1902	2308	656	691	9999	1871	2235	1862	3169	2803	2031	1052	2662	1163	1585	2004	403	1408	1939	2906	2767	610	709	821	835	360	1919	1515	1033	2188	474	1483	988	2979	964	380	2148	1515	1235	2791	1256	1925	2410	886	881	1604	1580	2921	2472	2259	3012	2111	1439	3043	1367	2022	2920	133	491	1737	1898	1792	969	1095	1268	3018	2190	1224	729	926	2276	3138	502	3104	1650	2485	363	3040	2458	2924	2182	2102	640	293	451	108	446	2367	2117	604	806	2540	1424	1791	1370	1172	907	2685	663	448	702	1125	3065	2476	1698	713	752	1758	1430	3141	692	1720	2651	1462	2088	514	2808	397	2167	923	413	1446	2683	625	321	1610	1920	1203	749	3009	2162	495	2032	43	875	576	1246	1937	3071	497	194	2160	247	955	582	1342	2143	2702	1391	1394	2948	653	2027	1063	2321	2699	1777	719	1634	1719	1674	2039	1005	386	1427	645	1090	750	1706	2731	2683	872	549	445	2597	1206	1037	2867	3021	1697	605	
464	2028	1011	1518	1416	1738	548	999	10	805	1178	381	2210	1741	1988	1854	2357	2000	2418	505	440	1422	1434	1871	9999	1068	257	1269	901	695	2500	782	1910	266	585	2320	625	439	1331	1249	2503	1949	1092	2752	2260	26	1081	2401	600	1400	2627	828	1289	853	1455	1129	479	589	931	883	495	1205	2380	1807	834	1102	1546	794	954	1424	297	523	1225	852	745	1050	1760	2210	981	545	1156	2031	1540	572	1176	581	1111	1310	1156	358	1240	2428	1219	499	557	2294	1152	552	1030	1100	975	2565	1640	1474	1880	1584	547	386	2024	2112	949	2133	1048	1062	727	903	1175	1468	2379	1798	2220	1216	656	828	1766	2339	816	2289	1242	2591	774	1369	1086	647	2354	926	2322	559	1064	1579	837	842	1227	1608	1017	115	2082	2664	1409	941	2415	350	1793	967	2189	2452	789	1163	1422	1795	273	2153	861	1240	872	469	840	1063	422	1280	1347	690	1024	402	851	371	1101	725	1057	475	616	1527	1606	715	1320	879	2346	929	1076	1140	975	2412	1627	1212	2507	899	1501	1459	827	2523	
1121	2629	1354	2470	421	2664	1398	1616	1094	690	1391	1301	2787	2484	2881	2410	2779	2386	2664	513	863	1544	1522	2235	1068	9999	1386	1697	1555	313	3153	1553	2762	1266	1713	2683	851	567	703	543	2888	2634	1804	2983	2648	1027	693	3082	469	1969	3376	1487	871	1361	1804	97	1505	1372	1697	1830	1626	123	3012	2580	572	2160	639	562	100	805	1355	887	1116	1847	269	1748	2216	2724	446	480	468	2795	2422	1398	1148	495	2056	1452	1965	998	1712	2703	1391	1587	1178	2586	1755	1349	1657	44	83	2844	2169	1724	2321	2191	1509	682	2650	2798	471	3021	412	2062	1096	1505	472	2175	2688	2507	2992	1215	795	479	2483	2926	423	3137	1711	2791	1877	362	2114	364	2513	1640	2592	505	1254	2166	732	922	1572	1864	2086	900	2913	2997	811	77	2664	674	2148	1375	2753	3192	1918	1496	2021	2045	1264	2424	1371	1782	1858	599	1631	2069	1123	823	1525	1819	1111	1249	1668	1491	1533	1810	487	1570	389	2378	2182	783	1991	1722	2929	469	645	498	1370	2835	1788	326	3212	1707	583	795	1924	2771	
599	1925	1123	1286	1728	1509	505	1007	233	1070	1307	388	2108	1595	1765	1778	2307	1976	2421	819	683	1524	1544	1862	257	1386	9999	1317	909	1012	2360	753	1709	244	275	2288	840	756	1613	1544	2459	1817	1012	2748	2223	303	1335	2252	912	1351	2436	818	1545	905	1482	1444	306	575	877	697	181	1523	2253	1645	1105	826	1850	1081	1272	1700	199	732	1430	635	1062	1013	1726	2131	1268	858	1444	1863	1342	535	1369	891	904	1417	1021	556	1275	2423	1354	242	671	2287	1145	571	1028	1417	1291	2553	1588	1532	1845	1505	445	691	1912	1974	1244	1910	1339	826	865	904	1473	1355	2363	1664	2041	1398	903	1113	1630	2229	1109	2073	1278	2603	476	1682	831	965	2385	900	2321	871	1190	1507	1078	1060	1280	1652	736	425	1885	2630	1684	1259	2417	665	1793	1036	2093	2279	470	1257	1358	1828	283	2160	910	1217	660	777	789	822	530	1543	1440	376	1185	455	783	87	1139	446	1339	213	935	1345	1537	946	1235	759	2237	1213	1352	1435	1047	2357	1699	1523	2344	797	1807	1739	533	2522	
751	3258	282	2581	1670	2799	1851	266	1253	944	294	871	3411	2951	3047	3123	3555	3277	3608	1469	916	2721	2727	3169	1269	1697	1317	9999	354	1503	3597	526	3022	1558	1345	3535	1872	1391	1251	1327	3642	3163	2381	3702	3486	1225	2178	3515	1251	2704	3614	2150	1024	2183	2776	1840	1684	1906	472	2067	1365	1698	3522	2992	1924	2075	1617	1072	1544	1252	1057	1792	681	1991	1556	355	3061	3430	1975	1501	2107	3187	2678	1879	600	1230	2254	2608	2397	889	27	3612	326	1599	655	3518	203	684	264	1779	1711	3672	2936	2790	3171	2865	845	1160	3245	3295	1187	3173	2004	2149	2035	2229	1325	2724	3578	3022	3330	553	863	1864	2987	3506	1817	3321	24	3683	1721	1665	2124	1405	3562	404	3540	1238	2364	2865	2006	712	2549	2921	1985	1250	3183	3695	1228	1622	3604	1238	3096	2295	3399	3520	1564	151	2717	3098	985	3408	2191	2555	2018	1191	528	2140	1752	1068	2653	1402	2297	818	562	1438	2429	1745	2053	1569	1427	2693	2893	1925	2603	2137	3512	1946	1081	1271	2302	3593	2932	1498	3575	2172	1611	1310	1777	3655	
429	2879	322	2171	1643	2391	1457	54	881	844	491	474	3058	2546	2642	2738	3234	2920	3316	1209	660	2381	2392	2803	901	1555	909	354	9999	1290	3271	116	2615	1166	929	3212	1550	1125	1296	1326	3365	2769	1982	3578	3159	865	1916	3173	1048	2316	3296	1763	1106	1812	2409	1683	1276	1517	129	1653	948	1598	3182	2587	1656	1661	1646	955	1400	1330	649	1460	814	1575	1347	134	2680	3078	1739	1246	1891	2795	2268	1486	727	1023	1838	2270	1989	579	307	3321	545	1184	342	3203	190	290	78	1628	1538	3435	2547	2432	2797	2472	428	900	2865	2917	1109	2777	1781	1733	1687	1845	1298	2324	3275	2619	2956	712	701	1611	2585	3167	1572	2945	311	3461	1304	1624	1708	1195	3269	57	3229	1024	2023	2473	1715	643	2188	2561	1570	916	2789	3501	1307	1458	3312	964	2731	1930	3045	3177	1152	369	2326	2743	591	3080	1819	2171	1602	953	136	1723	1384	1136	2309	989	1969	436	180	1025	2058	1328	1820	1155	1205	2284	2501	1618	2206	1730	3175	1702	1069	1244	1938	3280	2582	1446	3240	1768	1627	1386	1361	3403	
818	2371	1162	2127	723	2330	1050	1363	721	552	1244	962	2535	2187	2554	2157	2570	2180	2506	146	568	1385	1373	2031	695	313	1012	1503	1290	9999	2892	1258	2443	896	1342	2491	572	195	829	689	2695	2355	1497	2838	2448	656	639	2814	191	1701	3107	1178	915	1078	1589	379	1137	1033	1410	1478	1252	464	2751	2280	412	1794	905	435	224	937	995	576	1058	1487	24	1480	1985	2489	412	119	544	2497	2091	1054	1062	212	1708	1280	1641	680	1505	2536	1258	1214	891	2414	1513	1037	1404	344	224	2682	1918	1535	2097	1920	1171	345	2386	2518	460	2698	439	1704	821	1209	604	1879	2510	2219	2696	1126	578	329	2192	2676	272	2828	1505	2650	1503	668	1751	52	2380	1364	2426	206	1050	1899	548	762	1347	1679	1718	529	2602	2822	934	187	2505	317	1944	1118	2505	2914	1543	1319	1747	1869	912	2253	1088	1514	1499	277	1335	1710	780	880	1347	1447	925	920	1367	1116	1281	1437	490	1196	45	2053	1919	541	1698	1386	2680	392	658	599	1117	2627	1629	552	2944	1377	852	948	1551	2615	
2988	491	3454	1168	3547	996	1901	3350	2503	3281	3591	2802	368	706	812	726	681	928	1113	2728	2985	1728	1770	1052	2500	3153	2360	3597	3271	2892	9999	3121	718	2178	2348	837	2278	2739	3619	3541	752	496	1370	1179	793	2558	2522	74	2985	1151	436	1679	3635	1768	1377	3096	2001	1878	3207	1604	2311	3308	111	661	2548	1671	3658	3236	3142	3666	2611	2269	3626	1680	2899	3327	968	513	2709	2736	2798	464	1008	1882	3601	2981	1420	1771	1289	2908	3563	1043	3616	2071	3065	1017	3446	2977	3362	3116	3027	1035	964	1506	902	929	2817	2858	461	331	3328	764	2774	1540	2030	1638	3473	983	964	645	367	3622	3176	2635	678	244	2688	637	3566	1238	1981	3502	1588	2925	1320	3243	1062	2957	1896	953	2395	3344	1573	1407	1748	2606	584	897	3664	3065	1105	2785	1119	1746	413	254	2177	3560	1100	1306	2697	1110	1758	1338	1653	2907	3137	1553	2114	3622	1698	2321	2045	2865	3117	2234	1590	1937	2710	2101	2876	976	938	2335	1153	1565	249	2669	3465	3462	1751	661	1550	3436	151	1545	3638	3675	1931	1113	
377	2725	465	2000	1689	2220	1311	202	759	884	646	340	2902	2386	2473	2585	3096	2778	3194	1154	631	2265	2278	2662	782	1553	753	526	116	1258	3121	9999	2448	1024	756	3079	1453	1069	1376	1388	3237	2607	1828	3472	3020	754	1849	3017	1029	2166	3149	1621	1203	1680	2275	1672	1118	1374	101	1489	778	1614	3031	2424	1589	1488	1714	982	1400	1421	497	1358	937	1408	1317	208	2533	2930	1688	1193	1847	2628	2098	1341	852	1003	1670	2153	1828	520	475	3198	700	1020	313	3073	329	178	216	1620	1521	3317	2401	2307	2651	2320	260	855	2708	2756	1146	2606	1736	1562	1572	1704	1351	2164	3148	2459	2793	846	721	1552	2425	3016	1518	2779	479	3352	1132	1665	1536	1167	3152	94	3102	1000	1909	2323	1634	709	2057	2432	1397	822	2619	3385	1398	1447	3190	908	2591	1802	2889	3020	979	535	2173	2611	455	2947	1687	2027	1435	919	36	1552	1259	1228	2189	816	1865	323	70	863	1925	1157	1769	991	1170	2115	2351	1529	2050	1573	3025	1647	1134	1298	1810	3146	2461	1486	3089	1612	1690	1475	1188	3286	
2367	644	2873	402	3195	217	1350	2705	1905	2760	3056	2149	742	338	128	758	1143	1127	1526	2255	2409	1608	1655	1163	1910	2762	1709	3022	2615	2443	718	2448	9999	1587	1636	1248	1865	2247	3228	3132	1286	428	916	1727	1175	1972	2238	593	2486	898	669	1226	3216	1375	1251	2735	1372	1354	2525	964	1614	2934	693	223	2188	920	3351	2732	2719	3314	1953	1823	3160	1011	2464	2662	986	888	2370	2274	2495	222	308	1340	3105	2476	742	1602	746	2309	2973	1475	3096	1406	2437	1383	2815	2322	2715	2744	2631	1535	864	1405	1009	727	2132	2322	581	451	2859	228	2443	829	1634	1222	3058	600	1386	398	305	3137	2619	2264	390	769	2307	330	2976	1705	1259	3146	855	2455	1663	2576	1436	2451	1627	768	2044	2800	1345	1373	1005	2044	119	1475	3304	2653	1517	2256	1182	1411	766	530	1439	2994	830	1374	2051	1387	1366	1040	987	2386	2454	838	1607	3204	1543	1592	1765	2222	2430	1571	1291	1234	2393	1436	2409	331	779	1950	778	1003	780	2322	3010	3036	1421	1162	1527	3041	620	1008	3306	3336	1205	1577	
775	1706	1323	1209	1666	1425	233	1266	268	1122	1496	629	1889	1412	1671	1539	2054	1707	2143	692	768	1218	1238	1585	266	1266	244	1558	1166	896	2178	1024	1587	9999	529	2025	572	653	1632	1538	2207	1622	772	2478	1962	326	1082	2074	869	1093	2309	534	1607	603	1190	1296	182	289	1159	563	424	1424	2056	1479	875	835	1818	1098	1177	1729	468	466	1553	545	935	1290	1462	1896	1054	724	1227	1703	1217	259	1505	855	794	1111	828	683	1523	2149	1538	270	863	2012	1412	816	1291	1280	1153	2287	1333	1232	1581	1267	734	680	1700	1785	1241	1818	1130	762	563	617	1459	1142	2093	1471	1894	1544	981	901	1438	2018	911	1970	1525	2327	558	1615	799	876	2096	1172	2042	831	884	1264	820	1170	980	1356	759	397	1759	2374	1717	1140	2139	622	1512	732	1870	2129	651	1470	1109	1535	512	1878	609	944	562	752	1069	765	233	1595	1134	614	885	677	1068	239	842	483	1117	259	835	1201	1292	684	1000	550	2025	997	1384	1430	742	2108	1397	1472	2183	573	1770	1761	600	2251	
781	1969	1229	1181	2032	1402	711	1018	558	1325	1418	521	2149	1600	1659	1855	2395	2101	2559	1152	938	1764	1791	2004	585	1713	275	1345	929	1342	2348	756	1636	529	9999	2398	1159	1086	1876	1824	2551	1830	1123	2875	2330	623	1662	2232	1221	1472	2357	1008	1778	1135	1667	1777	449	792	835	718	58	1844	2259	1626	1438	670	2138	1356	1593	1954	351	1051	1613	621	1393	974	1849	2197	1604	1192	1779	1830	1288	742	1541	1199	868	1664	1071	791	1293	2552	1470	297	825	2420	1128	660	1027	1748	1623	2678	1696	1739	1962	1589	443	997	1945	1974	1526	1797	1675	750	1148	1097	1758	1408	2487	1680	1990	1558	1147	1449	1645	2257	1446	1971	1297	2749	314	1990	718	1289	2549	885	2457	1181	1455	1600	1402	1270	1492	1846	578	750	1811	2733	1936	1587	2553	982	1944	1271	2140	2224	187	1335	1464	2008	467	2310	1139	1369	649	1085	761	738	822	1784	1676	59	1471	604	737	231	1347	351	1674	279	1261	1312	1631	1268	1326	853	2266	1549	1612	1716	1283	2441	1914	1824	2303	905	2098	1998	369	2659	
2834	541	3332	1529	3143	1469	1732	3297	2331	3005	3461	2707	477	927	1420	513	105	261	227	2365	2758	1094	1123	403	2320	2683	2288	3535	3212	2491	837	3079	1248	2025	2398	9999	1873	2402	3327	3203	153	758	1221	446	35	2368	1960	871	2645	875	1328	1431	3390	1424	846	2592	1932	1676	3192	1628	2328	2853	693	1000	2063	1893	3333	2927	2711	3418	2536	1905	3441	1735	2481	3309	501	310	2188	2360	2232	988	1309	1704	3423	2648	1549	1178	1279	2721	3508	168	3491	2055	2924	124	3418	2887	3320	2627	2553	241	643	906	382	755	2785	2573	603	765	2994	1453	2239	1696	1638	1355	3127	960	86	834	1075	3459	2928	2157	861	544	2217	1403	3510	394	2087	3088	1780	2546	420	3211	166	2625	1385	740	1906	3125	1091	765	1939	2375	1224	290	3416	2614	218	2491	489	1339	439	1111	2305	3455	875	590	2592	252	1415	1019	1708	2601	3111	1716	1850	3366	1105	2409	1522	2754	3105	2193	1182	2010	2166	2081	2500	1228	709	1892	1012	1488	536	2160	3175	3126	1337	140	859	3045	1034	1440	3286	3426	2056	267	
1066	1741	1565	1597	1325	1782	555	1643	653	1096	1697	1061	1909	1575	1995	1524	1949	1555	1911	432	904	812	812	1408	625	851	840	1872	1550	572	2278	1453	1865	572	1159	1873	9999	476	1461	1324	2078	1733	891	2252	1827	640	449	2199	719	1068	2521	576	1527	450	965	819	754	504	1606	977	1053	1031	2130	1674	281	1364	1525	1008	830	1569	978	60	1608	1022	574	1716	1353	1860	472	427	630	1892	1525	545	1590	723	1190	700	1059	922	1855	1937	1725	888	1161	1806	1800	1215	1678	827	716	2082	1283	927	1466	1289	1235	679	1758	1900	1079	2136	551	1224	189	591	1239	1263	1903	1600	2096	1647	1040	342	1575	2050	381	2256	1856	2068	1163	1267	1293	620	1803	1591	1823	701	451	1267	189	1252	720	1072	1308	571	2018	2215	1565	749	1909	593	1321	484	1877	2315	1282	1727	1116	1265	959	1647	460	881	1025	688	1517	1235	304	1496	756	1248	363	1067	1532	871	647	1074	518	884	571	1475	1285	66	1078	836	2054	416	1271	1232	483	2007	1045	1176	2339	811	1470	1582	1194	2023	
636	2227	1065	1906	950	2114	836	1208	466	558	1179	737	2400	2011	2350	2023	2469	2084	2444	41	414	1345	1342	1939	439	567	756	1391	1125	195	2739	1069	2247	653	1086	2402	476	9999	970	853	2601	2192	1321	2781	2354	402	731	2651	194	1560	2933	1008	1004	939	1497	630	896	832	1224	1254	997	713	2602	2096	472	1551	1110	477	463	1075	750	438	1069	1255	244	1310	1872	2366	556	75	718	2320	1886	845	1053	193	1487	1234	1447	487	1384	2469	1202	964	720	2341	1363	837	1247	598	474	2611	1787	1466	1989	1772	944	171	2237	2358	574	2493	607	1472	704	1052	769	1709	2434	2050	2515	1111	509	423	2022	2535	386	2630	1385	2599	1251	898	1514	162	2338	1188	2358	170	989	1756	556	718	1252	1610	1473	276	2410	2739	1067	440	2442	106	1854	1004	2372	2740	1288	1227	1599	1803	674	2184	949	1376	1268	156	1143	1477	581	978	1293	1192	887	707	1170	861	1165	1189	637	945	125	1854	1778	493	1534	1181	2539	515	753	749	1005	2524	1582	760	2779	1179	1060	1097	1300	2553	
1061	3215	958	2888	402	3092	1858	1313	1344	488	896	1319	3361	3024	3308	3025	3395	3052	3333	981	876	2261	2245	2906	1331	703	1613	1251	1296	829	3619	1376	3228	1632	1876	3327	1461	970	9999	105	3494	3188	2352	3594	3292	1271	1444	3568	718	2575	3692	2039	179	1959	2475	844	1867	1861	1478	2256	1819	584	3529	3100	1273	2489	304	474	620	61	1463	1453	519	2238	837	1469	2862	3325	1193	975	1233	3298	2887	1870	591	726	2484	2161	2470	1022	1290	3363	871	1891	1058	3258	1408	1262	1351	785	807	3478	2794	2419	2971	2788	1490	890	3225	3332	334	3431	1172	2448	1708	2080	175	2731	3341	3062	3460	647	668	1180	3035	3471	1118	3542	1287	3445	2151	422	2475	780	3215	1399	3268	751	1939	2770	1424	604	2237	2558	2404	1175	3372	3587	61	726	3332	950	2823	2008	3335	3620	2116	1043	2617	2744	1347	3109	1969	2394	2256	819	1446	2449	1612	130	2230	1978	1808	1240	1493	1749	2169	2113	1245	1866	830	2863	2790	1432	2558	2205	3475	1202	203	170	2007	3442	2502	326	3641	2207	302	78	2208	3428	
1037	3096	1014	2797	284	3002	1749	1354	1265	455	979	1286	3248	2908	3221	2894	3278	2913	3205	855	826	2110	2093	2767	1249	543	1544	1327	1326	689	3541	1388	3132	1538	1824	3203	1324	853	105	9999	3382	3076	2232	3481	3169	1192	1287	3472	609	2446	3657	1917	303	1828	2335	684	1776	1748	1502	2157	1760	426	3431	2993	1122	2411	266	404	465	203	1415	1323	621	2145	693	1507	2727	3208	1036	845	1073	3198	2787	1759	682	621	2387	2012	2359	977	1360	3237	960	1812	1048	3125	1462	1251	1394	625	649	3359	2661	2274	2836	2660	1469	801	3108	3227	239	3346	1013	2359	1573	1954	41	2610	3217	2943	3371	744	636	1028	2917	3370	967	3460	1358	3323	2080	290	2391	651	3077	1427	3136	646	1793	2641	1275	620	2095	2416	2328	1087	3279	3478	207	570	3204	853	2682	1871	3222	3548	2059	1117	2491	2598	1301	2973	1838	2264	2162	723	1462	2362	1496	250	2081	1928	1660	1211	1507	1676	2032	2036	1087	1787	700	2757	2661	1289	2436	2095	3373	1047	196	61	1869	3326	2355	171	3575	2094	240	201	2135	3299	
3017	602	3486	1615	3326	1528	1914	3443	2514	3190	3602	2881	481	1011	1446	643	107	461	326	2565	2947	1306	1334	610	2503	2888	2459	3642	3365	2695	752	3237	1286	2207	2551	153	2078	2601	3494	3382	9999	812	1390	384	192	2553	2171	813	2845	1052	1251	1618	3551	1622	1053	2801	2101	1861	3339	1780	2486	3058	633	1065	2274	2015	3502	3118	2916	3577	2710	2107	3592	1884	2686	3449	687	343	2398	2562	2440	1010	1400	1886	3573	2848	1681	1390	1427	2907	3627	254	3621	2220	3100	293	3553	3063	3461	2835	2761	222	813	1117	567	906	2951	2770	655	778	3185	1459	2447	1826	1842	1545	3310	1097	201	916	1060	3604	3113	2366	947	496	2425	1384	3629	424	2232	3277	1905	2750	554	3361	318	2826	1595	898	2116	3299	1297	977	2066	2564	1234	136	3574	2822	320	2688	697	1542	457	1052	2445	3598	1043	802	2770	450	1612	1207	1856	2800	3267	1846	2042	3529	1316	2555	1732	2931	3259	2360	1383	2159	2376	2246	2703	1325	867	2099	1172	1653	486	2370	3350	3309	1540	75	1070	3234	960	1608	3458	3579	2197	303	
2449	157	2978	748	3092	654	1342	2863	1952	2760	3145	2266	287	172	606	300	662	649	1035	2182	2441	1272	1317	709	1949	2634	1817	3163	2769	2355	496	2607	428	1622	1830	758	1733	2192	3188	3076	812	9999	811	1246	685	2008	2018	405	2442	620	773	1122	3208	1220	906	2583	1452	1318	2708	1064	1783	2813	374	193	2022	1196	3273	2710	2616	3282	2074	1718	3196	1149	2363	2844	555	407	2191	2192	2292	199	543	1322	3157	2437	902	1294	735	2365	3119	984	3184	1533	2529	892	2985	2446	2877	2602	2500	1049	481	1053	548	399	2293	2312	102	112	2818	660	2260	1035	1485	1085	2997	423	895	97	366	3191	2641	2107	129	368	2158	659	3123	1215	1471	3042	1098	2384	1176	2746	945	2414	1383	432	1866	2836	1067	985	1262	2055	434	1006	3275	2536	1026	2235	745	1210	299	540	1678	3106	561	944	2157	904	1210	802	1121	2362	2627	1051	1556	3190	1225	1813	1532	2330	2610	1693	1061	1416	2198	1562	2336	482	426	1797	597	1010	378	2147	2985	2982	1217	687	1140	2951	548	987	3223	3297	1426	1087	
