NAME: kroB150Preorder
TYPE: ATSP
DIMENSION: 150
EDGE_WEIGHT_TYPE: EXPLICIT
EDGE_WEIGHT_FORMAT: FULL_MATRIX 
EDGE_WEIGHT_SECTION
9999	1568	1708	819	2538	1312	1190	1616	1102	1252	1814	430	623	1164	398	1244	1817	755	1142	833	1958	1624	1875	538	1910	928	350	2319	723	1485	1012	685	1519	2077	1605	1363	920	2328	2235	272	1511	1070	2689	1391	1517	460	1078	1595	740	2066	1394	1837	6	1416	989	2485	1385	2342	1647	936	825	1862	1345	838	901	1315	917	1559	1470	2194	2296	2067	1725	1433	1508	2297	1113	1129	620	1099	1590	1239	1887	1721	123	2365	2161	2347	1694	1994	2160	1235	802	2273	2244	1895	1696	2250	1147	1520	2433	1903	1545	1182	1100	1615	648	1906	2205	686	2232	1634	1815	1872	1025	684	620	1779	2484	1056	2269	1953	2258	2142	351	2022	1401	1615	2589	704	2386	688	2169	1411	1284	1711	272	1703	2312	1160	1158	624	949	1793	2056	1277	932	2331	1286	1951	
1568	9999	993	1226	1032	436	2667	849	2412	1687	2467	1452	899	1432	1110	2279	1142	1833	1733	1071	499	732	243	2042	1222	2338	1119	1021	1899	227	646	2176	1666	1322	20	1554	2081	966	930	1350	593	986	1174	2275	1754	1764	661	2261	1735	508	2415	2493	1582	386	929	1071	1532	1380	866	983	2180	469	2307	1046	587	2100	772	118	1209	558	896	657	1000	1519	594	652	391	2474	983	363	1781	2576	510	2403	1357	800	2564	1167	546	1249	498	1736	1511	613	597	2345	1884	1189	1647	1627	1087	282	2292	382	1746	993	808	874	1209	1052	594	788	700	1014	488	1162	2179	948	1031	2135	634	551	596	736	1763	767	2423	2395	942	767	772	2114	622	574	2374	1723	1904	463	708	870	1638	1980	1436	1979	1128	2423	547	1168	405	2490	
1708	993	9999	853	1983	1416	2373	1901	1993	952	1635	1286	1416	741	1496	1705	2192	1440	1075	1780	684	1798	950	1871	2281	2017	1325	2082	1542	671	1446	1960	764	2394	939	727	1648	2014	1997	1350	305	1823	2078	1611	869	1556	1511	1476	1339	1526	1801	1657	1704	1416	1727	2080	687	2461	58	668	1856	1564	1682	1759	1220	1426	1521	789	306	1096	1936	1726	1	642	1645	1201	837	2071	1545	1024	860	2157	1606	1595	1558	1739	1614	2240	370	2318	1256	1017	1071	1372	1442	1436	933	2273	975	715	2123	934	1548	1248	1118	2024	1178	1966	2294	1673	1123	1851	1798	2088	832	939	2029	47	2025	1634	1137	608	1353	1795	1628	1861	1808	1641	1527	1255	1153	1865	1619	1595	1814	729	1905	1564	1080	444	960	1713	903	1009	2212	1890	1187	2244	1364	1599	
819	1226	853	9999	2347	1306	1478	1780	1137	463	1236	334	872	277	811	961	2057	533	443	1280	1359	1725	1423	917	2152	1112	568	2274	622	978	1139	1019	637	2308	1223	476	783	2243	2181	448	799	1434	2486	965	666	594	1224	1006	434	1838	1100	1263	806	1373	1326	2367	486	2488	827	163	943	1732	991	1268	889	798	1135	1106	544	1706	2183	1942	870	522	1568	1819	749	1210	981	885	733	1313	1771	1157	725	2120	1468	2374	1010	2221	1761	485	192	1886	1903	1197	851	2336	384	626	2361	1435	1014	1110	441	1853	645	1978	2325	1125	1740	1760	1835	2029	654	83	1080	947	2336	822	1770	1320	1869	2025	666	1987	1108	1116	2145	774	1850	926	1948	1480	1059	815	958	1636	1770	360	383	772	147	961	2196	1114	883	2366	1256	1311	
2538	1032	1983	2347	9999	1148	3461	1041	3348	2781	3399	2530	1827	2539	2051	3275	1112	2918	2832	1779	1223	955	936	3057	1111	3294	2138	338	2968	1321	1456	3162	2735	1059	1045	2640	3130	245	349	2403	1651	1578	88	3274	2825	2820	1405	3258	2823	418	3366	3409	2557	1041	1592	126	2615	844	1873	2110	3186	586	3301	1759	1563	3151	1569	1185	2278	851	214	386	1984	2597	1002	788	1514	3392	1857	1423	2843	3441	562	3351	2336	157	3426	509	1519	1055	640	2831	2616	547	452	3306	2934	677	2747	2694	250	950	3286	1280	2846	1160	1840	750	762	1852	841	980	726	924	1611	2276	3149	1905	65	3174	850	1307	561	318	2800	506	3374	3349	645	1754	940	3130	306	1087	3340	2762	2886	756	965	1992	2738	3028	2550	3016	838	3369	1539	534	1172	3404	
1312	436	1416	1306	1148	9999	2540	400	2348	1849	2615	1376	575	1607	807	2305	698	1811	1853	583	1044	323	758	1892	794	2234	924	932	1854	663	212	2035	1912	934	508	1771	2055	929	842	1210	1008	455	1313	2349	1979	1660	183	2401	1727	688	2452	2639	1335	43	419	1087	1758	1095	1290	1119	2090	449	2358	560	343	2193	326	599	1521	1054	893	657	1427	1763	172	1125	512	2400	604	335	2022	2510	473	2541	1105	983	2787	996	1035	848	918	1883	1557	1000	933	2548	2130	943	1783	1880	1041	800	2410	112	1851	509	630	571	928	617	1085	363	436	632	575	1189	2006	1397	1085	2138	1125	1096	989	736	1623	623	2460	2507	1348	523	1272	1998	786	102	2388	2011	1679	293	1219	1108	1779	1883	1543	2238	798	2419	333	985	13	2669	
1190	2667	2373	1478	3461	2540	9999	2867	328	1417	1367	1148	1890	1552	1672	738	3054	843	1264	2114	2893	2867	2914	557	3124	264	1536	3390	745	2499	2268	415	1718	3240	2684	1643	639	3389	3333	1261	2368	2348	3471	951	1645	826	2339	1260	948	3170	771	1375	1161	2631	2271	3454	1683	3414	2374	1719	429	3041	842	2120	2110	1058	2185	2602	1995	3160	3360	3198	2388	1743	2742	3237	2192	254	1907	2250	1711	236	3065	1295	1372	3378	1811	3411	2567	3185	3179	1355	1217	3263	3259	1611	1757	3354	1350	1752	3440	2931	1149	2391	1210	2869	1834	3115	3332	1976	3190	2880	3034	3092	2093	1474	458	2475	3452	698	3206	2858	3247	3252	836	3183	770	1142	3436	1927	3271	465	3243	2651	658	1906	824	2911	3212	1934	1369	608	1380	1801	3224	572	2131	3407	2509	1558	
1616	849	1901	1780	1041	400	2867	9999	2722	2327	3060	1789	922	2089	1131	2722	208	2229	2320	707	1437	56	1105	2234	295	2594	1308	676	2259	1136	551	2382	2402	435	923	2260	2466	725	613	1602	1499	474	1206	2781	2468	2044	470	2853	2153	767	2870	3079	1643	385	526	901	2248	641	1775	1611	2471	492	2782	694	787	2643	606	1046	2016	1330	732	587	1911	2255	167	1367	1020	2764	891	834	2511	2874	478	2988	1434	974	3201	653	1499	349	1135	2356	2010	1175	1070	3011	2617	535	2256	2371	804	1147	2855	588	2313	77	1061	219	494	828	1353	19	224	172	1081	1650	2330	1875	934	2558	1389	1502	1170	631	1987	427	2878	2945	1496	936	1538	2360	813	221	2794	2505	1982	346	1503	1612	2253	2258	2012	2717	347	2818	791	632	451	3113	
1102	2412	1993	1137	3348	2348	328	2722	9999	995	965	886	1727	1156	1534	316	2942	491	846	2018	2572	2706	2626	469	3032	128	1347	3253	419	2199	2094	352	1298	3157	2420	1230	255	3242	3194	1052	2028	2238	3431	525	1219	595	2172	837	594	2971	374	976	1070	2437	2147	3343	1272	3330	2006	1390	183	2832	425	2019	1912	624	2033	2318	1605	2906	3210	3035	2008	1332	2574	3008	1928	25	1770	2009	1286	94	2866	887	1242	3203	1415	3304	2233	3097	2944	932	857	3056	3063	1196	1330	3244	937	1333	3326	2639	727	2176	794	2742	1623	2969	3223	1867	2937	2725	2863	2968	1829	1166	480	2097	3334	281	2962	2534	3043	3099	663	3037	375	734	3252	1732	3036	310	3070	2485	253	1483	801	2708	2962	1592	956	383	1000	1375	3126	189	1926	3293	2309	1157	
1252	1687	952	463	2781	1849	1417	2327	995	9999	689	716	1443	167	1364	653	2602	542	79	1842	1660	2265	1813	1065	2693	1074	1117	2757	646	1398	1702	1103	220	2840	1668	145	669	2718	2669	918	1108	1994	2908	550	182	802	1786	477	480	2291	744	716	1230	1905	1891	2825	184	2995	996	627	925	2223	622	1830	1455	368	1703	1535	539	2046	2656	2428	963	236	2103	2154	1262	1078	1549	1421	252	1154	2265	620	1220	2556	895	2870	1301	2755	2145	18	343	2270	2308	623	345	2846	42	244	2833	1815	516	1651	122	2404	1219	2508	2841	1685	2077	2302	2357	2565	1179	614	1215	1064	2787	612	2098	1603	2252	2507	925	2494	751	620	2489	1348	2145	989	2402	2023	764	416	1250	2146	2072	713	33	859	241	437	2723	845	1446	2865	1796	743	
1814	2467	1635	1236	3399	2615	1367	3060	965	689	9999	1345	2166	949	2051	563	3258	955	681	2542	2390	3012	2566	1377	3328	1159	1815	3386	1004	2172	2459	1329	763	3418	2445	837	857	3354	3325	1565	1869	2711	3449	358	659	1262	2539	142	971	3040	487	4	1785	2670	2614	3416	869	3463	1709	1428	1094	2980	446	2536	2217	398	2446	2308	1252	2769	3318	3144	1642	899	2864	2877	2049	1027	2259	2201	666	1030	3020	31	1852	3232	344	3439	2038	3372	2888	649	1019	2998	3042	198	614	3428	749	811	3422	2564	185	2429	692	3116	1969	3199	3424	2390	2797	3045	3093	3238	1967	1372	1470	1743	3403	713	2816	2323	2980	3200	1389	3195	487	142	3152	2093	2847	1230	3125	2779	609	828	1668	2914	2775	1510	753	1179	997	575	3352	686	2212	3435	2566	107	
430	1452	1286	334	2530	1376	1148	1789	886	716	1345	9999	775	632	617	864	2037	346	614	1134	1703	1762	1703	517	2131	796	392	2393	377	1270	1134	643	982	2299	1469	829	582	2379	2303	131	1178	1336	2671	960	979	222	1215	1115	286	2028	1019	1370	409	1464	1234	2518	852	2520	1250	520	636	1877	941	1129	926	845	1085	1378	983	2009	2331	2087	1304	904	1616	2115	954	945	846	1025	1056	1058	1911	1254	410	2327	1666	2460	1384	2211	2027	703	276	2145	2142	1392	1166	2396	610	986	2492	1722	1080	1198	576	1830	633	2034	2369	968	2044	1786	1914	2047	852	256	675	1374	2501	683	2076	1677	2127	2169	252	2091	1027	1168	2439	751	2170	570	2136	1524	936	1184	516	1748	2092	757	621	432	419	1264	2228	961	939	2449	1334	1468	
623	899	1416	872	1827	575	1890	922	1727	1443	2166	775	9999	1242	140	1745	1166	1228	1399	307	1404	911	1237	1229	1264	1593	288	1604	1250	913	288	1379	1600	1434	953	1442	1464	1610	1521	573	1086	460	1987	1829	1641	1025	355	1940	1161	1355	1899	2191	647	680	357	1768	1444	1670	1314	794	1462	1134	1818	294	212	1699	216	947	1339	1567	1578	1346	1432	1470	779	1658	542	1771	58	445	1703	1885	1160	2082	424	1653	2427	1642	1221	1346	1497	1459	1053	1599	1557	2157	1820	1558	1354	1581	1715	1272	1927	459	1381	952	159	1196	1524	176	1602	928	1092	1188	500	715	1338	1449	1766	1569	1640	1421	1586	1425	966	1301	1907	2017	1933	86	1771	1351	1460	680	1815	1752	996	970	1704	919	1356	1243	1101	1927	1376	1835	248	1628	549	2262	
1164	1432	741	277	2539	1607	1552	2089	1156	167	949	632	1242	9999	1192	862	2378	615	239	1648	1418	2026	1560	1108	2475	1195	950	2519	721	1139	1479	1176	267	2614	1412	119	804	2479	2430	799	855	1789	2658	792	299	807	1562	735	523	2037	971	974	1146	1658	1682	2582	132	2765	769	385	1032	1972	851	1635	1223	604	1489	1275	347	1801	2414	2173	756	178	1868	1914	1007	1235	1356	1174	359	1323	2014	881	1093	2308	1119	2628	1053	2533	1899	215	296	2020	2055	857	475	2610	150	261	2591	1563	775	1411	276	2173	1006	2266	2607	1499	1835	2064	2109	2333	928	433	1268	852	2544	783	1859	1362	2001	2255	913	2245	978	879	2244	1133	1912	1066	2144	1786	971	446	1231	1902	1835	454	137	921	132	581	2495	1046	1211	2623	1556	989	
398	1110	1496	811	2051	807	1672	1131	1534	1364	2051	617	140	1192	9999	1585	1356	1063	1299	408	1578	1130	1440	1011	1453	1387	155	1828	1072	1086	506	1162	1559	1622	1158	1397	1285	1836	1743	406	1206	615	2211	1684	1587	831	573	1826	1006	1583	1737	2075	423	913	520	1992	1405	1874	1406	795	1260	1366	1663	404	419	1570	420	1136	1360	1767	1804	1576	1513	1439	1004	1865	705	1572	150	641	1651	1683	1391	1964	209	1882	2339	1862	1363	1538	1708	1370	942	1816	1776	2069	1768	1768	1267	1546	1939	1473	1799	685	1273	1145	240	1415	1729	250	1803	1143	1318	1392	640	649	1115	1543	1991	1401	1842	1586	1801	1651	760	1529	1743	1887	2140	240	1965	1142	1685	907	1644	1726	767	1203	1898	962	1272	1043	1020	1875	1581	1656	452	1846	782	2157	
1244	2279	1705	961	3275	2305	738	2722	316	653	563	864	1745	862	1585	9999	2964	417	523	2085	2359	2689	2461	717	3055	486	1364	3207	417	2030	2086	655	927	3176	2276	889	227	3194	3144	1075	1806	2290	3368	128	837	674	2168	421	485	2865	78	578	1214	2384	2191	3285	931	3326	1738	1209	424	2749	52	2083	1873	228	2046	2155	1302	2712	3152	2954	1718	987	2547	2822	1809	388	1814	1925	898	429	2786	480	1330	3120	1006	3268	2004	3116	2783	585	675	2907	2928	776	929	3230	622	966	3275	2470	315	2118	486	2765	1592	2947	3212	1930	2745	2715	2821	2967	1712	1039	796	1816	3266	103	2772	2309	2890	3032	788	2980	83	338	3121	1713	2833	561	2967	2460	46	1098	1034	2648	2757	1378	639	534	766	962	3122	108	1879	3262	2260	749	
1817	1142	2192	2057	1112	698	3054	208	2942	2602	3258	2037	1166	2378	1356	2964	9999	2480	2590	881	1708	305	1373	2446	36	2802	1554	686	2501	1436	822	2586	2680	177	1212	2544	2697	767	655	1844	1795	642	1262	3033	2742	2277	737	3099	2411	960	3096	3278	1847	682	724	933	2535	448	2069	1900	2684	707	3029	874	1070	2905	854	1342	2311	1566	802	735	2202	2541	452	1588	1323	2977	1114	1137	2788	3074	680	3201	1648	1106	3401	586	1789	98	1357	2627	2278	1376	1263	3223	2902	428	2532	2651	809	1413	3097	891	2581	124	1331	279	352	1025	1585	253	398	105	1381	1926	2526	2164	984	2798	1616	1777	1375	752	2208	529	3101	3167	1670	1203	1760	2573	977	510	3032	2784	2172	595	1735	1909	2530	2485	2288	2995	213	3049	1079	559	753	3313	
755	1833	1440	533	2918	1811	843	2229	491	542	955	346	1228	615	1063	417	2480	9999	397	1577	1993	2198	2048	415	2571	479	839	2800	41	1613	1582	453	861	2729	1839	747	165	2781	2712	549	1444	1780	3049	527	814	211	1662	736	41	2424	566	976	725	1894	1681	2917	784	2940	1440	789	316	2288	495	1574	1370	453	1538	1732	1062	2334	2731	2502	1456	845	2053	2447	1345	560	1297	1444	892	666	2325	861	814	2705	1334	2876	1649	2645	2382	498	272	2504	2512	1062	974	2815	452	884	2897	2061	677	1630	341	2270	1080	2471	2791	1415	2371	2224	2343	2488	1245	565	558	1545	2896	241	2400	1954	2486	2579	333	2518	573	752	2761	1202	2479	345	2532	1959	484	1067	634	2169	2401	997	470	217	431	1054	2657	511	1379	2865	1767	1104	
1142	1733	1075	443	2832	1853	1264	2320	846	79	681	614	1399	239	1299	523	2590	397	9999	1790	1752	2266	1883	915	2681	919	1051	2785	494	1459	1684	949	366	2832	1720	282	514	2750	2696	826	1194	1957	2956	456	316	664	1769	454	340	2338	629	708	1118	1916	1855	2866	319	3001	1109	649	768	2255	509	1781	1442	279	1673	1590	665	2126	2691	2462	1088	379	2105	2240	1286	928	1498	1434	393	1006	2294	600	1130	2609	953	2891	1393	2746	2217	40	256	2341	2373	672	477	2858	35	394	2867	1887	467	1656	15	2389	1190	2516	2847	1632	2160	2300	2371	2563	1197	577	1062	1188	2831	466	2184	1698	2324	2539	789	2516	637	567	2568	1318	2241	834	2450	2022	634	563	1113	2167	2163	775	49	706	218	560	2725	710	1437	2885	1801	769	
833	1071	1780	1280	1779	583	2114	707	2018	1842	2542	1134	307	1648	408	2085	881	1577	1790	9999	1644	746	1415	1483	972	1863	640	1479	1582	1185	317	1627	2002	1150	1139	1847	1790	1510	1404	917	1425	149	1942	2185	2042	1338	316	2321	1523	1374	2238	2567	864	686	104	1677	1849	1430	1670	1204	1747	1110	2165	3	464	2069	205	1179	1735	1725	1497	1294	1794	1874	669	1803	857	2050	202	700	2101	2158	1123	2461	675	1649	2804	1473	1530	1064	1608	1854	1444	1692	1625	2546	2218	1353	1750	1983	1600	1455	2297	580	1769	681	544	1020	1300	85	1758	740	965	955	843	1122	1562	1799	1694	1908	1797	1676	1681	1362	1255	1192	2245	2387	2030	436	1936	1622	1462	587	2143	2150	1198	928	1881	1315	1753	1541	1505	2326	1144	2153	503	1453	590	2639	
1958	499	684	1359	1223	1044	2893	1437	2572	1660	2390	1703	1404	1418	1578	2359	1708	1993	1752	1644	9999	1314	248	2318	1779	2548	1516	1397	2078	387	1230	2437	1538	1855	428	1470	2231	1311	1318	1669	457	1587	1308	2302	1636	2011	1257	2210	1892	807	2475	2414	1966	990	1522	1350	1434	1848	587	1108	2389	937	2358	1620	1109	2117	1347	362	1047	306	1227	1047	681	1400	1193	410	762	2641	1510	854	1637	2736	974	2340	1763	977	2393	1578	262	1791	473	1721	1633	578	661	2206	1717	1646	1655	1490	1418	217	2270	963	1783	1584	1242	1399	1687	1601	332	1371	1233	1564	837	1361	2470	589	1284	2252	348	27	560	1104	2043	1224	2482	2369	740	1248	395	2356	887	1184	2463	1525	2249	1006	317	899	1642	2207	1507	1798	1640	2524	1066	1587	1008	2368	
1624	732	1798	1725	955	323	2867	56	2706	2265	3012	1762	911	2026	1130	2689	305	2198	2266	746	1314	9999	979	2231	388	2585	1291	620	2233	1026	525	2379	2328	507	803	2187	2440	655	546	1583	1395	522	1121	2740	2398	2028	449	2799	2119	647	2835	3036	1649	291	557	829	2174	672	1671	1546	2457	374	2745	730	740	2599	600	933	1931	1204	651	486	1808	2178	86	1241	939	2750	895	758	2439	2861	363	2939	1434	869	3153	628	1388	431	1009	2297	1964	1051	950	2949	2546	537	2197	2294	745	1021	2805	515	2262	186	1025	191	509	850	1226	14	137	217	1004	1603	2333	1768	854	2530	1263	1381	1046	534	1977	345	2842	2904	1377	905	1411	2352	700	158	2765	2425	1990	226	1377	1534	2193	2244	1956	2646	378	2792	739	611	375	3064	
1875	243	950	1423	936	758	2914	1105	2626	1813	2566	1703	1237	1560	1440	2461	1373	2048	1883	1415	248	979	9999	2309	1441	2576	1426	1059	2121	339	991	2439	1737	1512	190	1645	2295	978	977	1629	614	1321	1044	2433	1833	2017	1001	2380	1947	475	2583	2592	1887	686	1268	1035	1616	1505	832	1171	2421	585	2477	1390	928	2254	1118	230	1255	232	897	702	951	1592	870	330	662	2689	1326	685	1847	2792	624	2515	1667	686	2614	1237	473	1451	244	1868	1705	366	403	2418	1935	1303	1790	1692	1091	10	2426	721	1905	1256	1125	1050	1342	1397	267	1035	885	1218	758	1388	2453	872	975	2335	304	323	348	764	2029	874	2591	2522	642	1098	433	2370	562	872	2556	1755	2192	664	368	1002	1779	2226	1605	2024	1295	2611	886	1245	731	2566	
538	2042	1871	917	3057	1892	557	2234	469	1065	1377	517	1229	1108	1011	717	2446	415	915	1483	2318	2231	2309	9999	2535	287	866	2892	318	1887	1615	73	1381	2696	2064	1260	412	2891	2805	596	1797	1712	3173	912	1337	223	1687	1187	481	2590	847	1395	507	1987	1629	3029	1295	2944	1850	1142	220	2417	834	1487	1460	908	1538	1986	1532	2610	2850	2621	1887	1355	2102	2713	1561	485	1251	1604	1414	589	2447	1286	707	2880	1788	2933	1999	2616	2618	1019	714	2730	2721	1536	1496	2847	968	1401	2988	2329	1102	1738	858	2243	1174	2509	2809	1332	2645	2246	2409	2491	1463	871	85	1962	3019	549	2676	2291	2715	2697	192	2601	851	1151	3017	1266	2770	87	2693	2009	719	1585	234	2273	2695	1375	986	122	895	1571	2665	688	1481	2920	1859	1548	
1910	1222	2281	2152	1111	794	3124	295	3032	2693	3328	2131	1264	2475	1453	3055	36	2571	2681	972	1779	388	1441	2535	9999	2897	1649	674	2593	1522	924	2671	2773	93	1292	2636	2791	764	656	1938	1884	735	1256	3111	2838	2373	837	3170	2507	1001	3166	3344	1936	774	820	922	2626	376	2153	1994	2776	763	3108	966	1171	2992	955	1424	2405	1619	807	767	2289	2633	540	1636	1419	3063	1211	1233	2884	3143	733	3272	1742	1126	3441	552	1873	32	1407	2720	2377	1418	1303	3298	2985	385	2624	2742	794	1480	3169	987	2673	216	1431	310	305	1121	1636	337	450	136	1479	2023	2613	2251	979	2896	1667	1850	1418	775	2304	555	3171	3234	1702	1304	1810	2661	1010	605	3110	2879	2264	665	1787	2001	2622	2574	2388	3076	185	3124	1180	525	848	3376	
928	2338	2017	1112	3294	2234	264	2594	128	1074	1159	796	1593	1195	1387	486	2802	479	919	1863	2548	2585	2576	287	2897	9999	1219	3177	383	2148	1970	161	1388	3052	2354	1301	300	3173	3118	933	2011	2085	3394	701	1320	483	2045	1008	580	2897	570	1172	897	2328	2002	3275	1340	3232	2017	1360	89	2734	601	1866	1799	767	1901	2262	1642	2864	3140	2942	2031	1401	2457	2965	1856	120	1624	1921	1391	214	2767	1074	1087	3145	1599	3211	2215	2971	2895	1014	851	3005	3004	1370	1450	3156	999	1419	3246	2594	905	2072	863	2607	1514	2853	3132	1710	2901	2602	2745	2841	1754	1113	273	2116	3266	389	2930	2517	2986	3017	517	2935	572	925	3219	1614	3007	153	2996	2363	441	1581	603	2607	2936	1578	1018	266	1014	1505	3015	384	1818	3202	2196	1345	
350	1119	1325	568	2138	924	1536	1308	1347	1117	1815	392	288	950	155	1364	1554	839	1051	640	1516	1291	1426	866	1649	1219	9999	1954	859	1028	652	1013	1319	1818	1156	1157	1073	1952	1871	200	1079	836	2297	1455	1345	638	731	1586	775	1649	1519	1841	361	1020	735	2100	1167	2049	1248	582	1079	1463	1439	633	483	1331	590	1104	1149	1750	1916	1676	1343	1202	1152	1856	655	1394	353	651	1414	1509	1493	1727	162	1952	2096	2008	1257	1730	1722	1122	694	1838	1813	1829	1531	1932	1019	1307	2061	1455	1563	766	1026	1341	216	1573	1901	479	1788	1311	1460	1573	568	413	990	1385	2091	1183	1825	1512	1822	1756	590	1654	1526	1650	2151	296	1938	975	1759	1053	1432	1495	681	1315	1868	776	1023	860	774	1635	1756	1452	505	1994	888	1921	
2319	1021	2082	2274	338	932	3390	676	3253	2757	3386	2393	1604	2519	1828	3207	686	2800	2785	1479	1397	620	1059	2892	674	3177	1954	9999	2846	1346	1215	3024	2757	614	1061	2644	3035	43	31	2234	1710	1253	470	3225	2840	2667	1150	3237	2715	479	3315	3403	2342	838	1291	154	2623	425	1961	2059	3072	452	3239	1463	1381	3114	1312	1213	2322	1098	101	264	2085	2615	719	1070	1436	3295	1607	1301	2868	3364	413	3340	2119	425	3442	114	1620	613	864	2799	2535	819	698	3317	2961	248	2709	2719	58	1087	3254	1105	2792	768	1667	366	326	1577	1101	629	412	506	1527	2177	2992	2020	210	3097	1122	1480	827	200	2633	210	3320	3326	1024	1566	1241	2989	414	815	3270	2813	2672	547	1246	1981	2703	2883	2496	3054	404	3302	1365	130	969	3407	
723	1899	1542	622	2968	1854	745	2259	419	646	1004	377	1250	721	1072	417	2501	41	494	1582	2078	2233	2121	318	2593	383	859	2846	9999	1689	1613	351	963	2749	1909	853	123	2831	2758	563	1535	1792	3096	557	916	172	1693	795	117	2484	564	1026	692	1936	1696	2961	890	2967	1539	874	222	2340	508	1580	1410	509	1561	1806	1168	2415	2782	2551	1557	952	2087	2522	1410	483	1309	1499	992	590	2377	912	806	2766	1400	2917	1739	2667	2454	596	365	2571	2578	1133	1072	2851	554	988	2940	2135	725	1675	438	2293	1119	2506	2824	1422	2451	2257	2385	2516	1309	639	458	1641	2943	234	2481	2041	2555	2629	284	2560	571	792	2838	1235	2557	244	2591	1996	467	1171	561	2217	2484	1090	572	124	528	1149	2687	481	1422	2906	1811	1164	
1485	227	671	978	1321	663	2499	1136	2199	1398	2172	1270	913	1139	1086	2030	1436	1613	1459	1185	387	1026	339	1887	1522	2148	1028	1346	1689	9999	779	2013	1356	1629	190	1246	1864	1287	1254	1209	277	1158	1449	2009	1447	1588	821	1973	1513	808	2158	2197	1495	645	1078	1381	1220	1700	542	725	1988	795	2049	1161	624	1834	886	64	885	639	1213	978	679	1204	876	751	277	2267	1022	378	1470	2374	838	2109	1282	1079	2260	1493	269	1555	675	1451	1266	803	825	2039	1570	1514	1368	1313	1406	353	2013	529	1479	1271	748	1194	1533	1125	676	1081	1021	1323	352	944	2032	635	1335	1905	710	401	785	1057	1606	1095	2166	2111	1084	755	815	1940	919	835	2127	1404	1790	781	739	572	1357	1797	1170	1664	1447	2184	581	1494	615	2186	
1012	646	1446	1139	1456	212	2268	551	2094	1702	2459	1134	288	1479	506	2086	822	1582	1684	317	1230	525	991	1615	924	1970	652	1215	1613	779	9999	1762	1810	1086	714	1658	1821	1223	1131	948	1060	283	1618	2149	1868	1403	28	2233	1507	998	2237	2485	1037	312	202	1387	1651	1304	1327	991	1837	758	2148	296	164	2009	58	760	1472	1308	1194	963	1460	1666	393	1390	497	2140	303	320	1919	2255	780	2379	809	1295	2667	1258	1140	996	1199	1728	1363	1291	1230	2419	2031	1178	1626	1783	1331	1031	2230	177	1674	609	402	809	1147	319	1343	546	700	816	514	999	1724	1451	1389	1918	1383	1267	1279	1041	1353	911	2245	2327	1634	281	1525	1732	1097	298	2160	1934	1387	587	1466	1041	1624	1621	1376	2136	1001	2186	183	1243	203	2532	
685	2176	1960	1019	3162	2035	415	2382	352	1103	1329	643	1379	1176	1162	655	2586	453	949	1627	2437	2379	2439	73	2671	161	1013	3024	351	2013	1762	9999	1421	2838	2197	1311	380	3022	2943	740	1912	1860	3271	863	1368	331	1835	1155	537	2723	771	1346	655	2128	1776	3138	1348	3073	1946	1253	145	2555	775	1632	1604	886	1683	2113	1609	2731	2984	2759	1977	1409	2250	2839	1695	355	1401	1743	1444	454	2585	1240	857	3010	1754	3063	2110	2755	2744	1051	794	2863	2854	1511	1517	2983	1013	1446	3112	2458	1061	1883	891	2390	1319	2648	2948	1481	2767	2393	2549	2628	1596	988	66	2057	3134	508	2798	2410	2845	2838	322	2738	774	1098	3124	1414	2894	47	2830	2152	639	1621	355	2418	2815	1483	1031	163	970	1584	2807	595	1624	3053	2001	1508	
1519	1666	764	637	2735	1912	1718	2402	1298	220	763	982	1600	267	1559	927	2680	861	366	2002	1538	2328	1737	1381	2773	1388	1319	2757	963	1356	1810	1421	9999	2913	1636	84	982	2707	2669	1165	1015	2129	2847	783	41	1110	1891	601	791	2257	990	787	1499	1951	2027	2799	81	3039	840	712	1241	2224	873	1988	1558	606	1830	1492	384	1934	2640	2418	773	76	2164	2041	1300	1379	1714	1479	49	1447	2267	721	1460	2508	814	2886	1183	2829	2062	271	612	2181	2233	586	138	2881	307	12	2821	1732	683	1717	424	2493	1362	2548	2884	1857	1963	2370	2395	2626	1232	798	1532	876	2754	914	1981	1469	2162	2495	1227	2508	997	777	2368	1485	2010	1307	2362	2088	1035	118	1551	2171	1937	706	293	1178	461	237	2774	1121	1543	2884	1860	744	
2077	1322	2394	2308	1059	934	3240	435	3157	2840	3418	2299	1434	2614	1622	3176	177	2729	2832	1150	1855	507	1512	2696	93	3052	1818	614	2749	1629	1086	2838	2913	9999	1388	2774	2950	713	616	2103	1994	911	1192	3221	2972	2538	1000	3280	2659	1027	3283	3430	2105	901	994	855	2762	228	2267	2138	2939	817	3220	1143	1328	3125	1123	1527	2531	1660	771	780	2402	2768	671	1666	1556	3189	1384	1375	3014	3265	782	3379	1915	1108	3467	461	1970	30	1441	2870	2531	1439	1319	3394	3107	289	2771	2882	721	1549	3280	1131	2824	376	1592	354	208	1295	1674	464	516	211	1618	2177	2776	2357	923	3047	1704	1927	1441	770	2474	567	3289	3343	1701	1468	1842	2826	1018	747	3222	3003	2435	751	1827	2134	2769	2734	2537	3181	145	3237	1334	435	987	3447	
1605	20	939	1223	1045	508	2684	923	2420	1668	2445	1469	953	1412	1158	2276	1212	1839	1720	1139	428	803	190	2064	1292	2354	1156	1061	1909	190	714	2197	1636	1388	9999	1528	2086	1000	969	1376	543	1060	1181	2266	1724	1782	732	2241	1739	526	2410	2471	1618	459	998	1097	1503	1437	810	975	2193	515	2301	1114	642	2088	838	74	1171	504	928	694	945	1487	668	601	409	2483	1041	408	1748	2586	558	2383	1396	806	2534	1213	485	1316	466	1718	1509	584	581	2316	1850	1242	1633	1595	1121	222	2277	446	1736	1067	847	937	1266	1115	539	859	764	1082	504	1168	2204	887	1053	2136	579	479	567	771	1785	817	2417	2379	903	814	713	2131	638	650	2373	1684	1934	524	647	847	1623	1995	1427	1943	1191	2424	600	1215	476	2464	
1363	1554	727	476	2640	1771	1643	2260	1230	145	837	829	1442	119	1397	889	2544	747	282	1847	1470	2187	1645	1260	2636	1301	1157	2644	853	1246	1658	1311	84	2774	1528	9999	898	2599	2557	1004	927	1978	2754	775	123	974	1740	648	666	2148	973	863	1345	1817	1875	2694	9	2919	784	558	1147	2103	853	1833	1407	588	1675	1384	326	1865	2534	2302	739	37	2028	1971	1163	1312	1556	1336	173	1389	2144	782	1299	2411	948	2763	1107	2692	1978	206	468	2096	2141	700	282	2752	204	80	2709	1643	711	1578	332	2348	1203	2420	2752	1697	1895	2229	2263	2497	1090	635	1415	841	2653	847	1916	1405	2079	2382	1089	2386	980	811	2301	1327	1952	1199	2258	1951	999	251	1411	2045	1880	577	188	1062	309	387	2645	1081	1391	2760	1718	848	
920	2081	1648	783	3130	2055	639	2466	255	669	857	582	1464	804	1285	227	2697	165	514	1790	2231	2440	2295	412	2791	300	1073	3035	123	1864	1821	380	982	2950	2086	898	9999	3018	2951	778	1680	2000	3229	399	917	358	1903	668	255	2663	367	876	889	2136	1907	3129	939	3138	1658	1038	175	2535	331	1788	1615	403	1770	1981	1259	2573	2970	2738	1662	999	2295	2679	1600	328	1523	1695	988	426	2568	766	1016	2946	1279	3092	1887	2870	2621	609	502	2738	2748	1024	1051	3044	597	1014	3113	2309	582	1880	461	2501	1328	2699	3019	1631	2608	2464	2582	2711	1502	823	511	1754	3113	70	2634	2188	2722	2818	464	2752	373	632	2995	1447	2706	277	2772	2200	264	1181	710	2419	2632	1240	616	224	644	1112	2891	275	1626	3084	2013	1030	
2328	966	2014	2243	245	929	3389	725	3242	2718	3354	2379	1610	2479	1836	3194	767	2781	2750	1510	1311	655	978	2891	764	3173	1952	43	2831	1287	1223	3022	2707	713	1000	2599	3018	9999	47	2227	1648	1291	388	3204	2790	2658	1163	3208	2695	398	3297	3375	2351	830	1320	93	2577	527	1896	2023	3066	417	3220	1492	1373	3087	1326	1152	2264	999	27	213	2018	2565	736	967	1401	3286	1620	1276	2815	3358	378	3316	2124	318	3417	210	1550	707	767	2761	2509	716	597	3279	2917	349	2673	2668	53	1004	3227	1092	2759	830	1658	424	429	1598	1000	671	435	581	1495	2150	2995	1947	127	3080	1021	1394	725	139	2628	221	3303	3305	917	1562	1139	2984	321	830	3252	2756	2680	535	1146	1934	2666	2874	2462	3002	492	3284	1354	228	962	3377	
2235	930	1997	2181	349	842	3333	613	3194	2669	3325	2303	1521	2430	1743	3144	655	2712	2696	1404	1318	546	977	2805	656	3118	1871	31	2758	1254	1131	2943	2669	616	969	2557	2951	47	9999	2144	1622	1184	496	3163	2750	2585	1065	3176	2629	405	3244	3342	2260	747	1215	193	2538	463	1878	1967	2995	361	3178	1388	1290	3042	1229	1123	2231	1032	77	185	2001	2528	637	1010	1342	3226	1527	1208	2777	3311	320	3277	2038	390	3405	169	1537	603	798	2710	2447	763	641	3245	2881	275	2622	2633	115	1006	3192	1012	2703	716	1580	311	343	1499	1037	561	334	471	1434	2085	2918	1935	229	3024	1060	1401	769	124	2550	129	3250	3261	990	1479	1187	2913	349	732	3205	2726	2596	458	1187	1892	2616	2794	2405	2968	393	3232	1274	181	880	3346	
272	1350	1350	448	2403	1210	1261	1602	1052	918	1565	131	573	799	406	1075	1844	549	826	917	1669	1583	1629	596	1938	933	200	2234	563	1209	948	740	1165	2103	1376	1004	778	2227	2144	9999	1180	1125	2552	1179	1172	350	1027	1335	496	1907	1230	1589	262	1304	1025	2375	1022	2337	1295	567	787	1732	1156	913	761	1067	888	1303	1095	1945	2183	1946	1367	1068	1443	2052	860	1102	634	898	1245	1216	1764	1476	206	2203	1881	2292	1376	2019	1941	911	472	2059	2044	1605	1357	2217	813	1162	2338	1651	1302	1043	793	1633	472	1862	2185	752	1982	1603	1744	1864	762	317	736	1426	2363	890	2017	1653	2042	2027	318	1935	1237	1389	2364	573	2118	690	2015	1346	1140	1356	484	1594	2045	797	821	567	593	1460	2044	1157	780	2279	1172	1683	
1511	593	305	799	1651	1008	2368	1499	2028	1108	1869	1178	1086	855	1206	1806	1795	1444	1194	1425	457	1395	614	1797	1884	2011	1079	1710	1535	277	1060	1912	1015	1994	543	927	1680	1648	1622	1180	9999	1446	1764	1753	1114	1484	1120	1678	1338	1162	1924	1893	1513	1006	1354	1730	895	2070	188	553	1848	1173	1808	1403	851	1571	1147	397	528	840	1574	1349	313	869	1239	955	459	2099	1210	633	1127	2199	1215	1814	1329	1408	1918	1863	121	1920	952	1168	1072	1076	1125	1709	1221	1886	1097	970	1764	609	1730	846	1223	1623	866	1570	1905	1334	873	1448	1399	1692	478	821	1953	290	1679	1699	898	415	1057	1424	1531	1473	1931	1832	1296	921	959	1824	1266	1191	1912	1043	1764	1161	879	340	1083	1673	940	1314	1818	1974	812	1865	958	1867	
1070	986	1823	1434	1578	455	2348	474	2238	1994	2711	1336	460	1789	615	2290	642	1780	1957	149	1587	522	1321	1712	735	2085	836	1253	1792	1158	283	1860	2129	911	1060	1978	2000	1291	1184	1125	1446	9999	1741	2382	2180	1557	234	2497	1718	1200	2442	2735	1100	540	43	1465	1976	1191	1707	1325	1970	926	2367	141	504	2255	218	1127	1827	1616	1284	1094	1836	1995	473	1683	880	2274	382	699	2237	2386	933	2631	904	1466	2953	1238	1522	824	1477	2013	1620	1551	1473	2698	2353	1115	1913	2106	1380	1363	2482	517	1940	443	676	788	1060	283	1646	510	748	713	891	1282	1795	1829	1486	2108	1685	1629	1543	1157	1482	973	2450	2566	1889	550	1831	1851	1279	408	2353	2270	1436	742	1779	1403	1914	1760	1661	2460	903	2368	534	1217	479	2800	
2689	1174	2078	2486	88	1313	3471	1206	3431	2908	3449	2671	1987	2658	2211	3368	1262	3049	2956	1942	1308	1121	1044	3173	1256	3394	2297	470	3096	1449	1618	3271	2847	1192	1181	2754	3229	388	496	2552	1764	1741	9999	3363	2937	2963	1572	3344	2959	559	3438	3457	2709	1207	1757	234	2728	952	1971	2248	3293	753	3390	1926	1720	3241	1732	1312	2390	917	365	548	2077	2706	1172	838	1656	3455	2017	1576	2950	3468	730	3423	2496	270	3462	626	1618	1194	725	2952	2748	617	538	3381	3035	802	2876	2804	362	1053	3370	1442	2970	1319	1993	910	889	2014	902	1147	893	1077	1756	2419	3260	1993	184	3273	904	1391	634	482	2948	670	3442	3425	637	1915	971	3235	447	1255	3420	2867	3033	924	1009	2116	2866	3142	2677	3105	978	3442	1695	653	1336	3451	
1391	2275	1611	965	3274	2349	951	2781	525	550	358	960	1829	792	1684	128	3033	527	456	2185	2302	2740	2433	912	3111	701	1455	3225	557	2009	2149	863	783	3221	2266	775	399	3204	3163	1179	1753	2382	3363	9999	685	822	2234	213	569	2865	121	376	1361	2420	2280	3296	815	3361	1655	1199	627	2769	43	2181	1926	102	2119	2137	1204	2669	3165	2968	1622	867	2596	2777	1821	596	1908	1950	735	624	2806	274	1454	3114	790	3300	1946	3161	2755	488	699	2878	2908	557	749	3264	549	827	3291	2438	117	2158	435	2836	1653	2990	3249	2027	2701	2771	2862	3025	1727	1071	1003	1721	3269	259	2725	2247	2859	3046	946	3010	126	147	3084	1779	2776	764	2966	2510	198	935	1215	2674	2702	1341	563	716	746	771	3157	279	1927	3291	2301	533	
1517	1754	869	666	2825	1979	1645	2468	1219	182	659	979	1641	299	1587	837	2742	814	316	2042	1636	2398	1833	1337	2838	1320	1345	2840	916	1447	1868	1368	41	2972	1724	123	917	2790	2750	1172	1114	2180	2937	685	9999	1079	1948	498	753	2345	895	683	1496	2024	2074	2888	138	3097	944	771	1180	2308	778	2029	1615	513	1883	1582	483	2032	2723	2502	879	152	2236	2138	1375	1301	1753	1549	22	1364	2350	616	1472	2596	734	2957	1283	2898	2157	219	602	2279	2329	495	100	2951	277	77	2908	1829	579	1786	371	2552	1409	2619	2952	1895	2062	2438	2470	2693	1303	828	1484	980	2843	837	2080	1570	2261	2575	1201	2584	902	671	2468	1535	2108	1254	2452	2157	946	171	1525	2251	2037	787	263	1130	468	197	2845	1031	1601	2956	1929	648	
460	1764	1556	594	2820	1660	826	2044	595	802	1262	222	1025	807	831	674	2277	211	664	1338	2011	2028	2017	223	2373	483	638	2667	172	1588	1403	331	1110	2538	1782	974	358	2658	2585	350	1484	1557	2963	822	1079	9999	1482	1046	230	2332	826	1285	432	1752	1465	2799	1006	2765	1535	819	336	2169	774	1337	1216	761	1339	1694	1218	2322	2617	2386	1573	1065	1892	2432	1273	644	1073	1336	1159	759	2202	1169	551	2623	1639	2724	1689	2454	2339	767	413	2460	2455	1371	1251	2652	700	1125	2768	2035	983	1495	611	2070	924	2305	2622	1178	2358	2047	2188	2303	1173	551	378	1648	2784	487	2391	1984	2443	2467	59	2380	833	1054	2738	1031	2483	260	2444	1796	719	1316	342	2037	2407	1053	715	134	588	1337	2487	723	1233	2711	1622	1413	
1078	661	1511	1224	1405	183	2339	470	2172	1786	2539	1215	355	1562	573	2168	737	1662	1769	316	1257	449	1001	1687	837	2045	731	1150	1693	821	28	1835	1891	1000	732	1740	1903	1163	1065	1027	1120	234	1572	2234	1948	1482	9999	2318	1589	963	2320	2563	1104	280	174	1328	1734	1220	1390	1076	1914	712	2232	295	238	2090	86	792	1547	1311	1136	912	1524	1747	324	1389	561	2218	354	379	1998	2331	731	2462	879	1254	2745	1185	1189	911	1190	1812	1449	1276	1209	2501	2110	1098	1710	1866	1267	1043	2314	199	1759	523	484	732	1065	350	1345	468	631	733	587	1086	1793	1511	1333	1998	1385	1299	1264	986	1429	845	2328	2411	1618	360	1530	1807	1058	232	2243	2013	1453	535	1473	1120	1708	1698	1462	2219	920	2268	255	1169	187	2611	
1595	2261	1476	1006	3258	2401	1260	2853	837	477	142	1115	1940	735	1826	421	3099	736	454	2321	2210	2799	2380	1187	3170	1008	1586	3237	795	1973	2233	1155	601	3280	2241	648	668	3208	3176	1335	1678	2497	3344	213	498	1046	2318	9999	746	2848	393	166	1568	2462	2395	3292	682	3402	1541	1206	922	2778	312	2312	1993	191	2218	2104	1075	2597	3168	2973	1484	721	2649	2699	1836	908	2030	1983	524	933	2818	72	1625	3090	498	3320	1861	3214	2700	432	786	2819	2860	259	504	3301	523	650	3299	2380	48	2206	462	2922	1742	3038	3292	2159	2625	2834	2903	3078	1749	1141	1293	1585	3263	532	2645	2146	2801	3050	1176	3034	396	95	3016	1871	2681	1049	2951	2566	491	709	1469	2701	2611	1301	529	980	769	501	3200	575	1989	3317	2350	265	
740	1735	1339	434	2823	1727	948	2153	594	480	971	286	1161	523	1006	485	2411	41	340	1523	1892	2119	1947	481	2507	580	775	2715	117	1513	1507	537	791	2659	1739	666	255	2695	2629	496	1338	1718	2959	569	753	230	1589	746	9999	2329	636	995	712	1808	1618	2825	702	2870	1336	683	417	2197	551	1518	1287	469	1467	1632	964	2232	2647	2414	1355	763	1973	2344	1248	666	1235	1351	831	772	2234	879	776	2615	1329	2793	1548	2578	2281	440	177	2405	2416	1053	922	2737	384	810	2808	1960	699	1546	291	2199	1000	2392	2715	1359	2268	2146	2261	2414	1148	469	635	1442	2802	318	2297	1854	2388	2495	351	2434	644	783	2663	1124	2376	434	2441	1883	562	997	666	2083	2298	893	401	294	331	1006	2586	600	1294	2782	1682	1110	
2066	508	1526	1838	418	688	3170	767	2971	2291	3040	2028	1355	2037	1583	2865	960	2424	2338	1374	807	647	475	2590	1001	2897	1649	479	2484	808	998	2723	2257	1027	526	2148	2663	398	405	1907	1162	1200	559	2865	2345	2332	963	2848	2329	9999	2991	3060	2084	581	1192	464	2122	956	1404	1601	2743	188	2897	1352	1069	2695	1122	670	1792	532	317	162	1528	2106	624	531	989	3029	1401	907	2368	3119	195	2979	1862	210	3108	662	1048	983	309	2339	2109	311	209	2921	2464	751	2254	2213	505	500	2883	788	2352	916	1342	583	805	1419	542	693	461	776	1091	1765	2712	1455	419	2723	570	891	311	201	2319	352	2999	2974	616	1265	708	2672	48	684	2952	2295	2421	353	695	1486	2244	2547	2043	2553	794	2994	1039	672	699	3055	
1394	2415	1801	1100	3366	2452	771	2870	374	744	487	1019	1899	971	1737	78	3096	566	629	2238	2475	2835	2583	847	3166	570	1519	3315	564	2158	2237	771	990	3283	2410	973	367	3297	3244	1230	1924	2442	3438	121	895	826	2320	393	636	2991	9999	497	1364	2525	2344	3381	1015	3415	1842	1344	536	2892	53	2235	2020	283	2196	2288	1397	2831	3251	3078	1814	1069	2688	2938	1948	433	1964	2066	947	439	2928	416	1484	3210	938	3367	2116	3217	2910	677	818	3023	3046	732	961	3337	728	1035	3371	2591	282	2267	597	2915	1742	3076	3323	2078	2865	2862	2959	3098	1856	1187	912	1913	3358	240	2891	2422	3006	3139	938	3106	0	267	3203	1866	2942	686	3088	2603	60	1146	1173	2786	2872	1504	744	675	896	979	3223	114	2025	3362	2408	677	
1837	2493	1657	1263	3409	2639	1375	3079	976	716	4	1370	2191	974	2075	578	3278	976	708	2567	2414	3036	2592	1395	3344	1172	1841	3403	1026	2197	2485	1346	787	3430	2471	863	876	3375	3342	1589	1893	2735	3457	376	683	1285	2563	166	995	3060	497	9999	1808	2695	2637	3429	894	3469	1734	1455	1110	3006	461	2560	2244	422	2472	2332	1277	2793	3333	3164	1665	924	2891	2902	2075	1038	2284	2228	690	1038	3045	50	1875	3248	337	3450	2062	3391	2912	675	1046	3022	3061	207	635	3440	776	835	3432	2590	203	2455	719	3133	1995	3216	3434	2415	2822	3065	3116	3257	1993	1398	1486	1766	3413	732	2841	2346	3005	3218	1410	3209	497	156	3171	2119	2872	1248	3140	2805	621	850	1688	2937	2798	1537	781	1198	1024	593	3373	696	2239	3446	2593	102	
6	1582	1704	806	2557	1335	1161	1643	1070	1230	1785	409	647	1146	423	1214	1847	725	1118	864	1966	1649	1887	507	1936	897	361	2342	692	1495	1037	655	1499	2105	1618	1345	889	2351	2260	262	1513	1100	2709	1361	1496	432	1104	1568	712	2084	1364	1808	9999	1439	1018	2508	1367	2371	1644	930	794	1884	1314	869	920	1288	943	1571	1459	2206	2320	2087	1721	1416	1534	2310	1125	1097	647	1115	1571	1208	1910	1693	141	2386	2134	2373	1698	2024	2175	1212	781	2288	2261	1869	1674	2276	1124	1502	2456	1916	1516	1202	1075	1643	663	1931	2233	715	2244	1659	1841	1900	1035	674	591	1776	2506	1025	2281	1958	2273	2165	320	2045	1370	1588	2603	723	2397	657	2189	1437	1252	1693	248	1725	2323	1156	1136	591	930	1772	2083	1245	951	2357	1307	1926	
1416	386	1416	1373	1041	43	2631	385	2437	1905	2670	1464	680	1658	913	2384	682	1894	1916	686	990	291	686	1987	774	2328	1020	838	1936	645	312	2128	1951	901	459	1817	2136	830	747	1304	1006	540	1207	2420	2024	1752	280	2462	1808	581	2525	2695	1439	9999	510	985	1802	1036	1289	1175	2182	346	2433	663	434	2264	432	564	1547	969	791	551	1426	1803	142	1035	549	2489	712	384	2063	2596	371	2601	1209	876	2833	916	1013	818	823	1939	1628	902	829	2597	2172	873	1844	1919	945	729	2474	175	1916	511	722	508	866	725	999	337	362	592	624	1261	2102	1390	980	2220	1039	1047	892	632	1717	532	2533	2567	1249	620	1189	2089	677	108	2466	2043	1781	199	1139	1146	1839	1971	1604	2278	747	2500	419	906	61	2721	
989	929	1727	1326	1592	419	2271	526	2147	1891	2614	1234	357	1682	520	2191	724	1681	1855	104	1522	557	1268	1629	820	2002	735	1291	1696	1078	202	1776	2027	994	998	1875	1907	1320	1215	1025	1354	43	1757	2280	2074	1465	174	2395	1618	1192	2344	2637	1018	510	9999	1492	1873	1263	1614	1217	1884	924	2267	91	408	2150	123	1055	1724	1574	1306	1105	1740	1893	482	1644	786	2185	289	609	2129	2298	936	2533	815	1468	2855	1290	1438	908	1444	1910	1518	1525	1452	2600	2248	1176	1806	2005	1414	1309	2380	448	1838	516	568	834	1126	207	1604	554	776	780	791	1176	1717	1737	1509	2015	1642	1560	1515	1173	1391	1000	2352	2471	1866	444	1786	1763	1276	405	2258	2164	1361	740	1731	1299	1807	1670	1557	2355	970	2273	437	1270	432	2699	
2485	1071	2080	2367	126	1087	3454	901	3343	2825	3416	2518	1768	2582	1992	3285	933	2917	2866	1677	1350	829	1035	3029	922	3275	2100	154	2961	1381	1387	3138	2799	855	1097	2694	3129	93	193	2375	1730	1465	234	3296	2888	2799	1328	3292	2825	464	3381	3429	2508	985	1492	9999	2670	628	1964	2137	3172	548	3313	1659	1525	3175	1492	1243	2351	1004	109	335	2082	2656	906	957	1527	3383	1784	1413	2910	3434	514	3386	2285	288	3456	304	1614	858	780	2872	2629	706	595	3344	2997	470	2783	2759	63	1056	3314	1242	2877	1003	1808	592	553	1764	1000	847	604	749	1620	2283	3124	2008	25	3178	1014	1434	718	255	2772	384	3385	3380	850	1712	1118	3111	365	997	3345	2840	2833	691	1136	2038	2775	3008	2576	3077	644	3373	1504	329	1119	3427	
