NAME: kroC100Preorder
TYPE: ATSP
DIMENSION: 100
EDGE_WEIGHT_TYPE: EXPLICIT
EDGE_WEIGHT_FORMAT: FULL_MATRIX 
EDGE_WEIGHT_SECTION
9999	1290	1410	624	2047	1064	948	1331	872	1005	1492	295	453	926	267	998	1495	567	907	637	1606	1339	1543	379	1570	722	226	1895	541	1220	798	509	1246	1704	1321	1113	715	1902	1831	164	1239	847	2143	1139	1244	318	855	1314	556	1695	1142	1513	3	1162	777	2012	1134	1913	1357	729	630	1532	1096	642	699	1067	712	1281	1208	1804	1878	1696	1423	1176	1236	1879	883	897	451	870	1310	993	1553	1420	67	1929	1773	1916	1397	1633	1772	989	609	1858	1838	1559	1399	1842	910	1247	
1290	9999	781	981	816	301	2130	652	1963	1392	2000	1192	697	1175	880	1864	907	1509	1429	848	350	548	146	1676	978	1909	888	807	1561	135	474	1787	1374	1074	9	1276	1707	755	724	1101	429	774	935	1860	1447	1454	487	1849	1431	355	1965	2017	1302	257	723	848	1258	1129	667	771	1790	324	1887	825	424	1723	583	63	965	399	694	484	788	1246	430	480	261	2005	771	237	1465	2072	357	1958	1108	608	2063	929	387	1002	349	1432	1239	445	433	1915	1550	947	1357	1342	
1410	781	9999	656	1624	1162	1933	1563	1632	743	1347	1039	1162	557	1228	1407	1802	1182	852	1464	508	1479	741	1540	1866	1653	1076	1708	1267	496	1187	1608	576	1951	732	544	1358	1650	1635	1101	190	1500	1705	1327	670	1278	1239	1212	1090	1253	1481	1366	1406	1162	1425	1706	511	1996	34	493	1528	1286	1389	1450	976	1171	1248	599	191	867	1591	1424	0	470	1355	958	641	1700	1268	809	662	1770	1322	1314	1280	1435	1329	1835	244	1894	1009	803	848	1121	1184	1178	727	1858	764	533	
624	981	656	9999	1916	1058	1214	1464	904	320	990	211	672	168	617	750	1688	375	305	1033	1110	1423	1168	712	1765	882	408	1859	452	767	905	805	465	1888	979	330	594	1837	1791	309	607	1177	2013	754	492	430	980	792	299	1514	871	1016	612	1122	1077	1930	339	2014	632	87	735	1428	779	1021	687	606	902	876	385	1408	1793	1596	671	366	1290	1497	563	966	769	683	549	1065	1459	919	543	1739	1206	1934	796	1821	1451	338	109	1552	1565	955	654	1907	255	455	
2047	816	1624	1916	9999	911	2628	822	2566	2215	2594	2040	1504	2048	1683	2523	882	2310	2249	1463	979	746	729	2399	881	2535	1753	215	2343	1073	1196	2457	2180	836	824	2116	2437	148	225	1958	1361	1299	48	2522	2244	2241	1152	2512	2243	283	2575	2600	2060	822	1311	68	2097	647	1541	1731	2474	423	2541	1450	1285	2447	1291	944	1863	654	126	257	1625	2085	790	598	1242	2590	1529	1168	2255	2618	403	2567	1907	83	2609	356	1246	832	468	2248	2098	388	311	2543	2318	501	2190	2147	
1064	301	1162	1058	911	9999	2049	269	1917	1522	2097	1125	413	1323	613	1885	518	1489	1525	420	823	203	570	1556	603	1830	718	726	1526	489	124	1669	1572	728	355	1459	1686	723	645	966	794	314	1065	1918	1622	1369	103	1956	1425	512	1989	2115	1086	23	284	860	1449	866	1043	888	1716	310	1924	401	219	1803	205	434	1248	831	691	484	1172	1453	94	894	359	1955	439	212	1657	2028	327	2050	875	771	2221	784	818	651	713	1549	1279	788	727	2055	1748	735	1467	1546	
948	2130	1933	1214	2628	2049	9999	2274	207	1163	1117	911	1554	1275	1380	554	2396	646	1017	1734	2294	2274	2308	398	2432	158	1262	2588	559	2020	1855	280	1417	2503	2139	1353	467	2587	2558	1014	1931	1917	2635	742	1355	631	1910	1013	739	2463	582	1124	923	2111	1857	2622	1390	2602	1934	1418	294	2389	645	1739	1731	835	1795	2089	1634	2455	2571	2479	1946	1439	2185	2501	1802	152	1567	1842	1413	142	2404	1048	1121	2580	1489	2601	2066	2473	2470	1106	973	2514	2513	1327	1448	2569	1101	1445	
1331	652	1563	1464	822	269	2274	9999	2170	1901	2401	1472	716	1715	899	2170	120	1826	1896	526	1179	32	875	1830	183	2083	1060	500	1847	903	392	1941	1957	300	717	1848	1999	543	445	1318	1231	328	962	2215	2001	1677	325	2263	1766	578	2276	2413	1353	256	370	699	1841	469	1461	1327	2003	344	2216	517	597	2118	440	825	1652	1081	548	424	1571	1844	91	1117	806	2203	689	638	2029	2278	332	2357	1177	763	2481	481	1231	225	902	1923	1647	936	847	2371	2099	376	1845	1932	
872	1963	1632	904	2566	1917	207	2170	9999	783	754	684	1425	918	1260	198	2323	343	649	1654	2069	2157	2107	324	2383	69	1098	2511	284	1808	1718	228	1051	2452	1970	985	153	2505	2478	829	1662	1834	2613	369	975	431	1783	641	430	2345	247	765	847	1979	1761	2564	1025	2556	1644	1138	103	2249	290	1655	1572	454	1667	1894	1321	2302	2487	2385	1645	1083	2071	2369	1585	11	1458	1646	1039	52	2273	685	996	2483	1161	2542	1829	2419	2325	726	659	2398	2403	954	1081	2506	730	1084	
1005	1392	743	320	2215	1522	1163	1901	783	9999	513	534	1185	91	1114	481	2089	383	43	1517	1369	1852	1491	842	2146	851	886	2197	474	1146	1404	873	132	2254	1376	77	494	2166	2132	713	878	1633	2304	391	102	609	1470	331	334	1874	558	534	985	1566	1555	2244	104	2361	784	456	719	1822	452	1507	1195	242	1405	1261	380	1679	2126	1974	752	142	1726	1767	1015	855	1272	1167	151	916	1852	451	976	2059	693	2276	1054	2196	1759	8	219	1856	1888	453	221	2258	22	147	
1492	2000	1347	990	2594	2097	1117	2401	754	513	9999	1096	1777	740	1683	404	2512	746	505	2051	1948	2372	2065	1126	2555	921	1493	2585	791	1783	1994	1080	575	2606	1984	641	659	2569	2553	1287	1539	2161	2620	233	485	1015	2048	76	760	2388	340	2	1469	2133	2096	2604	670	2630	1411	1173	865	2350	307	2046	1819	267	1985	1888	1005	2208	2550	2445	1352	697	2271	2280	1681	812	1847	1809	492	814	2375	15	1524	2500	220	2616	1672	2578	2290	477	805	2363	2390	113	446	2610	563	617	
295	1192	1039	211	2040	1125	911	1472	684	534	1096	9999	586	460	449	666	1671	222	446	901	1405	1452	1405	364	1749	605	262	1950	249	1023	901	471	770	1881	1207	633	419	1938	1884	71	938	1087	2134	749	768	133	971	885	176	1662	805	1119	276	1202	988	2033	655	2035	1003	365	464	1544	733	897	720	648	858	1127	771	1646	1904	1713	1057	702	1331	1735	745	737	649	810	833	835	1571	1007	277	1901	1374	1995	1133	1815	1661	523	167	1759	1757	1140	928	1953	443	774	
453	697	1162	672	1504	413	1554	716	1425	1185	1777	586	9999	996	74	1440	928	983	1147	192	1151	707	991	984	1017	1312	178	1320	1003	709	178	1128	1316	1177	744	1184	1202	1326	1248	411	859	318	1627	1506	1351	810	231	1594	923	1106	1561	1801	475	504	232	1456	1186	1378	1066	603	1200	901	1496	182	124	1401	128	738	1090	1289	1299	1097	1175	1208	590	1367	383	1459	34	306	1405	1551	922	1708	289	1363	1973	1352	977	1097	1229	1198	830	1315	1279	1770	1498	1280	1105	1301	
926	1175	557	168	2048	1323	1275	1715	918	91	740	460	996	9999	950	664	1937	447	144	1358	1164	1660	1282	878	2006	953	741	2034	539	905	1215	937	159	2096	1158	64	611	2008	1975	607	658	1472	2127	602	186	613	1284	551	367	1671	760	763	909	1367	1389	2076	72	2204	580	256	816	1617	654	1347	979	439	1223	1028	223	1481	1964	1784	568	100	1538	1574	793	989	1107	935	234	1075	1650	680	864	1888	888	2109	830	2043	1561	127	184	1656	1686	659	329	2095	79	156	
267	880	1228	617	1683	613	1380	899	1260	1114	1683	449	74	950	9999	1305	1107	840	1052	275	1299	898	1182	797	1193	1135	82	1505	849	859	353	924	1281	1337	920	1145	1038	1512	1439	274	962	447	1815	1391	1307	635	411	1503	792	1303	1433	1703	288	709	365	1631	1152	1542	1153	604	1013	1116	1371	272	284	1292	285	903	1111	1455	1484	1297	1241	1181	791	1535	524	1294	79	469	1361	1390	1139	1611	121	1548	1910	1532	1113	1264	1410	1119	734	1494	1462	1698	1456	1456	1020	1269	
998	1864	1407	750	2523	1885	554	2170	198	481	404	666	1440	664	1305	9999	2340	282	367	1711	1925	2143	1996	535	2397	339	1114	2485	282	1664	1712	482	721	2467	1861	687	135	2478	2445	852	1485	1873	2577	69	641	498	1779	286	338	2272	42	415	970	1943	1801	2531	725	2554	1434	965	289	2192	29	1709	1541	136	1679	1768	1055	2162	2448	2333	1417	775	2054	2242	1487	259	1492	1583	696	294	2220	334	1081	2430	792	2518	1642	2427	2217	422	499	2303	2316	587	723	2499	452	755	
1495	907	1802	1688	882	518	2396	120	2323	2089	2512	1671	928	1937	1107	2340	9999	2009	2080	680	1410	190	1122	1985	18	2232	1276	510	2022	1178	627	2079	2137	99	968	2052	2150	578	482	1518	1477	470	1015	2384	2185	1862	553	2420	1962	749	2418	2525	1520	506	542	727	2045	309	1698	1562	2139	526	2381	674	847	2301	657	1093	1891	1288	609	551	1810	2050	311	1308	1075	2348	884	904	2222	2409	504	2481	1358	876	2595	423	1472	54	1108	2108	1863	1125	1016	2494	2299	293	2042	2124	
567	1509	1182	375	2310	1489	646	1826	343	383	746	222	983	447	840	282	2009	9999	266	1298	1632	1807	1680	280	2068	333	643	2231	21	1328	1302	312	663	2175	1515	561	89	2215	2162	390	1186	1464	2394	371	619	123	1370	552	21	1972	406	765	543	1558	1388	2309	595	2322	1182	599	198	1871	346	1296	1119	312	1264	1428	839	1906	2177	2023	1196	648	1685	1986	1096	401	1050	1186	690	492	1899	663	619	2156	1085	2279	1359	2120	1941	349	164	2024	2030	839	763	2238	311	682	
907	1429	852	305	2249	1525	1017	1896	649	43	505	446	1147	144	1052	367	2080	266	9999	1473	1445	1853	1549	710	2138	714	828	2219	345	1198	1391	740	240	2249	1419	172	361	2193	2149	631	952	1605	2335	315	198	490	1457	313	217	1909	458	527	887	1576	1527	2273	201	2364	879	477	579	1844	356	1465	1184	170	1381	1310	491	1745	2144	1997	861	251	1728	1835	1039	722	1230	1177	263	792	1876	435	898	2094	744	2292	1141	2189	1819	20	154	1912	1933	497	331	2266	17	264	
637	848	1464	1033	1463	420	1734	526	1654	1517	2051	901	192	1358	275	1711	680	1298	1473	9999	1354	560	1161	1218	761	1533	468	1215	1302	944	199	1342	1640	913	905	1520	1473	1238	1151	712	1170	78	1596	1795	1676	1089	198	1897	1250	1123	1834	2066	666	510	58	1385	1522	1174	1378	960	1441	880	1776	1	321	1698	117	939	1431	1423	1229	1047	1476	1542	494	1483	659	1682	115	520	1724	1771	892	1996	499	1359	2233	1211	1256	841	1324	1526	1186	1395	1340	2053	1820	1104	1444	1624	
1606	350	508	1110	979	823	2294	1179	2069	1369	1948	1405	1151	1164	1299	1925	1410	1632	1445	1354	9999	1066	150	1894	1463	2055	1243	1145	1705	258	985	1979	1264	1527	293	1208	1827	1063	1070	1377	316	1307	1060	1883	1348	1648	1010	1814	1556	613	2006	1964	1612	778	1249	1101	1177	1521	424	878	1947	730	1924	1335	879	1737	1098	236	826	191	982	826	505	1148	951	277	574	2117	1238	657	1349	2181	763	1911	1453	766	1950	1299	157	1474	327	1420	1346	415	487	1813	1416	1356	1364	1224	
1339	548	1479	1423	746	203	2274	32	2157	1852	2372	1452	707	1660	898	2143	190	1807	1853	560	1066	9999	768	1827	259	2078	1044	451	1829	811	369	1938	1902	354	610	1797	1981	482	387	1303	1143	366	890	2184	1954	1662	310	2230	1738	475	2251	2386	1359	180	398	633	1785	497	1379	1269	1993	247	2188	546	556	2086	435	727	1587	960	479	339	1486	1789	47	995	732	2193	693	570	1980	2269	237	2321	1177	670	2449	457	1136	296	795	1879	1611	828	741	2328	2053	378	1806	1876	
1543	146	741	1168	729	570	2308	875	2107	1491	2065	1405	991	1282	1182	1996	1122	1680	1549	1161	150	768	9999	1889	1183	2072	1171	836	1740	216	779	1980	1433	1240	107	1355	1877	767	766	1344	446	1073	823	1978	1509	1653	789	1939	1599	329	2077	2081	1553	510	1021	818	1331	1234	636	932	1971	422	2007	1138	722	1843	887	137	1008	139	695	522	742	1311	671	208	488	2143	1077	509	1520	2225	454	2032	1375	510	2096	991	327	1191	147	1538	1407	240	271	1968	1590	1056	1473	1395	
379	1676	1540	712	2399	1556	398	1830	324	842	1126	364	984	878	797	535	1985	280	710	1218	1894	1827	1889	9999	2045	177	667	2293	200	1553	1330	38	1130	2149	1693	1013	278	2292	2234	432	1478	1414	2465	708	1088	134	1392	946	335	2080	650	1143	354	1627	1344	2381	1048	2325	1523	907	132	1967	638	1221	1199	705	1264	1626	1258	2095	2261	2102	1553	1106	1725	2163	1283	338	1004	1320	1160	426	1986	1039	526	2283	1471	2317	1637	2098	2100	805	532	2176	2169	1262	1228	2259	757	1149	
1570	978	1866	1765	881	603	2432	183	2383	2146	2555	1749	1017	2006	1193	2397	18	2068	2138	761	1463	259	1183	2045	9999	2296	1359	498	2082	1249	718	2134	2210	51	1045	2113	2224	576	483	1592	1550	551	1009	2424	2252	1933	641	2463	2025	789	2461	2565	1591	585	625	716	2107	248	1766	1633	2212	575	2422	755	932	2360	746	1169	1959	1334	613	578	1872	2112	381	1348	1165	2403	967	987	2287	2444	549	2521	1438	895	2618	393	1541	16	1154	2168	1936	1164	1056	2539	2354	256	2105	2185	
722	1909	1653	882	2535	1830	158	2083	69	851	921	605	1312	953	1135	339	2232	333	714	1533	2055	2078	2072	177	2296	9999	975	2468	254	1762	1615	85	1136	2395	1922	1054	187	2465	2428	727	1648	1711	2591	521	1072	337	1678	794	417	2296	410	933	695	1902	1640	2523	1091	2500	1653	1111	49	2179	436	1536	1480	578	1563	1850	1352	2271	2441	2323	1665	1149	1993	2341	1528	65	1339	1580	1139	126	2206	851	860	2446	1315	2488	1818	2345	2295	800	654	2366	2365	1119	1190	2451	787	1165	
226	888	1076	408	1753	718	1262	1060	1098	886	1493	262	178	741	82	1114	1276	643	828	468	1243	1044	1171	667	1359	975	9999	1604	661	813	480	799	1071	1496	918	919	850	1603	1540	114	856	640	1879	1195	1096	466	547	1306	586	1359	1246	1516	235	806	551	1723	929	1681	1001	419	856	1201	1181	461	337	1082	427	874	912	1444	1576	1384	1094	959	914	1528	482	1142	229	479	1160	1237	1226	1425	86	1603	1720	1645	1010	1427	1421	891	517	1514	1491	1506	1257	1588	805	1059	
1895	807	1708	1859	215	726	2588	500	2511	2197	2585	1950	1320	2034	1505	2485	510	2231	2219	1215	1145	451	836	2293	498	2468	1604	9999	2258	1097	971	2379	2197	446	838	2119	2385	23	15	1830	1412	1006	325	2495	2254	2130	913	2501	2164	333	2547	2597	1913	642	1044	81	2104	290	1609	1689	2407	311	2502	1201	1130	2426	1064	969	1898	869	56	158	1711	2097	537	847	1178	2536	1323	1054	2275	2574	279	2562	1738	290	2619	61	1335	445	666	2230	2045	624	518	2549	2338	150	2159	2167	
541	1561	1267	452	2343	1526	559	1847	284	474	791	249	1003	539	849	282	2022	21	345	1302	1705	1829	1740	200	2082	254	661	2258	9999	1393	1328	227	752	2192	1569	656	67	2248	2198	404	1261	1475	2418	398	711	94	1396	604	62	2011	405	811	515	1591	1399	2338	688	2342	1265	674	133	1911	355	1300	1157	356	1283	1485	930	1965	2216	2056	1279	743	1713	2036	1157	337	1061	1231	780	427	1936	708	612	2205	1148	2309	1435	2130	1991	432	239	2068	2074	900	849	2262	395	776	
1220	135	496	767	1073	489	2020	903	1808	1146	1783	1023	709	905	859	1664	1178	1328	1198	944	258	811	216	1553	1249	1762	813	1097	1393	9999	590	1649	1107	1344	107	1000	1534	1040	1007	965	168	920	1189	1646	1188	1308	626	1618	1241	614	1771	1806	1227	473	855	1130	976	1402	383	543	1628	604	1681	923	454	1510	684	35	683	467	969	767	503	960	676	564	168	1854	808	250	1208	1934	642	1730	1035	856	1848	1226	161	1277	499	1191	1019	610	630	1673	1292	1242	1118	1065	
798	474	1187	905	1196	124	1855	392	1718	1404	1994	901	178	1215	353	1712	627	1302	1391	199	985	369	779	1330	718	1615	480	971	1328	590	9999	1452	1488	859	532	1367	1499	979	899	739	837	173	1333	1763	1538	1150	13	1829	1235	786	1833	2012	820	196	115	1135	1361	1057	1078	779	1513	570	1762	184	88	1646	34	572	1210	1060	952	752	1199	1374	263	1138	348	1755	188	202	1578	1844	591	1938	615	1048	2130	1011	906	784	956	1426	1113	1044	985	1969	1665	938	1341	1467	
509	1787	1608	805	2457	1669	280	1941	228	873	1080	471	1128	937	924	482	2079	312	740	1342	1979	1938	1980	38	2134	85	799	2379	227	1649	1452	9999	1167	2252	1806	1063	252	2377	2324	556	1572	1530	2520	665	1118	209	1511	917	378	2171	582	1097	482	1746	1462	2440	1099	2408	1598	1006	77	2058	586	1345	1320	684	1390	1733	1325	2177	2353	2199	1620	1156	1842	2253	1398	231	1149	1439	1186	313	2078	994	659	2370	1447	2403	1731	2196	2187	828	603	2270	2264	1239	1244	2352	799	1187	
1246	1374	576	465	2180	1572	1417	1957	1051	132	575	770	1316	159	1281	721	2137	663	240	1640	1264	1902	1433	1130	2210	1136	1071	2197	752	1107	1488	1167	9999	2307	1348	46	770	2158	2132	927	801	1747	2259	594	21	880	1555	436	601	1846	778	597	1231	1602	1661	2230	45	2387	644	530	995	1823	673	1628	1280	440	1507	1225	255	1589	2116	1968	584	40	1775	1675	1053	1128	1415	1215	26	1188	1854	539	1199	2026	619	2289	942	2247	1691	163	444	1791	1829	423	73	2284	192	6	
1704	1074	1951	1888	836	728	2503	300	2452	2254	2606	1881	1177	2096	1337	2467	99	2175	2249	913	1527	354	1240	2149	51	2395	1496	446	2192	1344	859	2252	2307	9999	1136	2211	2329	531	448	1726	1633	707	950	2492	2346	2047	788	2527	2128	812	2530	2612	1728	699	782	658	2201	136	1854	1753	2321	622	2491	908	1079	2433	892	1254	2041	1369	582	591	1957	2207	496	1374	1278	2475	1133	1124	2373	2516	593	2581	1575	878	2632	319	1615	14	1183	2276	2041	1181	1071	2591	2421	179	2209	2285	
1321	9	732	979	824	355	2139	717	1970	1376	1984	1207	744	1158	920	1861	968	1515	1419	905	293	610	107	1693	1045	1922	918	838	1569	107	532	1806	1348	1136	9999	1255	1712	788	758	1125	384	837	941	1853	1422	1466	548	1836	1435	370	1961	2003	1333	317	786	868	1233	1179	616	764	1803	362	1882	884	470	1714	642	39	932	352	722	517	737	1221	493	436	276	2010	822	275	1442	2079	399	1942	1144	612	2044	969	338	1068	322	1417	1237	421	418	1893	1523	996	1346	1314	
1113	1276	544	330	2116	1459	1353	1848	985	77	641	633	1184	64	1145	687	2052	561	172	1520	1208	1797	1355	1013	2113	1054	919	2119	656	1000	1367	1063	46	2211	1255	9999	696	2086	2060	791	721	1621	2195	586	67	763	1436	476	492	1762	762	665	1096	1495	1543	2147	4	2311	595	399	910	1726	656	1509	1154	425	1383	1133	205	1535	2044	1883	555	19	1662	1616	925	1064	1278	1087	95	1137	1758	593	1052	1962	739	2202	877	2145	1621	118	323	1720	1756	520	172	2194	116	44	
715	1707	1358	594	2437	1686	467	1999	153	494	659	419	1202	611	1038	135	2150	89	361	1473	1827	1981	1877	278	2224	187	850	2385	67	1534	1499	252	770	2329	1712	696	9999	2374	2330	589	1387	1638	2498	268	712	233	1565	493	153	2129	241	676	687	1751	1567	2436	732	2440	1367	821	97	2045	209	1471	1330	271	1458	1623	1012	2070	2344	2183	1370	787	1877	2136	1316	207	1250	1398	776	291	2067	577	802	2326	1032	2416	1553	2276	2102	442	351	2183	2191	809	828	2391	433	800	
1902	755	1650	1837	148	723	2587	543	2505	2166	2569	1938	1326	2008	1512	2478	578	2215	2193	1238	1063	482	767	2292	576	2465	1603	23	2248	1040	979	2377	2158	531	788	2086	2374	9999	24	1824	1358	1044	259	2484	2223	2127	925	2486	2148	267	2538	2579	1920	634	1072	51	2073	371	1560	1658	2405	282	2491	1225	1122	2414	1077	914	1851	787	12	125	1654	2064	552	756	1149	2532	1335	1029	2238	2570	250	2548	1743	200	2605	122	1273	526	578	2200	2027	534	433	2526	2309	225	2135	2131	
1831	724	1635	1791	225	645	2558	445	2478	2132	2553	1884	1248	1975	1439	2445	482	2162	2149	1151	1070	387	766	2234	483	2428	1540	15	2198	1007	899	2324	2132	448	758	2060	2330	24	9999	1758	1337	943	347	2458	2193	2078	842	2467	2110	273	2506	2563	1848	561	971	110	2047	320	1545	1613	2361	235	2469	1136	1043	2390	984	892	1827	816	41	105	1639	2039	465	796	1093	2496	1254	964	2213	2545	202	2524	1672	260	2598	92	1263	438	606	2160	1986	575	469	2507	2284	166	2103	2112	
164	1101	1101	309	1958	966	1014	1318	829	713	1287	71	411	607	274	852	1518	390	631	712	1377	1303	1344	432	1592	727	114	1830	404	965	739	556	927	1726	1125	791	589	1824	1758	9999	940	894	2057	939	933	226	812	1086	347	1567	985	1309	157	1057	810	1935	808	1908	1048	407	597	1428	918	709	573	844	686	1056	866	1597	1793	1598	1117	845	1185	1684	662	872	462	696	999	972	1454	1212	118	1811	1547	1875	1125	1655	1595	707	326	1689	1677	1321	1108	1819	618	924	
1239	429	190	607	1361	794	1931	1231	1662	878	1539	938	859	658	962	1485	1477	1186	952	1170	316	1143	446	1478	1550	1648	856	1412	1261	168	837	1572	801	1633	384	721	1387	1358	1337	940	9999	1187	1454	1446	884	1219	889	1386	1089	924	1582	1557	1241	792	1105	1427	693	1699	106	394	1521	934	1486	1150	654	1293	910	266	372	644	1296	1100	197	670	993	746	317	1722	966	461	896	1808	971	1492	1080	1155	1577	1533	66	1579	743	930	849	853	894	1411	977	1552	868	759	
847	774	1500	1177	1299	314	1917	328	1834	1633	2161	1087	318	1472	447	1873	470	1464	1605	78	1307	366	1073	1414	551	1711	640	1006	1475	920	173	1530	1747	707	837	1621	1638	1044	943	894	1187	9999	1437	1941	1790	1279	140	2019	1417	957	1983	2180	871	381	23	1203	1619	949	1409	1076	1615	720	1930	75	352	1844	130	896	1504	1331	1037	865	1512	1634	327	1390	679	1859	253	519	1833	1945	727	2111	702	1204	2332	992	1249	629	1213	1649	1335	1274	1211	2151	1921	885	1573	1729	
2143	935	1705	2013	48	1065	2635	962	2613	2304	2620	2134	1627	2127	1815	2577	1015	2394	2335	1596	1060	890	823	2465	1009	2591	1879	325	2418	1189	1333	2520	2259	950	941	2195	2498	259	347	2057	1454	1437	9999	2573	2319	2339	1294	2565	2337	400	2615	2625	2159	963	1448	140	2174	743	1616	1841	2534	566	2588	1584	1419	2504	1428	1064	1948	712	239	389	1704	2157	933	642	1365	2623	1653	1297	2329	2633	546	2608	2018	162	2629	455	1333	952	543	2331	2191	449	379	2582	2385	609	2279	2233	
1139	1860	1327	754	2522	1918	742	2215	369	391	233	749	1506	602	1391	69	2384	371	315	1795	1883	2184	1978	708	2424	521	1195	2495	398	1646	1763	665	594	2492	1853	586	268	2484	2458	939	1446	1941	2573	9999	509	627	1830	125	409	2272	66	248	1112	1970	1865	2537	620	2572	1364	956	456	2208	23	1791	1584	57	1738	1752	960	2132	2460	2343	1337	668	2084	2213	1499	432	1568	1601	551	454	2235	165	1194	2426	600	2540	1598	2456	2196	341	519	2281	2304	398	563	2515	390	632	
1244	1447	670	492	2244	1622	1355	2001	975	102	485	768	1351	186	1307	641	2185	619	198	1676	1348	1954	1509	1088	2252	1072	1096	2254	711	1188	1538	1118	21	2346	1422	67	712	2223	2193	933	884	1790	2319	509	9999	856	1600	349	566	1915	693	507	1228	1659	1702	2290	73	2419	736	582	940	1888	589	1663	1330	360	1549	1302	337	1666	2171	2023	678	80	1832	1753	1124	1054	1446	1272	10	1114	1919	448	1210	2084	550	2336	1036	2297	1770	131	437	1864	1903	346	55	2330	168	41	
318	1454	1278	430	2241	1369	631	1677	431	609	1015	133	810	613	635	498	1862	123	490	1089	1648	1662	1653	134	1933	337	466	2130	94	1308	1150	209	880	2047	1466	763	233	2127	2078	226	1219	1279	2339	627	856	9999	1217	825	137	1905	631	1038	297	1445	1203	2230	792	2204	1261	624	213	1780	585	1088	972	573	1090	1397	974	1898	2099	1945	1295	842	1556	1977	1026	472	850	1087	921	571	1810	931	392	2104	1350	2172	1393	1991	1910	578	279	1995	1992	1120	1004	2125	520	894	
855	487	1239	980	1152	103	1910	325	1783	1470	2048	971	231	1284	411	1779	553	1370	1457	198	1010	310	789	1392	641	1678	547	913	1396	626	13	1511	1555	788	548	1436	1565	925	842	812	889	140	1294	1830	1600	1217	9999	1894	1309	752	1896	2062	874	171	96	1079	1430	976	1138	853	1574	530	1828	183	143	1716	47	602	1270	1063	903	708	1251	1441	204	1137	402	1820	230	251	1636	1904	547	1997	678	1007	2188	944	947	707	948	1490	1189	1029	965	2022	1731	869	1412	1536	
1314	1849	1212	792	2512	1956	1013	2263	641	331	76	885	1594	551	1503	286	2420	552	313	1897	1814	2230	1939	946	2463	794	1306	2501	604	1618	1829	917	436	2527	1836	476	493	2486	2467	1086	1386	2019	2565	125	349	825	1894	9999	560	2260	263	90	1290	1997	1952	2533	506	2596	1266	962	716	2214	196	1892	1632	108	1820	1727	852	2085	2462	2347	1219	539	2123	2152	1512	705	1664	1624	368	727	2239	37	1340	2415	349	2551	1531	2489	2153	297	596	2240	2268	155	352	2541	367	478	
556	1431	1090	299	2243	1425	739	1766	430	334	760	176	923	367	792	338	1962	21	217	1250	1556	1738	1599	335	2025	417	586	2164	62	1241	1235	378	601	2128	1435	492	153	2148	2110	347	1089	1417	2337	409	566	137	1309	560	9999	1903	464	783	530	1486	1333	2244	522	2276	1087	507	282	1806	392	1245	1040	324	1205	1345	753	1828	2121	1964	1106	575	1618	1914	1001	492	989	1102	635	583	1830	678	587	2097	1080	2226	1271	2074	1866	303	99	1959	1966	830	716	2182	255	616	
1695	355	1253	1514	283	512	2463	578	2345	1874	2388	1662	1106	1671	1303	2272	749	1972	1909	1123	613	475	329	2080	789	2296	1359	333	2011	614	786	2171	1846	812	370	1762	2129	267	273	1567	924	957	400	2272	1915	1905	752	2260	1903	9999	2359	2401	1710	418	950	321	1741	747	1151	1317	2186	106	2296	1103	846	2148	891	495	1475	374	199	86	1255	1729	454	373	777	2381	1149	704	1931	2429	112	2349	1532	122	2422	488	827	771	194	1910	1730	195	121	2312	1998	564	1843	1816	
1142	1965	1481	871	2575	1989	582	2276	247	558	340	805	1561	760	1433	42	2418	406	458	1834	2006	2251	2077	650	2461	410	1246	2547	405	1771	1833	582	778	2530	1961	762	241	2538	2506	985	1582	1983	2615	66	693	631	1896	263	464	2359	9999	348	1114	2037	1914	2582	801	2603	1517	1095	377	2293	30	1831	1656	173	1805	1871	1145	2248	2510	2412	1492	846	2142	2320	1600	298	1611	1695	738	302	2316	281	1219	2487	731	2576	1736	2490	2305	501	623	2378	2393	548	750	2560	545	818	
1513	2017	1366	1016	2600	2115	1124	2413	765	534	2	1119	1801	763	1703	415	2525	765	527	2066	1964	2386	2081	1143	2565	933	1516	2597	811	1806	2012	1097	597	2612	2003	665	676	2579	2563	1309	1557	2180	2625	248	507	1038	2062	90	783	2401	348	9999	1486	2148	2114	2611	692	2634	1430	1195	880	2367	319	2061	1838	287	2004	1905	1030	2226	2558	2459	1373	718	2292	2299	1703	821	1868	1825	514	821	2392	27	1543	2508	214	2621	1691	2589	2306	499	825	2377	2402	119	463	2617	587	639	
3	1302	1406	612	2060	1086	923	1353	847	985	1469	276	475	909	288	970	1520	543	887	666	1612	1359	1553	354	1591	695	235	1913	515	1227	820	482	1231	1728	1333	1096	687	1920	1848	157	1241	871	2159	1112	1228	297	874	1290	530	1710	1114	1486	9999	1181	804	2026	1117	1932	1354	724	603	1550	1066	670	715	1041	735	1293	1198	1813	1896	1713	1420	1162	1260	1890	894	868	475	885	1293	964	1570	1396	75	1945	1750	1933	1400	1659	1786	968	592	1871	1849	1539	1382	1861	893	1232	
1162	257	1162	1122	822	23	2111	256	1979	1566	2133	1202	504	1367	709	1943	506	1558	1576	510	778	180	510	1627	585	1902	806	642	1591	473	196	1746	1602	699	317	1495	1751	634	561	1057	792	381	963	1970	1659	1445	171	1997	1486	418	2037	2148	1181	9999	357	773	1482	819	1042	936	1792	222	1978	489	299	1851	297	405	1270	758	601	392	1171	1483	76	818	390	2015	530	255	1692	2084	245	2088	965	676	2250	711	799	623	628	1593	1343	700	633	2085	1783	673	1518	1578	
777	723	1425	1077	1311	284	1857	370	1761	1555	2096	988	232	1389	365	1801	542	1388	1527	58	1249	398	1021	1344	625	1640	551	1044	1399	855	115	1462	1661	782	786	1543	1567	1072	971	810	1105	23	1448	1865	1702	1203	96	1952	1333	950	1914	2114	804	357	9999	1225	1541	1016	1329	973	1550	718	1854	50	275	1764	67	832	1422	1296	1058	875	1436	1557	336	1354	596	1795	179	442	1747	1880	729	2043	620	1206	2265	1043	1180	705	1186	1570	1245	1252	1192	2087	1841	937	1485	1643	
2012	848	1706	1930	68	860	2622	699	2564	2244	2604	2033	1456	2076	1631	2531	727	2309	2273	1385	1101	633	818	2381	716	2523	1723	81	2338	1130	1135	2440	2230	658	868	2147	2436	51	110	1935	1427	1203	140	2537	2290	2230	1079	2533	2244	321	2582	2611	2026	773	1225	9999	2133	457	1611	1752	2464	389	2546	1368	1252	2466	1225	997	1920	791	60	212	1708	2126	703	748	1254	2583	1468	1159	2305	2614	361	2585	1869	178	2624	189	1329	660	591	2277	2110	525	431	2565	2362	325	2217	2199	
1134	1258	511	339	2097	1449	1390	1841	1025	104	670	655	1186	72	1152	725	2045	595	201	1522	1177	1785	1331	1048	2107	1091	929	2104	688	976	1361	1099	45	2201	1233	4	732	2073	2047	808	693	1619	2174	620	73	792	1430	506	522	1741	801	692	1117	1482	1541	2133	9999	2300	560	393	945	1709	693	1510	1148	458	1379	1109	180	1508	2031	1865	519	7	1651	1592	910	1104	1281	1075	101	1174	1742	620	1066	1943	751	2186	850	2138	1599	146	346	1697	1732	540	176	2180	143	36	
1913	1129	1996	2014	647	866	2602	469	2556	2361	2630	2035	1378	2204	1542	2554	309	2322	2364	1174	1521	497	1234	2325	248	2500	1681	290	2342	1402	1057	2408	2387	136	1179	2311	2440	371	320	1908	1699	949	743	2572	2419	2204	976	2596	2276	747	2603	2634	1932	819	1016	457	2300	9999	1907	1882	2442	621	2573	1167	1253	2512	1112	1303	2114	1314	438	522	2001	2300	635	1301	1395	2569	1348	1255	2434	2607	585	2626	1776	744	2636	141	1652	177	1116	2382	2165	1087	971	2626	2480	62	2320	2367	
1357	667	34	632	1541	1043	1934	1461	1644	784	1411	1003	1066	580	1153	1434	1698	1182	879	1378	424	1379	636	1523	1766	1653	1001	1609	1265	383	1078	1598	644	1854	616	595	1367	1560	1545	1048	106	1409	1616	1364	736	1261	1138	1266	1087	1151	1517	1430	1354	1042	1329	1611	560	1907	9999	451	1527	1181	1421	1359	877	1211	1153	486	233	785	1496	1320	35	526	1248	876	536	1708	1184	701	735	1784	1217	1372	1222	1342	1413	1735	155	1800	912	838	843	1019	1082	1252	808	1760	795	602	
729	771	493	87	1731	888	1418	1327	1138	456	1173	365	603	256	604	965	1562	599	477	960	878	1269	932	907	1633	1111	419	1689	674	543	779	1006	530	1753	764	399	821	1658	1613	407	394	1076	1841	956	582	624	853	962	507	1317	1095	1195	724	936	973	1752	393	1882	451	9999	950	1240	986	947	551	809	798	657	314	1196	1609	1418	510	410	1132	1291	368	1201	712	505	628	1289	1275	1105	604	1553	1323	1776	576	1687	1242	491	298	1349	1364	1101	735	1754	408	511	
630	1790	1528	735	2474	1716	294	2003	103	719	865	464	1200	816	1013	289	2139	198	579	1441	1947	1993	1971	132	2212	49	856	2407	133	1628	1513	77	995	2321	1803	910	97	2405	2361	597	1521	1615	2534	456	940	213	1574	716	282	2186	377	880	603	1792	1550	2464	945	2442	1527	950	9999	2084	379	1443	1363	486	1457	1721	1217	2155	2381	2231	1540	1000	1897	2237	1398	129	1232	1455	1006	204	2106	791	754	2381	1254	2430	1683	2267	2179	668	505	2265	2265	1034	1069	2400	648	1024	
1532	324	1286	1428	423	310	2389	344	2249	1822	2350	1544	901	1617	1116	2192	526	1871	1844	880	730	247	422	1967	575	2179	1201	311	1911	604	570	2058	1823	622	362	1726	2045	282	235	1428	934	720	566	2208	1888	1780	530	2214	1806	106	2293	2367	1550	222	718	389	1709	621	1181	1240	2084	9999	2223	862	670	2095	675	492	1465	562	235	70	1291	1702	227	583	677	2291	928	565	1908	2357	5	2313	1363	300	2414	422	872	573	378	1854	1637	409	324	2286	1982	449	1785	1794	
1096	1887	1389	779	2541	1924	645	2216	290	452	307	733	1496	654	1371	29	2381	346	356	1776	1924	2188	2007	638	2422	436	1181	2502	355	1681	1762	586	673	2491	1882	656	209	2491	2469	918	1486	1930	2588	23	589	585	1828	196	392	2296	30	319	1066	1978	1854	2546	693	2573	1421	986	379	2223	9999	1773	1586	95	1732	1788	1029	2167	2471	2358	1397	740	2090	2246	1519	342	1555	1613	636	363	2245	238	1166	2439	686	2544	1641	2453	2229	397	532	2313	2323	489	654	2519	441	712	
642	825	1450	1021	1450	401	1739	517	1655	1507	2046	897	182	1347	272	1709	674	1296	1465	1	1335	546	1138	1221	755	1536	461	1201	1300	923	184	1345	1628	908	884	1509	1471	1225	1136	709	1150	75	1584	1791	1663	1088	183	1892	1245	1103	1831	2061	670	489	50	1368	1510	1167	1359	947	1443	862	1773	9999	304	1691	103	917	1416	1403	1215	1027	1460	1530	479	1463	638	1685	111	500	1713	1773	872	1990	500	1344	2227	1198	1235	834	1305	1518	1178	1377	1318	2047	1812	1092	1435	1614	
699	424	976	687	1285	219	1731	597	1572	1195	1819	720	124	979	284	1541	847	1119	1184	321	879	556	722	1199	932	1480	337	1130	1157	454	88	1320	1280	1079	470	1154	1330	1122	1043	573	654	352	1419	1584	1330	972	143	1632	1040	846	1656	1838	715	299	275	1252	1148	1253	877	551	1363	670	1586	304	9999	1462	117	471	976	1012	1081	860	989	1160	422	1104	181	1608	186	86	1374	1701	698	1751	510	1125	1975	1188	749	993	948	1217	894	1049	1009	1781	1467	1134	1129	1259	
1067	1723	1171	606	2447	1803	835	2118	454	242	267	648	1401	439	1292	136	2301	312	170	1698	1737	2086	1843	705	2360	578	1082	2426	356	1510	1646	684	440	2433	1714	425	271	2414	2390	844	1293	1844	2504	57	360	573	1716	108	324	2148	173	287	1041	1851	1764	2466	458	2512	1211	809	486	2095	95	1691	1462	9999	1626	1610	801	2020	2389	2236	1181	506	1988	2092	1361	521	1468	1472	409	564	2122	193	1106	2339	589	2472	1453	2398	2078	192	386	2154	2177	362	434	2450	243	478	
712	583	1248	902	1291	205	1795	440	1667	1405	1985	858	128	1223	285	1679	657	1264	1381	117	1098	435	887	1264	746	1563	427	1064	1283	684	34	1390	1507	892	642	1383	1458	1077	984	686	910	130	1428	1738	1549	1090	47	1820	1205	891	1805	2004	735	297	67	1225	1379	1112	1153	798	1457	675	1732	103	117	1626	9999	677	1244	1178	1054	854	1261	1394	336	1245	414	1703	115	279	1590	1796	693	1928	538	1161	2134	1092	993	817	1078	1422	1093	1165	1109	1970	1683	1001	1336	1485	
1281	63	599	876	944	434	2089	825	1894	1261	1888	1127	738	1028	903	1768	1093	1428	1310	939	236	727	137	1626	1169	1850	874	969	1485	35	572	1733	1225	1254	39	1133	1623	914	892	1056	266	896	1064	1752	1302	1397	602	1727	1345	495	1871	1905	1293	405	832	997	1109	1303	486	657	1721	492	1788	917	471	1610	677	9999	805	382	854	648	604	1092	599	479	218	1944	826	265	1319	2016	529	1840	1104	734	1951	1115	224	1194	393	1305	1140	503	516	1783	1405	1139	1233	1190	
1208	965	191	385	1863	1248	1634	1652	1321	380	1005	771	1090	223	1111	1055	1891	839	491	1431	826	1587	1008	1258	1959	1352	912	1898	930	683	1210	1325	255	2041	932	205	1012	1851	1827	866	372	1504	1948	960	337	974	1270	852	753	1475	1145	1030	1198	1270	1422	1920	180	2114	233	314	1217	1465	1029	1416	976	801	1244	805	9999	1194	1799	1611	199	151	1459	1284	695	1391	1204	860	341	1458	1501	961	1101	1669	1039	1995	513	1990	1304	440	525	1405	1448	852	416	2002	407	216	
1804	399	867	1408	654	831	2455	1081	2302	1679	2208	1646	1289	1481	1455	2162	1288	1906	1745	1423	191	960	139	2095	1334	2271	1444	869	1965	467	1060	2177	1589	1369	352	1535	2070	787	816	1597	644	1331	712	2132	1666	1898	1063	2085	1828	374	2248	2226	1813	758	1296	791	1508	1314	785	1196	2155	562	2167	1403	1012	2020	1178	382	1194	9999	710	597	863	1479	890	25	778	2341	1360	804	1670	2402	588	2169	1630	448	2212	1046	480	1328	76	1725	1624	119	189	2088	1734	1142	1668	1554	
1878	694	1591	1793	126	691	2571	548	2487	2126	2550	1904	1299	1964	1484	2448	609	2177	2144	1229	982	479	695	2261	613	2441	1576	56	2216	969	952	2353	2116	582	722	2044	2344	12	41	1793	1296	1037	239	2460	2171	2099	903	2462	2121	199	2510	2558	1896	601	1058	60	2031	438	1496	1609	2381	235	2471	1215	1081	2389	1054	854	1799	710	9999	83	1593	2021	534	682	1092	2509	1313	977	2189	2557	206	2517	1717	149	2584	175	1209	569	505	2152	1991	460	359	2497	2257	284	2097	2091	
1696	484	1424	1596	257	484	2479	424	2385	1974	2445	1713	1097	1784	1297	2333	551	2023	1997	1047	826	339	522	2102	578	2323	1384	158	2056	767	752	2199	1968	591	517	1883	2183	125	105	1598	1100	865	389	2343	2023	1945	708	2347	1964	86	2412	2459	1713	392	875	212	1865	522	1320	1418	2231	70	2358	1027	860	2236	854	648	1611	597	83	9999	1427	1855	358	593	863	2412	1120	760	2038	2454	57	2419	1537	174	2493	292	1011	557	396	2004	1814	386	297	2401	2103	350	1941	1938	
1423	788	0	671	1625	1172	1946	1571	1645	752	1352	1057	1175	568	1241	1417	1810	1196	861	1476	505	1486	742	1553	1872	1665	1094	1711	1279	503	1199	1620	584	1957	737	555	1370	1654	1639	1117	197	1512	1704	1337	678	1295	1251	1219	1106	1255	1492	1373	1420	1171	1436	1708	519	2001	35	510	1540	1291	1397	1460	989	1181	1261	604	199	863	1593	1427	9999	481	1363	955	654	1710	1280	819	669	1783	1327	1320	1297	1436	1332	1839	246	1901	1008	814	860	1119	1183	1184	732	1864	777	542	
1176	1246	470	366	2085	1453	1439	1844	1083	142	697	702	1208	100	1181	775	2050	648	251	1542	1148	1789	1311	1106	2112	1149	959	2097	743	960	1374	1156	40	2207	1221	19	787	2064	2039	845	670	1634	2157	668	80	842	1441	539	575	1729	846	718	1162	1483	1557	2126	7	2300	526	410	1000	1702	740	1530	1160	506	1394	1092	151	1479	2021	1855	481	9999	1655	1569	911	1159	1306	1078	98	1224	1735	653	1109	1927	756	2182	822	2140	1581	186	390	1675	1714	553	169	2178	185	28	
1236	430	1355	1290	790	94	2185	91	2071	1726	2271	1331	590	1538	791	2054	311	1685	1728	494	951	47	671	1725	381	1993	914	537	1713	676	263	1842	1775	496	493	1662	1877	552	465	1185	993	327	933	2084	1832	1556	204	2123	1618	454	2142	2292	1260	76	336	703	1651	635	1248	1132	1897	227	2090	479	422	1988	336	599	1459	890	534	358	1363	1655	9999	933	584	2101	589	428	1864	2173	230	2222	1060	681	2384	569	995	424	737	1751	1489	789	707	2228	1949	509	1674	1749	
1879	480	958	1497	598	894	2501	1117	2369	1767	2280	1735	1367	1574	1535	2242	1308	1986	1835	1483	277	995	208	2163	1348	2341	1528	847	2036	564	1138	2253	1675	1374	436	1616	2136	756	796	1684	746	1390	642	2213	1753	1977	1137	2152	1914	373	2320	2299	1890	818	1354	748	1592	1301	876	1291	2237	583	2246	1463	1104	2092	1245	479	1284	25	682	593	955	1569	933	9999	869	2406	1436	887	1755	2443	605	2245	1716	405	2282	1022	576	1338	76	1817	1717	84	160	2152	1821	1131	1758	1634	
883	261	641	563	1242	359	1802	806	1585	1015	1681	745	383	793	524	1487	1075	1096	1039	659	574	732	488	1283	1165	1528	482	1178	1157	168	348	1398	1053	1278	276	925	1316	1149	1093	662	317	679	1365	1499	1124	1026	402	1512	1001	777	1600	1703	894	390	596	1254	910	1395	536	368	1398	677	1519	638	181	1361	414	218	695	778	1092	863	654	911	584	869	9999	1629	486	59	1161	1719	713	1621	703	1045	1810	1270	407	1211	768	1056	813	873	866	1607	1255	1254	963	1019	
897	2005	1700	966	2590	1955	152	2203	11	855	812	737	1459	989	1294	259	2348	401	722	1682	2117	2193	2143	338	2403	65	1142	2536	337	1854	1755	231	1128	2475	2010	1064	207	2532	2496	872	1722	1859	2623	432	1054	472	1820	705	492	2381	298	821	868	2015	1795	2583	1104	2569	1708	1201	129	2291	342	1685	1608	521	1703	1944	1391	2341	2509	2412	1710	1159	2101	2406	1629	9999	1487	1695	1117	25	2312	743	1031	2506	1215	2559	1886	2435	2368	799	727	2423	2425	1018	1157	2529	804	1161	
451	771	1268	769	1529	439	1567	689	1458	1272	1847	649	34	1107	79	1492	884	1050	1230	115	1238	693	1077	1004	967	1339	229	1323	1061	808	188	1149	1415	1133	822	1278	1250	1335	1254	462	966	253	1653	1568	1446	850	230	1664	989	1149	1611	1868	475	530	179	1468	1281	1348	1184	712	1232	928	1555	111	186	1468	115	826	1204	1360	1313	1120	1280	1306	589	1436	486	1487	9999	384	1494	1580	947	1782	300	1398	2037	1345	1092	1049	1291	1282	911	1374	1332	1848	1588	1263	1197	1399	
870	237	809	683	1168	212	1842	638	1646	1167	1809	810	306	935	469	1583	904	1186	1177	520	657	570	509	1320	987	1580	479	1054	1231	250	202	1439	1215	1124	275	1087	1398	1029	964	696	461	519	1297	1601	1272	1087	251	1624	1102	704	1695	1825	885	255	442	1159	1075	1255	701	505	1455	565	1613	500	86	1472	279	265	860	804	977	760	819	1078	428	887	59	1695	384	9999	1310	1787	600	1744	684	970	1933	1145	536	1043	756	1198	915	857	833	1741	1405	1115	1111	1187	
1310	1465	662	549	2255	1657	1413	2029	1039	151	492	833	1405	234	1361	696	2222	690	263	1724	1349	1980	1520	1160	2287	1139	1160	2275	780	1208	1578	1186	26	2373	1442	95	776	2238	2213	999	896	1833	2329	551	10	921	1636	368	635	1931	738	514	1293	1692	1747	2305	101	2434	735	628	1006	1908	636	1713	1374	409	1590	1319	341	1670	2189	2038	669	98	1864	1755	1161	1117	1494	1310	9999	1172	1940	461	1268	2095	518	2356	1042	2319	1778	181	502	1870	1912	331	28	2351	227	43	
993	2072	1770	1065	2618	2028	142	2278	52	916	814	835	1551	1075	1390	294	2409	492	792	1771	2181	2269	2225	426	2444	126	1237	2574	427	1934	1844	313	1188	2516	2079	1137	291	2570	2545	972	1808	1945	2633	454	1114	571	1904	727	583	2429	302	821	964	2084	1880	2614	1174	2607	1784	1289	204	2357	363	1773	1701	564	1796	2016	1458	2402	2557	2454	1783	1224	2173	2443	1719	25	1580	1787	1172	9999	2376	750	1139	2553	1216	2599	1960	2482	2417	861	817	2473	2476	1036	1202	2568	871	1219	
1553	357	1322	1459	403	327	2404	332	2273	1852	2375	1571	922	1650	1139	2220	504	1899	1876	892	763	237	454	1986	549	2206	1226	279	1936	642	591	2078	1854	593	399	1758	2067	250	202	1454	971	727	546	2235	1919	1810	547	2239	1830	112	2316	2392	1570	245	729	361	1742	585	1217	1275	2106	5	2245	872	698	2122	693	529	1501	588	206	57	1327	1735	230	605	713	2312	947	600	1940	2376	9999	2334	1388	291	2431	382	909	545	403	1888	1670	424	337	2315	2010	412	1818	1825	
1420	1958	1314	919	2567	2050	1048	2357	685	451	15	1007	1708	680	1611	334	2481	663	435	1996	1911	2321	2032	1039	2521	851	1425	2562	708	1730	1938	994	539	2581	1942	593	577	2548	2524	1212	1492	2111	2608	165	448	931	1997	37	678	2349	281	27	1396	2088	2043	2585	620	2626	1372	1105	791	2313	238	1990	1751	193	1928	1840	961	2169	2517	2419	1320	653	2222	2245	1621	743	1782	1744	461	750	2334	9999	1450	2477	287	2600	1629	2552	2250	412	728	2327	2355	138	429	2592	496	581	
67	1108	1280	543	1907	875	1121	1177	996	976	1524	277	289	864	121	1081	1358	619	898	499	1453	1177	1375	526	1438	860	86	1738	612	1035	615	659	1199	1575	1144	1052	802	1743	1672	118	1080	702	2018	1194	1210	392	678	1340	587	1532	1219	1543	75	965	620	1869	1066	1776	1222	604	754	1363	1166	500	510	1106	538	1104	1101	1630	1717	1537	1297	1109	1060	1716	703	1031	300	684	1268	1139	1388	1450	9999	1769	1781	1768	1238	1506	1604	970	585	1694	1669	1564	1362	1694	886	1195	
1929	608	1435	1739	83	771	2580	763	2483	2059	2500	1901	1363	1888	1548	2430	876	2156	2094	1359	766	670	510	2283	895	2446	1603	290	2205	856	1048	2370	2026	878	612	1962	2326	200	260	1811	1155	1204	162	2426	2084	2104	1007	2415	2097	122	2487	2508	1945	676	1206	178	1943	744	1342	1553	2381	300	2439	1344	1125	2339	1161	734	1669	448	149	174	1436	1927	681	405	1045	2506	1398	970	2095	2553	291	2477	1769	9999	2528	450	1023	859	270	2093	1956	203	133	2438	2151	573	2038	1999	
1773	2063	1329	1206	2609	2221	1489	2481	1161	693	220	1374	1973	888	1910	792	2595	1085	744	2233	1950	2449	2096	1471	2618	1315	1720	2619	1148	1848	2130	1447	619	2632	2044	739	1032	2605	2598	1547	1577	2332	2629	600	550	1350	2188	349	1080	2422	731	214	1750	2250	2265	2624	751	2636	1413	1323	1254	2414	686	2227	1975	589	2134	1951	1039	2212	2584	2493	1332	756	2384	2282	1810	1215	2037	1933	518	1216	2431	287	1781	2528	9999	2631	1690	2627	2314	680	1062	2380	2410	105	430	2630	772	657	
