NAME: kroD100Preorder
TYPE: ATSP
DIMENSION: 100
EDGE_WEIGHT_TYPE: EXPLICIT
EDGE_WEIGHT_FORMAT: FULL_MATRIX 
EDGE_WEIGHT_SECTION
9999	2094	1608	1241	1727	1626	1123	405	1950	2057	322	2198	163	1535	688	1046	361	1613	1981	1855	2183	951	549	194	1839	2138	150	2251	1352	2061	1395	299	1577	158	1866	1262	1921	275	825	1606	384	671	1109	1364	1561	562	2129	2187	651	17	1966	386	1596	927	2028	2276	1439	1178	1493	1517	891	1804	924	1284	1366	337	1247	1542	718	646	1068	1359	701	893	1274	1063	1071	1333	216	1133	168	1770	1618	427	1471	1241	2141	190	487	379	923	2085	1297	264	2286	1229	486	644	1435	2045	
2094	9999	661	803	440	765	2268	2140	631	755	2330	1356	1863	1579	1474	1258	2378	948	61	838	1013	2513	2311	1826	861	534	1865	1296	2523	68	1857	2352	1647	2109	190	2442	97	2163	1231	751	1654	2398	991	677	1762	2023	1161	64	2499	2133	56	2088	488	1222	482	1015	2007	2516	860	521	2176	215	1293	969	1583	2154	2406	1596	1660	2482	968	2079	1338	2248	2404	1920	1091	1807	1816	1847	2080	1191	722	1655	984	1397	526	1821	2405	2380	1220	178	727	2341	932	1354	2437	2500	1839	23	
1608	661	9999	308	101	41	1658	1536	261	408	1884	847	1387	741	752	460	1997	167	500	240	645	2190	1803	1270	239	481	1319	878	2205	739	1065	2004	817	1551	608	1970	487	1597	610	26	1054	1941	339	267	951	1347	668	711	2197	1649	566	1474	144	502	327	788	1256	2177	80	270	1507	379	536	198	730	1567	1901	758	884	2153	459	1343	739	1641	1893	1153	364	992	1329	1052	1514	437	18	1009	168	540	483	1294	2009	1989	505	484	392	1946	779	500	2139	2209	1039	651	
1241	803	308	9999	350	404	1603	1297	722	889	1626	1326	964	968	484	368	1731	523	653	702	1146	2032	1600	886	697	914	938	1374	2121	791	1187	1697	1054	1247	570	1908	579	1326	245	367	669	1759	93	35	1159	1158	1161	926	1954	1293	653	1228	209	262	757	1285	1361	2061	318	141	1414	438	350	227	879	1313	1844	983	712	1923	64	1409	345	1534	1846	1143	183	1103	899	1072	1211	825	363	663	407	630	914	889	1773	1731	256	773	50	1661	1272	576	1851	1961	1182	750	
1727	440	101	350	9999	189	1839	1704	259	424	2014	953	1497	971	912	649	2114	348	283	341	690	2289	1945	1405	352	394	1456	955	2309	518	1295	2103	1050	1699	406	2139	269	1748	726	171	1189	2091	465	264	1189	1538	758	498	2277	1766	343	1640	72	655	248	796	1488	2282	255	197	1704	191	708	366	965	1727	2075	988	1088	2247	523	1565	855	1818	2070	1378	524	1231	1438	1279	1664	617	148	1161	365	761	393	1420	2132	2111	655	290	374	2066	763	719	2222	2283	1272	430	
1626	765	41	404	189	9999	1588	1513	235	350	1876	731	1424	624	756	437	1996	73	603	162	562	2170	1778	1292	153	480	1340	773	2160	858	957	2018	696	1549	736	1918	598	1582	654	5	1083	1916	391	371	832	1307	564	800	2191	1661	680	1448	253	518	337	722	1152	2134	48	391	1449	502	530	195	629	1547	1839	642	855	2143	535	1245	780	1584	1831	1072	387	889	1369	966	1509	302	10	1025	103	462	484	1325	1999	1985	523	552	501	1953	728	426	2149	2206	928	762	
1123	2268	1658	1603	1839	1588	9999	529	1867	1904	888	1807	1255	931	1002	1083	1091	1463	2182	1694	1928	785	532	1077	1669	2085	1055	1922	554	2288	565	1333	908	801	2188	232	2154	671	1293	1591	1113	583	1402	1702	794	419	1809	2294	1194	1065	2209	551	1806	1187	1998	2087	453	574	1478	1823	108	2055	1079	1356	818	593	147	921	715	1045	1524	312	1269	100	142	337	1279	582	1271	448	792	1418	1612	1006	1367	945	2089	1165	920	1044	1197	2176	1731	1183	2128	982	1390	1250	613	2254	
405	2140	1536	1297	1704	1513	529	9999	1851	1925	301	1977	568	1164	626	890	494	1444	2025	1710	2021	646	162	430	1688	2064	395	2081	857	2136	911	662	1191	134	1964	693	1969	55	888	1502	542	311	1108	1426	1136	111	1934	2210	698	351	2034	15	1608	878	1946	2166	909	719	1370	1579	315	1853	814	1190	986	16	661	1166	470	602	1160	810	808	310	689	566	1017	873	601	656	129	1530	1523	483	1298	953	2067	504	423	466	881	2076	1410	530	2190	961	768	737	962	2108	
1950	631	261	722	259	235	1867	1851	9999	65	2182	553	1779	863	1171	828	2262	298	507	105	277	2361	2085	1679	123	128	1716	536	2346	771	1242	2272	920	1889	751	2174	552	1916	1049	250	1485	2204	765	652	1070	1681	358	594	2391	1980	614	1801	433	911	69	375	1427	2334	367	595	1771	530	927	564	922	1885	2100	878	1257	2354	883	1531	1185	1886	2091	1416	775	1194	1733	1302	1854	407	238	1435	427	803	135	1702	2262	2255	915	325	778	2234	355	775	2356	2400	1211	663	
2057	755	408	889	424	350	1904	1925	65	9999	2235	408	1888	870	1289	941	2319	379	642	126	133	2400	2145	1785	148	132	1820	371	2363	908	1257	2336	915	1974	907	2197	696	1997	1202	378	1605	2243	912	820	1064	1750	231	691	2432	2082	758	1873	599	1051	136	228	1434	2358	494	767	1813	687	1053	692	957	1957	2125	882	1355	2401	1048	1544	1326	1932	2115	1465	912	1217	1846	1348	1942	393	368	1553	527	872	138	1811	2311	2309	1056	436	954	2293	223	856	2416	2442	1220	799	
322	2330	1884	1626	2014	1876	888	301	2182	2235	9999	2286	621	1632	1005	1323	79	1835	2253	2069	2301	456	210	584	2048	2314	538	2348	900	2317	1404	273	1659	230	2196	898	2218	202	1226	1861	780	243	1476	1737	1603	545	2256	2383	251	254	2251	347	1913	1266	2240	2399	1388	704	1758	1862	728	2120	1233	1590	1480	247	911	1634	906	203	1482	1272	1118	660	952	1051	1410	1367	677	1151	263	1926	1879	772	1715	1432	2318	620	63	59	1265	2297	1701	144	2414	1433	310	279	1452	2295	
2198	1356	847	1326	953	731	1807	1977	553	408	2286	9999	2092	739	1513	1164	2370	628	1242	444	196	2392	2167	1962	442	644	1992	52	2300	1509	1097	2419	744	2084	1499	2098	1294	2078	1516	766	1819	2249	1275	1293	858	1789	78	1279	2470	2209	1360	1936	1121	1330	681	294	1233	2324	823	1283	1770	1268	1284	1010	895	2029	2019	744	1479	2428	1449	1370	1623	1883	1998	1395	1232	1089	2059	1276	2054	385	772	1752	777	946	653	2007	2349	2362	1340	1021	1432	2365	388	957	2477	2485	1042	1402	
163	1863	1387	964	1497	1424	1255	568	1779	1888	621	2092	9999	1454	517	864	668	1437	1760	1693	2043	1251	789	77	1679	1954	80	2159	1589	1823	1375	567	1507	331	1620	1467	1690	477	573	1397	191	944	856	1087	1514	648	2003	1975	968	227	1743	528	1338	713	1837	2172	1455	1438	1277	1238	1013	1555	738	1070	1277	528	1433	1465	639	963	785	1400	453	1052	1457	1082	841	1300	12	1122	314	1634	1409	265	1271	1116	1956	33	786	684	706	1871	1007	555	2180	1091	761	956	1408	1812	
1535	1579	741	968	971	624	931	1164	863	870	1632	739	1454	9999	770	505	1794	449	1430	629	877	1797	1399	1264	599	1137	1286	883	1667	1666	219	1894	19	1328	1541	1331	1423	1293	909	643	1127	1539	793	1020	88	906	725	1599	1959	1535	1503	1117	1013	701	1043	1088	368	1680	562	1124	866	1311	608	576	67	1229	1227	2	623	1874	990	489	995	1016	1209	461	682	192	1427	344	1288	302	669	1013	442	215	1144	1336	1738	1776	714	1341	1126	1802	1156	246	2003	1994	182	1578	
688	1474	752	484	912	756	1002	626	1171	1289	1005	1513	517	770	9999	200	1152	738	1311	1033	1470	1475	939	358	1010	1424	401	1601	1595	1472	786	1176	840	607	1247	1348	1248	665	141	736	201	1134	294	599	875	491	1407	1570	1433	718	1323	555	797	117	1269	1639	917	1508	608	761	770	1099	106	412	610	645	1271	782	139	1368	352	913	132	887	1278	602	232	703	479	579	565	937	753	127	577	421	1428	409	1174	1146	117	1392	595	1100	1659	392	1352	1448	806	1426	
1046	1258	460	368	649	437	1083	890	828	941	1323	1164	864	505	200	9999	1483	395	1092	676	1114	1699	1209	706	655	1101	748	1259	1737	1286	637	1520	575	930	1095	1468	1040	967	243	422	523	1383	187	464	648	693	1045	1341	1722	1076	1131	818	578	85	950	1299	804	1684	293	604	887	894	37	143	377	925	1377	520	258	1657	333	847	320	1030	1375	581	93	555	818	518	887	585	442	445	247	165	1105	755	1481	1472	93	1125	518	1441	1325	126	1678	1743	637	1227	
361	2378	1997	1731	2114	1996	1091	494	2262	2319	79	2370	668	1794	1152	1483	9999	1960	2312	2184	2383	522	373	675	2165	2382	623	2427	1031	2360	1590	144	1814	355	2246	1072	2273	355	1343	1979	888	381	1592	1826	1776	730	2343	2432	146	297	2303	534	2013	1410	2315	2463	1576	820	1879	1950	928	2198	1380	1721	1651	426	1100	1796	1087	157	1581	1478	1229	858	1141	1251	1542	1552	731	1346	400	2067	1996	899	1843	1593	2384	693	89	8	1408	2361	1787	55	2476	1592	148	147	1631	2351	
1613	948	167	523	348	73	1463	1444	298	379	1835	628	1437	449	738	395	1960	9999	781	145	533	2102	1709	1287	125	563	1332	696	2075	1048	783	2002	521	1508	925	1809	780	1529	694	91	1089	1848	457	516	650	1226	491	973	2159	1642	868	1378	424	527	452	712	976	2053	84	557	1326	684	508	219	472	1489	1730	467	780	2099	622	1081	816	1478	1718	927	415	723	1387	818	1473	164	107	1016	56	330	569	1332	1946	1947	534	703	638	1933	739	307	2127	2178	756	949	
1981	61	500	653	283	603	2182	2025	507	642	2253	1242	1760	1430	1311	1092	2312	781	9999	692	904	2469	2232	1712	713	453	1754	1202	2498	130	1727	2286	1498	1991	160	2369	25	2054	1078	586	1520	2327	830	535	1620	1893	1040	130	2439	2032	34	1961	323	1056	367	934	1875	2473	692	376	2056	104	1137	798	1431	2041	2332	1445	1507	2424	817	1943	1195	2157	2330	1788	917	1670	1708	1712	1957	1032	561	1516	814	1230	446	1709	2339	2313	1053	121	593	2270	865	1188	2377	2441	1706	61	
1855	838	240	702	341	162	1694	1710	105	126	2069	444	1693	629	1033	676	2184	145	692	9999	269	2271	1939	1568	4	312	1606	474	2236	971	1005	2210	685	1770	905	2011	721	1785	960	189	1373	2076	691	661	826	1509	275	816	2316	1880	798	1656	490	798	244	435	1193	2229	264	650	1588	666	788	458	695	1748	1929	643	1085	2272	842	1302	1094	1720	1918	1201	673	954	1648	1084	1735	199	191	1304	277	602	319	1601	2173	2174	804	549	795	2158	454	582	2292	2329	967	861	
2183	1013	645	1146	690	562	1928	2021	277	133	2301	196	2043	877	1470	1114	2383	533	904	269	9999	2432	2212	1929	285	303	1958	136	2380	1184	1261	2412	903	2091	1197	2213	974	2096	1412	594	1773	2290	1145	1088	1043	1836	72	924	2489	2196	1033	1967	868	1247	361	83	1423	2385	688	1043	1859	969	1232	893	1002	2060	2144	886	1489	2447	1286	1544	1531	1977	2126	1510	1128	1235	2003	1397	2061	416	592	1715	689	975	311	1958	2366	2373	1253	674	1224	2366	127	969	2478	2497	1219	1066	
951	2513	2190	2032	2289	2170	785	646	2361	2400	456	2392	1251	1797	1475	1699	522	2102	2469	2271	2432	9999	339	1180	2257	2476	1132	2446	382	2512	1506	802	1797	754	2440	562	2443	636	1707	2161	1346	186	1877	2121	1717	826	2377	2526	399	870	2474	717	2239	1701	2426	2506	1426	202	2068	2225	771	2381	1642	1931	1676	634	635	1793	1285	276	1917	1282	1629	635	675	1198	1808	1501	1303	1308	783	2128	2180	1303	2004	1705	2479	1232	319	481	1703	2493	2110	672	2515	1719	731	469	1553	2505	
549	2311	1803	1600	1945	1778	532	162	2085	2145	210	2167	789	1399	939	1209	373	1709	2232	1939	2212	339	9999	680	1919	2250	638	2241	609	2307	1112	623	1414	291	2194	549	2202	174	1213	1772	828	71	1423	1711	1336	326	2135	2358	494	478	2237	224	1866	1203	2179	2311	1064	453	1656	1845	402	2097	1139	1493	1237	156	553	1398	762	366	1474	936	1129	310	585	757	1334	1085	835	868	307	1768	1786	775	1587	1237	2252	747	234	330	1206	2266	1698	476	2334	1250	663	547	1161	2286	
194	1826	1270	886	1405	1292	1077	430	1679	1785	584	1962	77	1264	358	706	675	1287	1712	1568	1929	1180	680	9999	1550	1870	11	2046	1476	1800	1181	641	1321	243	1592	1309	1643	359	484	1270	94	850	749	1012	1324	474	1882	1931	975	233	1701	372	1258	581	1750	2076	1256	1325	1150	1179	829	1505	588	934	1093	397	1267	1273	454	943	715	1208	361	879	1288	878	714	1108	77	911	223	1488	1281	126	1133	930	1872	22	756	680	576	1809	953	589	2087	906	827	976	1215	1780	
1839	861	239	697	352	153	1669	1688	123	148	2048	442	1679	599	1010	655	2165	125	713	4	285	2257	1919	1550	9999	342	1589	480	2222	992	974	2194	655	1749	923	1983	742	1767	943	183	1353	2054	678	659	796	1487	279	846	2298	1859	817	1628	496	776	271	453	1161	2216	250	654	1561	682	768	441	666	1728	1906	612	1057	2261	833	1271	1076	1696	1895	1169	657	920	1629	1051	1715	173	188	1282	254	572	349	1585	2155	2157	784	569	793	2139	478	557	2281	2318	934	883	
2138	534	481	914	394	480	2085	2064	128	132	2314	644	1954	1137	1424	1101	2382	563	453	312	303	2476	2250	1870	342	9999	1909	572	2459	695	1505	2390	1190	2090	744	2315	530	2118	1278	492	1700	2338	996	822	1328	1898	465	446	2494	2169	567	2008	571	1171	53	305	1671	2448	619	727	1982	558	1196	814	1207	2091	2265	1148	1522	2465	1095	1765	1411	2098	2256	1672	1027	1461	1914	1568	2058	646	476	1664	688	1086	0	1891	2386	2376	1173	224	944	2355	249	1058	2462	2501	1473	587	
150	1865	1319	938	1456	1340	1055	395	1716	1820	538	1992	80	1286	401	748	623	1332	1754	1606	1958	1132	638	11	1589	1909	9999	2077	1436	1840	1192	593	1345	208	1642	1277	1690	315	533	1316	124	801	797	1066	1342	458	1912	1968	916	192	1746	339	1307	628	1789	2105	1260	1280	1197	1231	809	1552	630	981	1117	354	1241	1295	475	889	768	1206	415	856	1263	880	760	1121	92	920	184	1519	1332	161	1173	963	1911	29	701	630	623	1850	1009	542	2117	942	774	918	1225	1820	
2251	1296	878	1374	955	773	1922	2081	536	371	2348	52	2159	883	1601	1259	2427	696	1202	474	136	2446	2241	2046	480	572	2077	9999	2372	1466	1246	2458	891	2168	1477	2203	1261	2162	1586	809	1897	2320	1345	1328	1012	1893	91	1215	2507	2264	1317	2040	1137	1417	638	188	1384	2388	886	1301	1882	1251	1383	1086	1037	2121	2127	887	1582	2481	1502	1518	1696	1996	2113	1532	1304	1236	2124	1423	2137	492	812	1832	858	1069	581	2083	2408	2421	1427	958	1466	2422	271	1075	2509	2514	1200	1352	
1352	2523	2205	2121	2309	2160	554	857	2346	2363	900	2300	1589	1667	1595	1737	1031	2075	2498	2236	2380	382	609	1476	2222	2459	1436	2372	9999	2527	1309	1327	1644	1081	2491	201	2480	928	1837	2161	1580	495	1957	2201	1533	920	2309	2531	954	1273	2504	919	2278	1783	2417	2463	1175	89	2074	2279	679	2424	1710	1957	1564	885	288	1659	1358	811	2037	1030	1792	544	308	1071	1875	1335	1625	1189	1101	2047	2182	1514	1988	1664	2461	1540	815	982	1789	2502	2208	1185	2490	1689	1283	1028	1360	2519	
2061	68	739	791	518	858	2288	2136	771	908	2317	1509	1823	1666	1472	1286	2360	1048	130	971	1184	2512	2307	1800	992	695	1840	1466	2527	9999	1920	2330	1730	2093	110	2454	118	2156	1215	837	1621	2397	996	670	1835	2031	1314	181	2486	2106	66	2086	519	1229	630	1195	2069	2517	933	511	2192	225	1312	1015	1656	2148	2425	1682	1675	2471	941	2123	1307	2265	2423	1955	1107	1859	1777	1892	2065	1304	809	1632	1064	1462	688	1787	2396	2363	1225	316	693	2321	1116	1415	2420	2487	1904	29	
1395	1857	1065	1187	1295	957	565	911	1242	1257	1404	1097	1375	219	786	637	1590	783	1727	1005	1261	1506	1112	1181	974	1505	1192	1246	1309	1920	9999	1739	191	1140	1798	950	1713	1069	1013	971	1086	1237	978	1261	104	672	1106	1886	1751	1378	1781	882	1304	818	1417	1466	72	1339	864	1385	542	1603	705	817	173	987	841	209	553	1648	1164	145	1059	672	817	192	853	20	1360	121	1106	671	998	964	738	368	1512	1259	1498	1560	831	1675	1338	1619	1527	420	1828	1790	9	1852	
299	2352	2004	1697	2103	2018	1333	662	2272	2336	273	2419	567	1894	1176	1520	144	2002	2286	2210	2412	802	623	641	2194	2390	593	2458	1327	2330	1739	9999	1922	451	2210	1354	2245	513	1315	2001	859	656	1580	1796	1895	894	2374	2418	309	272	2275	684	1986	1421	2322	2488	1746	1126	1902	1918	1156	2162	1413	1740	1753	588	1371	1899	1173	384	1541	1661	1196	1105	1409	1425	1548	1696	632	1502	488	2123	2012	899	1876	1675	2392	630	316	183	1416	2351	1742	51	2495	1668	78	281	1776	2326	
1577	1647	817	1054	1050	696	908	1191	920	915	1659	744	1507	19	840	575	1814	521	1498	685	903	1797	1414	1321	655	1190	1345	891	1644	1730	191	1922	9999	1367	1611	1303	1497	1325	992	717	1190	1545	877	1108	46	933	749	1662	1976	1575	1572	1146	1099	778	1109	1117	322	1668	642	1209	864	1392	683	659	101	1255	1201	13	674	1889	1078	451	1074	1010	1178	464	763	179	1486	350	1330	347	745	1077	521	280	1199	1395	1752	1795	792	1408	1212	1825	1190	314	2030	2014	150	1649	
158	2109	1551	1247	1699	1549	801	134	1889	1974	230	2084	331	1328	607	930	355	1508	1991	1770	2091	754	291	243	1749	2090	208	2168	1081	2093	1140	451	1367	9999	1908	957	1935	47	819	1534	408	443	1076	1373	1329	288	2026	2189	622	118	1990	123	1584	866	1972	2219	1162	910	1408	1531	584	1816	831	1213	1154	90	933	1333	548	564	1088	1069	716	582	964	786	1009	1083	375	864	7	1633	1550	390	1359	1068	2093	294	378	345	865	2071	1334	334	2233	1063	587	641	1182	2072	
1866	190	608	570	406	736	2188	1964	751	907	2196	1499	1620	1541	1247	1095	2246	925	160	905	1197	2440	2194	1592	923	744	1642	1477	2491	110	1798	2210	1611	1908	9999	2372	96	1978	975	710	1398	2287	775	460	1726	1856	1302	334	2389	1919	82	1908	348	1008	640	1239	1940	2455	783	300	2052	110	1106	830	1515	1973	2335	1557	1484	2368	707	1999	1072	2147	2335	1812	890	1737	1562	1749	1878	1221	686	1415	910	1289	736	1577	2281	2250	1002	392	468	2196	1178	1244	2302	2389	1781	118	
1262	2442	1970	1908	2139	1918	232	693	2174	2197	898	2098	1467	1331	1348	1468	1072	1809	2369	2011	2213	562	549	1309	1983	2315	1277	2203	201	2454	950	1354	1303	957	2372	9999	2354	808	1624	1919	1392	508	1741	1997	1185	686	2111	2472	1084	1200	2394	746	2103	1543	2259	2312	807	270	1818	2116	388	2285	1451	1717	1228	745	27	1320	1079	929	1826	668	1588	280	43	727	1640	977	1494	838	965	1775	1938	1301	1734	1350	2320	1392	870	1023	1549	2367	2017	1203	2345	1385	1360	1154	999	2430	
1921	97	487	579	269	598	2154	1969	552	696	2218	1294	1690	1423	1248	1040	2273	780	25	721	974	2443	2202	1643	742	530	1690	1261	2480	118	1713	2245	1497	1935	96	2354	9999	1999	1000	575	1446	2290	765	464	1614	1849	1100	206	2411	1963	21	1915	283	992	432	1015	1859	2450	671	299	2022	49	1076	757	1413	1983	2310	1440	1459	2393	740	1927	1115	2121	2306	1759	862	1652	1631	1686	1905	1049	554	1446	798	1206	523	1637	2296	2274	988	201	513	2228	947	1158	2342	2415	1695	69	
275	2163	1597	1326	1748	1582	671	55	1916	1997	202	2078	477	1293	665	967	355	1529	2054	1785	2096	636	174	359	1767	2118	315	2162	928	2156	1069	513	1325	47	1978	808	1999	9999	902	1570	515	313	1147	1453	1274	227	2026	2227	590	226	2057	70	1650	923	2010	2224	1076	770	1445	1604	474	1879	876	1253	1126	19	788	1295	554	513	1177	973	810	457	817	715	1069	1023	516	803	57	1631	1588	479	1386	1065	2120	426	320	333	924	2112	1426	378	2242	1068	620	619	1119	2125	
825	1231	610	245	726	654	1293	888	1049	1202	1226	1516	573	909	141	243	1343	694	1078	960	1412	1707	1213	484	943	1278	533	1586	1837	1215	1013	1315	992	819	975	1624	1000	902	9999	629	277	1392	133	355	1059	768	1381	1352	1617	876	1075	812	581	89	1128	1571	1169	1756	526	520	1069	846	157	325	772	897	1556	927	387	1575	120	1184	39	1189	1564	868	140	922	524	831	777	957	637	265	544	543	1280	496	1393	1343	78	1194	326	1263	1574	498	1502	1626	1023	1176	
1606	751	26	367	171	5	1591	1502	250	378	1861	766	1397	643	736	422	1979	91	586	189	594	2161	1772	1270	183	492	1316	809	2161	837	971	2001	717	1534	710	1919	575	1570	629	9999	1057	1908	360	335	854	1299	599	790	2186	1642	660	1437	230	496	348	753	1166	2131	42	355	1449	481	513	176	642	1536	1842	659	843	2130	502	1256	756	1583	1835	1077	362	900	1343	972	1496	333	3	1003	105	466	496	1300	1984	1973	499	548	469	1942	755	429	2132	2195	944	746	
384	1654	1054	669	1189	1083	1113	542	1485	1605	780	1819	191	1127	201	523	888	1089	1520	1373	1773	1346	828	94	1353	1700	124	1897	1580	1621	1086	859	1190	408	1398	1392	1446	515	277	1057	9999	1009	537	791	1211	515	1729	1760	1193	434	1508	477	1036	381	1560	1913	1193	1462	931	955	862	1291	400	721	948	530	1336	1139	344	1153	509	1157	175	939	1354	822	510	1004	154	838	370	1299	1070	33	917	765	1702	109	956	891	374	1627	740	805	1924	738	1051	1198	1114	1598	
671	2398	1941	1759	2091	1916	583	311	2204	2243	243	2249	944	1539	1134	1383	381	1848	2327	2076	2290	186	71	850	2054	2338	801	2320	495	2397	1237	656	1545	443	2287	508	2290	313	1392	1908	1009	9999	1592	1856	1471	497	2230	2438	416	597	2331	385	2015	1382	2270	2387	1178	309	1803	1986	509	2217	1315	1659	1390	303	539	1537	943	284	1638	1041	1304	393	573	896	1512	1223	995	1012	471	1894	1926	962	1744	1406	2340	906	208	332	1385	2350	1845	513	2410	1422	655	481	1284	2371	
1109	991	339	93	465	391	1402	1108	765	912	1476	1275	856	793	294	187	1592	457	830	691	1145	1877	1423	749	678	996	797	1345	1957	996	978	1580	877	1076	775	1741	765	1147	133	360	537	1592	9999	173	970	943	1132	1107	1833	1155	845	1029	333	99	837	1306	1156	1901	277	306	1200	617	168	122	690	1130	1669	810	508	1790	76	1201	237	1325	1672	914	36	891	795	855	1032	733	368	509	309	447	998	765	1624	1590	95	916	205	1528	1307	396	1746	1843	976	943	
1364	677	267	35	264	371	1702	1426	652	820	1737	1293	1087	1020	599	464	1826	516	535	661	1088	2121	1711	1012	659	822	1066	1328	2201	670	1261	1796	1108	1373	460	1997	464	1453	355	335	791	1856	173	9999	1220	1274	1122	802	2057	1420	534	1349	116	366	667	1222	1442	2146	317	60	1520	310	463	266	945	1440	1930	1038	828	2024	143	1495	469	1638	1931	1238	268	1182	1021	1168	1330	824	326	786	425	697	822	1014	1865	1827	360	659	40	1762	1203	647	1944	2064	1251	627	
1561	1762	951	1159	1189	832	794	1136	1070	1064	1603	858	1514	88	875	648	1776	650	1620	826	1043	1717	1336	1324	796	1328	1342	1012	1533	1835	104	1895	46	1329	1726	1185	1614	1274	1059	854	1211	1471	970	1220	9999	880	876	1778	1925	1552	1694	1096	1224	851	1249	1247	213	1564	765	1320	768	1517	744	766	134	1207	1072	74	676	1832	1167	321	1131	904	1047	384	851	115	1495	289	1293	489	878	1095	640	343	1337	1401	1698	1749	861	1541	1307	1794	1318	396	1990	1959	71	1761	
562	2023	1347	1158	1538	1307	419	111	1681	1750	545	1789	648	906	491	693	730	1226	1893	1509	1836	826	326	474	1487	1898	458	1893	920	2031	672	894	933	288	1856	686	1849	227	768	1299	515	497	943	1274	880	9999	1747	2093	945	533	1910	87	1456	715	1790	1993	687	826	1167	1442	205	1731	639	988	739	163	628	907	282	839	1029	600	714	257	644	335	844	630	661	422	266	1295	1322	423	1087	717	1902	556	657	700	720	1928	1276	758	2031	729	1014	985	717	1984	
2129	1161	668	1161	758	564	1809	1934	358	231	2256	78	2003	725	1407	1045	2343	491	1040	275	72	2377	2135	1882	279	465	1912	91	2309	1314	1106	2374	749	2026	1302	2111	1100	2026	1381	599	1729	2230	1132	1122	876	1747	9999	1091	2445	2148	1163	1890	923	1207	493	207	1258	2323	670	1103	1754	1072	1174	862	863	1976	2033	733	1396	2407	1287	1392	1501	1869	2015	1376	1093	1084	1962	1259	1989	299	604	1664	644	870	473	1919	2327	2333	1215	819	1253	2333	277	872	2444	2457	1055	1209	
2187	64	711	926	498	800	2294	2210	594	691	2383	1279	1975	1599	1570	1341	2432	973	130	816	924	2526	2358	1931	846	446	1968	1215	2531	181	1886	2418	1662	2189	334	2472	206	2227	1352	790	1760	2438	1107	802	1778	2093	1091	9999	2518	2218	170	2161	578	1322	428	900	2035	2525	910	643	2218	323	1391	1047	1615	2221	2431	1610	1739	2511	1104	2106	1468	2287	2429	1965	1192	1836	1928	1891	2162	1182	764	1755	1034	1450	438	1929	2451	2433	1320	131	868	2401	813	1411	2492	2520	1860	119	
651	2499	2197	1954	2277	2191	1194	698	2391	2432	251	2470	968	1959	1433	1722	146	2159	2439	2316	2489	399	494	975	2298	2494	916	2507	954	2486	1751	309	1976	622	2389	1084	2411	590	1617	2186	1193	416	1833	2057	1925	945	2445	2518	9999	580	2436	756	2215	1673	2435	2524	1720	743	2091	2175	1080	2344	1639	1937	1830	643	1137	1960	1341	47	1828	1609	1517	976	1175	1440	1786	1727	1033	1536	663	2223	2193	1198	2051	1803	2496	993	137	141	1672	2483	2020	252	2529	1806	204	14	1791	2475	
17	2133	1649	1293	1766	1661	1065	351	1980	2082	254	2209	227	1535	718	1076	297	1642	2032	1880	2196	870	478	233	1859	2169	192	2264	1273	2106	1378	272	1575	118	1919	1200	1963	226	876	1642	434	597	1155	1420	1552	533	2148	2218	580	9999	2019	342	1643	970	2059	2291	1414	1100	1525	1569	846	1849	958	1323	1366	290	1186	1541	725	570	1129	1327	756	837	1218	1039	1114	1318	278	1114	134	1782	1656	465	1497	1254	2171	238	408	305	966	2119	1360	220	2299	1243	440	576	1420	2091	
1966	56	566	653	343	680	2209	2034	614	758	2251	1360	1743	1503	1323	1131	2303	868	34	798	1033	2474	2237	1701	817	567	1746	1317	2504	66	1781	2275	1572	1990	82	2394	21	2057	1075	660	1508	2331	845	534	1694	1910	1163	170	2436	2019	9999	1971	354	1075	488	1062	1930	2484	757	369	2084	100	1159	844	1497	2046	2350	1521	1533	2422	808	1993	1185	2181	2349	1826	943	1725	1686	1757	1955	1137	635	1513	884	1284	561	1695	2337	2304	1071	221	570	2263	988	1242	2364	2438	1765	24	
386	2088	1474	1228	1640	1448	551	15	1801	1873	347	1936	528	1117	555	818	534	1378	1961	1656	1967	717	224	372	1628	2008	339	2040	919	2086	882	684	1146	123	1908	746	1915	70	812	1437	477	385	1029	1349	1096	87	1890	2161	756	342	1971	9999	1543	804	1900	2122	894	790	1297	1512	328	1799	743	1117	935	30	705	1120	404	660	1084	799	735	342	730	542	940	836	553	622	113	1480	1458	411	1235	892	2013	452	482	509	807	2019	1335	554	2150	897	801	789	926	2053	
1596	488	144	209	72	253	1806	1608	433	599	1913	1121	1338	1013	797	578	2013	424	323	490	868	2239	1866	1258	496	571	1307	1137	2278	519	1304	1986	1099	1584	348	2103	283	1650	581	230	1036	2015	333	116	1224	1456	923	578	2215	1643	354	1543	9999	549	424	983	1492	2244	274	62	1653	165	615	312	977	1628	2037	1032	997	2185	356	1559	699	1769	2034	1345	418	1234	1274	1257	1546	718	214	1021	390	751	569	1263	2044	2011	546	417	211	1946	953	701	2129	2218	1285	451	
927	1222	502	262	655	518	1187	878	911	1051	1266	1330	713	701	117	85	1410	527	1056	798	1247	1701	1203	581	776	1171	628	1417	1783	1229	818	1421	778	866	1008	1543	992	923	89	496	381	1382	99	366	851	715	1207	1322	1673	970	1075	804	549	9999	1013	1429	982	1718	374	530	970	841	31	195	570	900	1469	717	292	1611	193	1010	159	1104	1472	715	44	732	663	664	822	758	511	325	366	336	1173	615	1434	1403	1	1136	389	1349	1440	297	1590	1684	824	1178	
2028	482	327	757	248	337	1998	1946	69	136	2240	681	1837	1043	1269	950	2315	452	367	244	361	2426	2179	1750	271	53	1789	638	2417	630	1417	2322	1109	1972	640	2259	432	2010	1128	348	1560	2270	837	667	1249	1790	493	428	2435	2059	488	1900	424	1013	9999	414	1588	2402	485	575	1891	439	1041	667	1102	1978	2211	1060	1386	2409	927	1687	1253	2006	2204	1567	871	1362	1791	1469	1940	577	329	1524	559	959	54	1769	2323	2308	1016	184	786	2284	364	928	2403	2442	1380	524	
2276	1015	788	1285	796	722	2087	2166	375	228	2399	294	2172	1088	1639	1299	2463	712	934	435	83	2506	2311	2076	453	305	2105	188	2463	1195	1466	2488	1117	2219	1239	2312	1015	2224	1571	753	1913	2387	1306	1222	1247	1993	207	900	2524	2291	1062	2122	983	1429	414	9999	1606	2467	860	1161	2027	1035	1418	1074	1216	2199	2258	1098	1669	2510	1443	1724	1687	2131	2247	1696	1297	1438	2133	1591	2194	612	747	1858	874	1185	310	2101	2453	2454	1434	679	1351	2449	25	1176	2521	2528	1418	1081	
1439	2007	1256	1361	1488	1152	453	909	1427	1434	1388	1233	1455	368	917	804	1576	976	1875	1193	1423	1426	1064	1256	1161	1671	1260	1384	1175	2069	72	1746	322	1162	1940	807	1859	1076	1169	1166	1193	1178	1156	1442	213	687	1258	2035	1720	1414	1930	894	1492	982	1588	1606	9999	1223	1057	1560	483	1768	865	1006	330	989	697	354	656	1603	1329	44	1205	595	673	212	1026	119	1447	188	1138	847	1196	1070	926	550	1678	1341	1469	1544	993	1824	1510	1622	1676	596	1823	1763	94	2000	
1178	2516	2177	2061	2282	2134	574	719	2334	2358	704	2324	1438	1680	1508	1684	820	2053	2473	2229	2385	202	453	1325	2216	2448	1280	2388	89	2517	1339	1126	1668	910	2455	270	2450	770	1756	2131	1462	309	1901	2146	1564	826	2323	2525	743	1100	2484	790	2244	1718	2402	2467	1223	9999	2038	2240	648	2394	1647	1917	1563	738	353	1674	1279	604	1955	1078	1702	506	393	1062	1817	1350	1484	1184	935	2049	2151	1396	1957	1636	2452	1394	611	772	1723	2485	2147	975	2493	1663	1077	812	1389	2508	
1493	860	80	318	255	48	1478	1370	367	494	1758	823	1277	562	608	293	1879	84	692	264	688	2068	1656	1150	250	619	1197	886	2074	933	864	1902	642	1408	783	1818	671	1445	526	42	931	1803	277	317	765	1167	670	910	2091	1525	757	1297	274	374	485	860	1057	2038	9999	381	1315	557	383	86	542	1408	1744	578	704	2036	431	1145	646	1464	1736	946	257	791	1229	848	1365	331	54	874	38	342	624	1185	1882	1868	380	670	443	1841	872	303	2042	2107	843	849	
1517	521	270	141	197	391	1823	1579	595	767	1862	1283	1238	1124	761	604	1950	557	376	650	1043	2225	1845	1179	654	727	1231	1301	2279	511	1385	1918	1209	1531	300	2116	299	1604	520	355	955	1986	306	60	1320	1442	1103	643	2175	1569	369	1512	62	530	575	1161	1560	2240	381	9999	1666	175	612	372	1065	1594	2054	1142	992	2142	278	1614	623	1777	2054	1386	413	1303	1177	1305	1495	867	338	955	498	820	724	1176	1999	1952	525	527	102	1887	1130	769	2073	2179	1373	468	
891	2176	1507	1414	1704	1449	108	315	1771	1813	728	1770	1013	866	770	887	928	1326	2056	1588	1859	771	402	829	1561	1982	809	1882	679	2192	542	1156	864	584	2052	388	2022	474	1069	1449	862	509	1200	1520	768	205	1754	2218	1080	846	2084	328	1653	970	1891	2027	483	648	1315	1666	9999	1907	869	1181	725	391	308	861	506	942	1309	357	1037	48	314	242	1082	534	1030	346	571	1325	1475	759	1220	802	1988	913	793	890	977	2063	1542	1003	2072	831	1236	1139	588	2152	
1804	215	379	438	191	502	2055	1853	530	687	2120	1268	1555	1311	1099	894	2198	684	104	666	969	2381	2097	1505	682	558	1552	1251	2424	225	1603	2162	1392	1816	110	2285	49	1879	846	481	1291	2217	617	310	1517	1731	1072	323	2344	1849	100	1799	165	841	439	1035	1768	2394	557	175	1907	9999	920	622	1288	1864	2241	1331	1308	2325	591	1826	955	2016	2238	1646	713	1538	1498	1566	1784	968	455	1290	680	1072	554	1500	2226	2200	836	266	365	2138	979	1024	2269	2347	1587	172	
924	1293	536	350	708	530	1079	814	927	1053	1233	1284	738	608	106	37	1380	508	1137	788	1232	1642	1139	588	768	1196	630	1383	1710	1312	705	1413	683	831	1106	1451	1076	876	157	513	400	1315	168	463	744	639	1174	1391	1639	958	1159	743	615	31	1041	1418	865	1647	383	612	869	920	9999	209	475	846	1366	623	219	1573	286	892	223	1003	1368	605	86	621	693	554	787	709	531	324	348	253	1200	633	1390	1372	36	1189	494	1332	1438	222	1576	1658	712	1256	
1284	969	198	227	366	195	1356	1190	564	692	1590	1010	1070	576	412	143	1721	219	798	458	893	1931	1493	934	441	814	981	1086	1957	1015	817	1740	659	1213	830	1717	757	1253	325	176	721	1659	122	266	766	988	862	1047	1937	1323	844	1117	312	195	667	1074	1006	1917	86	372	1181	622	209	9999	512	1222	1635	597	537	1884	280	1074	450	1318	1630	837	98	739	1017	752	1168	477	192	667	100	284	817	970	1731	1714	201	820	351	1679	1087	237	1881	1948	807	938	
1366	1583	730	879	965	629	818	986	922	957	1480	895	1277	67	610	377	1651	472	1431	695	1002	1676	1237	1093	666	1207	1117	1037	1564	1656	173	1753	101	1154	1515	1228	1413	1126	772	642	948	1390	690	945	134	739	863	1615	1830	1366	1497	935	977	570	1102	1216	330	1563	542	1065	725	1288	475	512	9999	1053	1124	71	455	1746	880	425	846	875	1107	320	571	119	1252	227	1117	406	667	838	420	114	1214	1165	1589	1626	582	1371	1036	1656	1268	152	1862	1858	154	1574	
337	2154	1567	1313	1727	1547	593	16	1885	1957	247	2029	528	1229	645	925	426	1489	2041	1748	2060	634	156	397	1728	2091	354	2121	885	2148	987	588	1255	90	1973	745	1983	19	897	1536	530	303	1130	1440	1207	163	1976	2221	643	290	2046	30	1628	900	1978	2199	989	738	1408	1594	391	1864	846	1222	1053	9999	717	1231	511	554	1170	887	809	378	748	639	1042	943	560	726	93	1580	1554	481	1344	1008	2095	468	367	400	901	2095	1419	457	2220	1013	695	676	1037	2118	
1247	2406	1901	1844	2075	1839	147	661	2100	2125	911	2019	1433	1227	1271	1377	1100	1730	2332	1929	2144	635	553	1267	1906	2265	1241	2127	288	2425	841	1371	1201	933	2335	27	2310	788	1556	1842	1336	539	1669	1930	1072	628	2033	2431	1137	1186	2350	705	2037	1469	2211	2258	697	353	1744	2054	308	2241	1366	1635	1124	717	9999	1218	994	980	1767	562	1525	226	6	630	1561	869	1460	734	935	1685	1858	1244	1649	1250	2267	1352	900	1049	1477	2328	1946	1219	2291	1282	1390	1204	888	2397	
1542	1596	758	983	988	642	921	1166	878	882	1634	744	1465	2	782	520	1796	467	1445	643	886	1793	1398	1273	612	1148	1295	887	1659	1682	209	1899	13	1333	1557	1320	1440	1295	927	659	1139	1537	810	1038	74	907	733	1610	1960	1541	1521	1120	1032	717	1060	1098	354	1674	578	1142	861	1331	623	597	71	1231	1218	9999	631	1874	1009	478	1011	1010	1198	457	697	185	1436	340	1294	313	686	1024	461	227	1156	1346	1738	1777	729	1357	1144	1805	1166	261	2005	1995	171	1596	
718	1660	884	712	1088	855	715	470	1257	1355	906	1479	639	623	139	258	1087	780	1507	1085	1489	1285	762	454	1057	1522	475	1582	1358	1675	553	1173	674	548	1484	1079	1459	554	387	843	344	943	508	828	676	282	1396	1739	1341	725	1533	404	997	292	1386	1669	656	1279	704	992	506	1308	219	537	455	511	994	631	9999	1255	610	640	380	625	1000	325	403	480	617	320	507	903	864	241	638	336	1525	528	1061	1067	297	1546	848	1065	1698	331	1327	1370	574	1621	
646	2482	2153	1923	2247	2143	1045	602	2354	2401	203	2428	963	1874	1368	1657	157	2099	2424	2272	2447	276	366	943	2261	2465	889	2481	811	2471	1648	384	1889	564	2368	929	2393	513	1575	2130	1153	284	1790	2024	1832	839	2407	2511	47	570	2422	660	2185	1611	2409	2510	1603	604	2036	2142	942	2325	1573	1884	1746	554	980	1874	1255	9999	1799	1491	1481	835	1023	1317	1738	1621	1026	1428	605	2170	2147	1147	1983	1726	2466	976	75	134	1611	2456	1985	287	2517	1732	296	91	1691	2456	
1068	968	459	64	523	535	1524	1160	883	1048	1482	1449	785	990	352	333	1581	622	817	842	1286	1917	1474	715	833	1095	768	1502	2037	941	1164	1541	1078	1088	707	1826	740	1177	120	502	509	1638	76	143	1167	1029	1287	1104	1828	1129	808	1084	356	193	927	1443	1329	1955	431	278	1309	591	286	280	880	1170	1767	1009	610	1799	9999	1363	205	1434	1772	1073	157	1076	723	1018	1043	917	503	512	491	629	1095	715	1634	1583	183	952	112	1504	1435	576	1715	1834	1165	904	
1359	2079	1343	1409	1565	1245	312	810	1531	1544	1272	1370	1400	489	913	847	1478	1081	1943	1302	1544	1282	936	1208	1271	1765	1206	1518	1030	2123	145	1661	451	1069	1999	668	1927	973	1184	1256	1157	1041	1201	1495	321	600	1392	2106	1609	1327	1993	799	1559	1010	1687	1724	44	1078	1145	1614	357	1826	892	1074	425	887	562	478	640	1491	1363	9999	1206	470	541	169	1069	191	1397	186	1043	971	1280	1037	1019	614	1774	1285	1347	1439	1022	1906	1551	1528	1781	660	1741	1664	180	2067	
701	1338	739	345	855	780	1269	808	1185	1326	1118	1623	453	995	132	320	1229	816	1195	1094	1531	1629	1129	361	1076	1411	415	1696	1792	1307	1059	1196	1074	716	1072	1588	1115	810	39	756	175	1304	237	469	1131	714	1501	1468	1517	756	1185	735	699	159	1253	1687	1205	1702	646	623	1037	955	223	450	846	809	1525	1011	380	1481	205	1206	9999	1146	1534	878	239	972	398	857	677	1077	763	184	658	618	1413	371	1283	1232	149	1310	422	1147	1692	578	1383	1523	1074	1276	
893	2248	1641	1534	1818	1584	100	310	1886	1932	660	1883	1052	1016	887	1030	858	1478	2157	1720	1977	635	310	879	1696	2098	856	1996	544	2265	672	1105	1010	582	2147	280	2121	457	1189	1583	939	393	1325	1638	904	257	1869	2287	976	837	2181	342	1769	1104	2006	2131	595	506	1464	1777	48	2016	1003	1318	875	378	226	1010	625	835	1434	470	1146	9999	236	377	1218	670	1077	493	576	1477	1605	847	1364	952	2104	966	701	814	1111	2164	1657	945	2177	981	1166	1035	722	2231	
1274	2404	1893	1846	2070	1831	142	689	2091	2115	952	1998	1457	1209	1278	1375	1141	1718	2330	1918	2126	675	585	1288	1895	2256	1263	2113	308	2423	817	1409	1178	964	2335	43	2306	817	1564	1835	1354	573	1672	1931	1047	644	2015	2429	1175	1218	2349	730	2034	1472	2204	2247	673	393	1736	2054	314	2238	1368	1630	1107	748	6	1198	1000	1023	1772	541	1534	236	9999	619	1562	851	1483	721	966	1671	1854	1259	1640	1240	2260	1375	941	1091	1480	2327	1949	1252	2280	1275	1432	1240	867	2395	
1063	1920	1153	1143	1378	1072	337	566	1416	1465	1051	1395	1082	461	602	581	1251	927	1788	1201	1510	1198	757	878	1169	1672	880	1532	1071	1955	192	1425	464	786	1812	727	1759	715	868	1077	822	896	914	1238	384	335	1376	1965	1440	1039	1826	542	1345	715	1567	1696	212	1062	946	1386	242	1646	605	837	320	639	630	457	325	1317	1073	169	878	377	619	9999	791	166	1075	32	757	902	1105	705	834	429	1677	965	1153	1222	725	1777	1285	1284	1745	466	1531	1487	231	1903	
1071	1091	364	183	524	387	1279	1017	775	912	1410	1232	841	682	232	93	1542	415	917	673	1128	1808	1334	714	657	1027	760	1304	1875	1107	853	1548	763	1009	890	1640	862	1069	140	362	510	1512	36	268	851	844	1093	1192	1786	1114	943	940	418	44	871	1297	1026	1817	257	413	1082	713	86	98	571	1042	1561	697	403	1738	157	1069	239	1218	1562	791	9999	765	786	725	966	670	376	465	267	328	1030	745	1564	1536	45	986	304	1490	1307	286	1712	1801	852	1045	
1333	1807	992	1103	1231	889	582	873	1194	1217	1367	1089	1300	192	703	555	1552	723	1670	954	1235	1501	1085	1108	920	1461	1121	1236	1335	1859	20	1696	179	1083	1737	977	1652	1023	922	900	1004	1223	891	1182	115	630	1084	1836	1727	1318	1725	836	1234	732	1362	1438	119	1350	791	1303	534	1538	621	739	119	943	869	185	480	1621	1076	191	972	670	851	166	765	9999	1282	90	1048	636	927	885	669	295	1470	1189	1471	1526	746	1616	1255	1578	1500	338	1797	1764	26	1799	
216	1816	1329	899	1438	1369	1271	601	1733	1846	677	2059	12	1427	479	818	731	1387	1708	1648	2003	1303	835	77	1629	1914	92	2124	1625	1777	1360	632	1486	375	1562	1494	1631	516	524	1343	154	995	795	1021	1495	661	1962	1928	1033	278	1686	553	1274	663	1791	2133	1447	1484	1229	1177	1030	1498	693	1017	1252	560	1460	1436	617	1026	723	1397	398	1077	1483	1075	786	1282	9999	1110	353	1596	1353	236	1227	1079	1915	28	849	747	656	1822	940	616	2141	1050	827	1023	1391	1763	
1133	1847	1052	1072	1279	966	448	656	1302	1348	1151	1276	1122	344	579	518	1346	818	1712	1084	1397	1308	868	911	1051	1568	920	1423	1189	1892	121	1502	350	864	1749	838	1686	803	831	972	838	1012	855	1168	289	422	1259	1891	1536	1114	1757	622	1257	664	1469	1591	188	1184	848	1305	346	1566	554	752	227	726	734	340	320	1428	1018	186	857	493	721	32	725	90	1110	9999	833	786	998	719	731	326	1574	1000	1255	1314	674	1691	1227	1375	1645	367	1610	1576	155	1829	
168	2080	1514	1211	1664	1509	792	129	1854	1942	263	2054	314	1288	565	887	400	1473	1957	1735	2061	783	307	223	1715	2058	184	2137	1101	2065	1106	488	1330	7	1878	965	1905	57	777	1496	370	471	1032	1330	1293	266	1989	2162	663	134	1955	113	1546	822	1940	2194	1138	935	1365	1495	571	1784	787	1168	1117	93	935	1294	507	605	1043	1043	677	576	966	757	966	1048	353	833	9999	1598	1511	348	1314	1026	2062	275	419	389	821	2037	1291	375	2214	1022	627	682	1149	2039	
1770	1191	437	825	617	302	1418	1530	407	393	1926	385	1634	302	937	585	2067	164	1032	199	416	2128	1768	1488	173	646	1519	492	2047	1304	671	2123	347	1633	1221	1775	1049	1631	957	333	1299	1894	733	824	489	1295	299	1182	2223	1782	1137	1480	718	758	577	612	847	2049	331	867	1325	968	709	477	406	1580	1685	313	903	2170	917	971	1077	1477	1671	902	670	636	1596	786	1598	9999	351	1220	260	395	655	1534	2034	2050	768	895	953	2053	670	399	2223	2239	632	1208	
1618	722	18	363	148	10	1612	1523	238	368	1879	772	1409	669	753	442	1996	107	561	191	592	2180	1786	1281	188	476	1332	812	2182	809	998	2012	745	1550	686	1938	554	1588	637	3	1070	1926	368	326	878	1322	604	764	2193	1656	635	1458	214	511	329	747	1196	2151	54	338	1475	455	531	192	667	1554	1858	686	864	2147	503	1280	763	1605	1854	1105	376	927	1353	998	1511	351	9999	1019	120	490	480	1312	2003	1987	514	523	460	1951	747	454	2145	2207	973	717	
427	1655	1009	663	1161	1025	1006	483	1435	1553	772	1752	265	1013	127	445	899	1016	1516	1304	1715	1303	775	126	1282	1664	161	1832	1514	1632	964	899	1077	390	1415	1301	1446	479	265	1003	33	962	509	786	1095	423	1664	1755	1198	465	1513	411	1021	325	1524	1858	1070	1396	874	955	759	1290	324	667	838	481	1244	1024	241	1147	512	1037	184	847	1259	705	465	885	236	719	348	1220	1019	9999	852	667	1666	170	945	897	321	1607	753	832	1876	644	1090	1210	991	1600	
1471	984	168	407	365	103	1367	1298	427	527	1715	777	1271	442	577	247	1843	56	814	277	689	2004	1587	1133	254	688	1173	858	1988	1064	738	1876	521	1359	910	1734	798	1386	544	105	917	1744	309	425	640	1087	644	1034	2051	1497	884	1235	390	366	559	874	926	1957	38	498	1220	680	348	100	420	1344	1649	461	638	1983	491	1019	658	1364	1640	834	267	669	1227	731	1314	260	120	852	9999	241	692	1172	1836	1832	374	774	539	1810	896	217	2014	2073	714	975	
1241	1397	540	630	761	462	945	953	803	872	1432	946	1116	215	421	165	1593	330	1230	602	975	1705	1237	930	572	1086	963	1069	1664	1462	368	1675	280	1068	1289	1350	1206	1065	543	466	765	1406	447	697	343	717	870	1450	1803	1254	1284	892	751	336	959	1185	550	1636	342	820	802	1072	253	284	114	1008	1250	227	336	1726	629	614	618	952	1240	429	328	295	1079	326	1026	395	490	667	241	9999	1094	994	1558	1575	348	1205	779	1579	1228	10	1804	1825	357	1379	
2141	526	483	914	393	484	2089	2067	135	138	2318	653	1956	1144	1428	1105	2384	569	446	319	311	2479	2252	1872	349	0	1911	581	2461	688	1512	2392	1199	2093	736	2320	523	2120	1280	496	1702	2340	998	822	1337	1902	473	438	2496	2171	561	2013	569	1173	54	310	1678	2452	624	724	1988	554	1200	817	1214	2095	2267	1156	1525	2466	1095	1774	1413	2104	2260	1677	1030	1470	1915	1574	2062	655	480	1666	692	1094	9999	1893	2388	2379	1177	218	943	2357	256	1064	2464	2503	1480	577	
