NAME: kroE100Preorder
TYPE: ATSP
DIMENSION: 100
EDGE_WEIGHT_TYPE: EXPLICIT
EDGE_WEIGHT_FORMAT: FULL_MATRIX 
EDGE_WEIGHT_SECTION
9999	2491	495	2427	1272	2182	31	940	1598	1104	2501	151	1870	560	724	391	544	2360	2114	736	24	1755	596	2448	679	595	2141	726	2511	1579	1379	217	1514	2284	280	522	2336	1455	1873	401	2020	1330	2016	665	615	527	209	1343	640	980	161	557	2385	705	2027	634	1206	300	427	1207	576	460	246	464	1022	1598	2239	1396	127	2281	597	906	349	9	1964	109	2458	2452	562	1126	715	2222	49	524	2422	2007	2015	248	712	1398	1955	2133	1813	2194	441	2449	931	293	599	2501	
2491	9999	2634	30	1521	532	2458	1753	1047	1576	13	2421	697	2254	2232	2479	2026	1325	1297	2217	2491	1463	2357	1284	1871	2608	379	2488	1182	1184	1268	2453	1632	594	2204	2526	442	1783	1267	2088	529	1484	1288	2240	1921	2633	2581	1561	2099	1784	2599	2209	719	1858	785	2228	1434	2383	2547	1593	2402	2225	2324	2374	1621	1072	307	1852	2602	331	2422	2145	2468	2486	559	2438	386	715	2584	1518	2473	238	2477	2056	291	1391	620	2228	2426	1462	926	334	951	1295	2486	225	1677	2579	1938	1085	
495	2634	9999	2632	1686	2505	617	1403	2078	1710	2636	791	2290	809	1388	453	1229	2546	2356	1402	564	2010	1242	2596	1279	275	2528	1306	2623	1955	1856	843	1777	2551	947	1085	2593	1686	2161	1052	2460	1728	2286	870	1258	11	180	1707	1328	1633	489	851	2600	1327	2361	1309	1749	951	955	1801	646	1145	920	1110	1541	2005	2583	1616	317	2566	637	1098	457	541	2394	735	2628	2614	328	1705	661	2563	448	1212	2621	2259	2468	911	710	1763	2297	2515	2180	2420	1030	2630	1532	752	1251	2622	
2427	30	2632	9999	1405	415	2379	1662	949	1487	31	2351	573	2166	2173	2398	1947	1228	1184	2158	2429	1341	2306	1196	1780	2569	318	2440	1101	1060	1152	2380	1523	485	2119	2481	340	1691	1140	2003	461	1369	1170	2148	1846	2631	2536	1447	2031	1724	2560	2108	623	1768	661	2168	1332	2325	2506	1518	2325	2157	2256	2320	1520	947	274	1750	2564	222	2339	2045	2382	2419	470	2363	314	631	2535	1424	2384	162	2400	1978	212	1275	561	2153	2341	1340	802	239	829	1187	2430	160	1585	2543	1863	1001	
1272	1521	1686	1405	9999	937	1255	162	642	624	1519	1283	666	744	1342	1099	872	1206	867	1333	1311	437	1441	1316	521	1416	1151	1650	1413	183	256	1366	260	1053	957	1611	1156	365	520	808	1036	7	734	722	656	1675	1385	46	1103	905	1573	696	1206	571	720	1281	399	1318	1604	849	961	1159	1175	1392	168	290	1287	397	1535	1105	988	596	1086	1283	907	1280	1337	1294	1330	476	1064	1178	1190	910	1305	748	1120	974	990	38	613	1044	446	954	1519	1357	454	1607	699	1385	
2182	532	2505	415	937	9999	2152	1261	816	1292	499	2139	323	1799	2033	2074	1745	704	586	2018	2198	747	2163	710	1511	2310	541	2321	678	582	826	2191	967	62	1888	2337	84	1159	534	1760	584	891	561	1770	1600	2498	2294	938	1874	1585	2387	1759	231	1517	108	2007	1069	2127	2350	1399	1961	1966	2035	2156	1150	553	617	1244	2374	75	1980	1648	2065	2183	477	2152	223	293	2248	1180	2024	407	2126	1773	193	673	741	1904	1970	843	221	325	306	604	2276	251	1315	2382	1627	587	
31	2458	617	2379	1255	2152	9999	925	1530	1015	2472	65	1828	620	590	492	452	2359	2112	603	10	1756	473	2444	615	725	2081	604	2507	1551	1325	119	1522	2258	197	420	2310	1475	1866	327	1963	1312	2012	726	536	656	326	1335	517	876	172	607	2365	630	1998	504	1135	185	333	1105	669	336	137	340	981	1558	2184	1423	191	2244	694	954	449	12	1911	34	2429	2431	689	1049	811	2175	114	424	2386	2009	1952	167	803	1382	1934	2083	1782	2192	329	2414	863	240	518	2493	
940	1753	1403	1662	162	1261	925	9999	770	537	1756	965	929	459	1099	796	603	1505	1176	1094	980	723	1174	1607	262	1134	1378	1401	1703	479	394	1054	467	1377	651	1341	1470	488	843	501	1250	210	1041	458	390	1393	1068	237	856	751	1265	398	1522	330	1045	1024	400	1013	1321	770	691	881	868	1110	93	546	1507	477	1219	1408	722	414	774	951	1135	957	1629	1601	1044	424	812	1432	858	642	1599	1046	1300	663	742	274	944	1306	767	1269	1233	1637	306	1313	432	1680	
1598	1047	2078	949	642	816	1530	770	9999	358	1080	1472	303	1391	1214	1663	930	1527	1274	1199	1589	1050	1390	1583	760	1931	501	1583	1601	483	220	1510	1023	998	1173	1635	1002	1179	981	1026	350	644	1166	1406	813	2081	1803	774	1027	632	1799	1330	1220	731	767	1204	247	1418	1677	408	1604	1188	1326	1409	542	297	630	1224	1830	849	1632	1370	1632	1581	296	1493	1154	1292	1872	307	1721	628	1587	965	1066	1240	358	1209	1667	680	788	530	576	1343	1563	1077	497	1747	833	1543	
1104	1576	1710	1487	624	1292	1015	537	358	9999	1601	934	801	1032	691	1273	385	1808	1554	675	1083	1221	857	1880	305	1603	1046	1078	1919	709	329	972	1072	1463	643	1123	1489	1165	1236	509	891	666	1440	1081	305	1721	1395	783	484	153	1335	969	1646	248	1184	666	107	875	1164	91	1263	638	782	869	335	589	1167	1177	1380	1365	1293	1121	1236	1080	842	964	1635	1717	1534	43	1409	1178	1115	422	1568	1480	868	681	1355	736	1156	1084	931	1626	1031	1584	108	1259	314	1881	
2501	13	2636	31	1519	499	2472	1756	1080	1601	9999	2439	706	2256	2262	2480	2046	1269	1253	2248	2503	1435	2380	1223	1885	2609	428	2508	1118	1178	1278	2471	1615	541	2223	2539	389	1767	1232	2102	574	1479	1249	2239	1936	2635	2588	1552	2125	1818	2603	2210	656	1874	754	2259	1456	2406	2556	1624	2401	2251	2338	2400	1628	1076	364	1840	2606	298	2421	2137	2471	2496	591	2456	324	650	2585	1541	2470	267	2484	2077	239	1352	676	2246	2423	1455	898	355	936	1248	2502	171	1695	2592	1957	1016	
151	2421	791	2351	1283	2139	65	965	1472	934	2439	9999	1795	759	410	678	359	2392	2161	424	88	1801	287	2476	597	914	2031	423	2524	1558	1300	22	1583	2257	162	260	2303	1553	1898	301	1910	1342	2052	864	497	835	510	1381	367	753	229	741	2369	589	2001	328	1089	53	201	992	838	188	45	167	986	1547	2121	1511	315	2224	864	1089	627	106	1868	8	2417	2436	878	989	984	2123	271	324	2370	2056	1895	145	970	1414	1944	2045	1786	2226	171	2393	820	175	470	2509	
1870	697	2290	573	666	323	1828	929	303	801	706	1795	9999	1560	1649	1837	1337	1104	882	1632	1877	794	1778	1147	1096	2092	320	1947	1151	340	386	1845	890	505	1531	1980	512	1078	655	1386	256	632	795	1549	1179	2288	2021	736	1471	1104	2086	1508	731	1089	312	1627	591	1770	2002	895	1748	1594	1688	1781	761	203	451	1144	2089	372	1765	1452	1818	1864	129	1812	676	803	2025	703	1836	323	1839	1376	590	889	377	1557	1774	618	370	203	237	932	1909	615	860	2062	1210	1080	
560	2254	809	2166	744	1799	620	459	1391	1032	2256	759	1560	9999	1183	184	748	1871	1604	1185	652	1155	1160	1969	548	483	1920	1353	2075	1104	1037	865	853	1883	578	1209	1965	745	1333	532	1818	793	1494	22	619	785	504	751	981	1108	886	9	1977	637	1613	1092	984	893	1136	1231	95	896	749	1044	658	1200	2025	677	767	1926	114	172	179	606	1733	727	2101	2047	396	962	202	1962	417	758	2082	1470	1852	558	156	845	1513	1866	1375	1683	1102	2120	779	1035	644	2070	
724	2232	1388	2173	1342	2033	590	1099	1214	691	2262	410	1649	1183	9999	1212	306	2420	2196	0	635	1881	74	2483	651	1481	1792	211	2518	1524	1184	365	1711	2173	411	306	2195	1728	1925	470	1674	1395	2090	1272	512	1432	1112	1475	97	388	761	1140	2318	579	1937	20	923	257	392	626	1323	130	307	139	1004	1454	1879	1713	901	2084	1355	1441	1162	663	1656	469	2311	2366	1440	810	1478	1913	841	277	2257	2107	1620	435	1453	1470	1907	1853	1739	2263	263	2269	723	562	473	2493	
391	2479	453	2398	1099	2074	492	796	1663	1273	2480	678	1837	184	1212	9999	867	2135	1884	1219	493	1495	1135	2238	779	181	2174	1289	2334	1451	1361	767	1207	2159	624	1108	2239	1087	1660	652	2061	1148	1785	239	806	427	197	1112	1057	1276	658	226	2257	851	1899	1119	1271	837	1008	1440	83	919	726	1003	971	1525	2275	1006	502	2202	90	462	6	454	1978	621	2358	2319	118	1232	157	2219	242	866	2344	1760	2082	589	163	1201	1807	2117	1695	1949	1012	2372	1034	867	816	2331	
544	2026	1229	1947	872	1745	452	603	930	385	2046	359	1337	748	306	867	9999	2094	1844	301	511	1485	382	2181	176	1198	1600	616	2244	1106	787	399	1265	1873	120	593	1912	1281	1562	81	1462	927	1738	832	80	1255	892	999	107	254	757	699	2014	134	1622	241	545	310	612	463	929	130	218	346	532	1059	1705	1262	822	1824	960	973	822	513	1407	389	2044	2085	1132	450	1096	1709	591	3	1988	1751	1438	152	1052	1005	1572	1621	1374	1908	493	2008	300	687	54	2212	
2360	1325	2546	1228	1206	704	2359	1505	1527	1808	1269	2392	1104	1871	2420	2135	2094	9999	169	2412	2396	618	2492	40	1840	2316	1435	2589	146	985	1365	2454	920	553	2176	2575	701	1033	485	2053	1460	1144	287	1815	1930	2530	2382	1101	2265	2051	2549	1849	422	1871	598	2381	1602	2421	2573	1938	1983	2315	2327	2474	1516	1111	1500	1120	2520	859	1991	1631	2139	2373	1338	2387	760	449	2260	1699	1995	1296	2295	2124	851	297	1595	2185	1950	1068	557	1217	777	101	2534	926	1743	2572	1965	186	
2114	1297	2356	1184	867	586	2112	1176	1274	1554	1253	2161	882	1604	2196	1884	1844	169	9999	2188	2167	288	2282	280	1564	2077	1288	2435	411	673	1057	2221	581	509	1908	2410	674	716	173	1789	1283	808	35	1547	1676	2340	2154	756	2005	1810	2354	1578	476	1601	405	2155	1315	2189	2401	1714	1737	2064	2075	2246	1197	817	1380	800	2313	786	1746	1338	1887	2135	1146	2154	794	535	2008	1419	1756	1177	2037	1874	851	48	1429	1920	1714	733	319	1074	501	19	2338	928	1466	2397	1711	419	
736	2217	1402	2158	1333	2018	603	1094	1199	675	2248	424	1632	1185	0	1219	301	2412	2188	9999	650	1874	89	2478	644	1490	1778	229	2511	1514	1171	378	1704	2160	416	323	2184	1726	1920	470	1659	1384	2081	1275	506	1443	1124	1467	95	371	780	1141	2308	571	1926	23	909	268	412	606	1328	135	318	154	994	1440	1863	1708	917	2072	1362	1441	1169	677	1640	480	2302	2357	1449	795	1481	1901	850	273	2242	2102	1604	440	1457	1462	1900	1842	1730	2255	282	2256	710	581	468	2487	
24	2491	564	2429	1311	2198	10	980	1589	1083	2503	88	1877	652	635	493	511	2396	2167	650	9999	1797	500	2479	685	703	2132	617	2528	1602	1386	132	1567	2301	256	422	2349	1515	1905	389	2010	1369	2058	750	604	605	295	1386	569	935	123	643	2410	698	2049	544	1202	215	324	1167	682	384	178	367	1044	1610	2230	1464	141	2291	704	989	452	5	1959	51	2471	2474	672	1117	818	2219	113	483	2433	2052	2000	224	813	1437	1982	2134	1838	2231	339	2459	927	207	583	2522	
1755	1463	2010	1341	437	747	1756	723	1050	1221	1435	1801	794	1155	1881	1495	1485	618	288	1874	1797	9999	1950	747	1146	1725	1286	2132	884	372	738	1875	138	762	1547	2092	914	268	83	1410	1232	382	176	1092	1278	1989	1780	309	1692	1506	2006	1125	829	1205	491	1834	968	1846	2080	1421	1319	1732	1730	1909	775	561	1403	352	1952	952	1334	874	1496	1770	1088	1793	1080	911	1652	1068	1359	1230	1671	1522	1097	161	1359	1556	1292	309	353	1104	380	374	2005	1166	1078	2067	1320	881	
596	2357	1242	2306	1441	2163	473	1174	1390	857	2380	287	1778	1160	74	1135	382	2492	2282	89	500	1950	9999	2540	735	1383	1939	94	2568	1639	1330	224	1764	2287	393	127	2312	1771	2013	494	1825	1491	2182	1258	596	1287	984	1558	195	570	584	1126	2416	683	2054	66	1079	140	202	821	1272	133	236	38	1114	1585	2024	1749	740	2215	1302	1446	1088	531	1799	344	2421	2476	1347	962	1427	2057	737	347	2364	2199	1775	406	1404	1565	2012	1987	1851	2338	100	2377	852	369	552	2553	
2448	1284	2596	1196	1316	710	2444	1607	1583	1880	1223	2476	1147	1969	2483	2238	2181	40	280	2478	2479	747	2540	9999	1919	2402	1443	2611	57	1082	1447	2513	1049	540	2261	2610	673	1170	599	2142	1477	1259	403	1915	2013	2586	2476	1221	2329	2116	2594	1943	377	1947	649	2455	1679	2490	2607	1997	2088	2378	2399	2525	1609	1190	1498	1254	2567	848	2096	1741	2241	2462	1366	2471	711	384	2347	1761	2102	1293	2370	2209	808	425	1611	2272	2059	1181	630	1224	854	196	2577	883	1823	2608	2046	101	
679	1871	1279	1780	521	1511	615	262	760	305	1885	597	1096	548	651	779	176	1840	1564	644	685	1146	735	1919	9999	1136	1447	965	1986	786	515	672	912	1640	276	924	1702	935	1238	139	1299	578	1442	608	37	1288	926	651	407	373	956	490	1781	16	1347	576	341	606	922	483	772	442	472	682	214	769	1565	918	963	1611	809	703	743	668	1221	608	1841	1859	1057	280	931	1538	653	209	1786	1459	1307	298	877	662	1275	1433	1069	1642	821	1819	113	947	56	1960	
595	2608	275	2569	1416	2310	725	1134	1931	1603	2609	914	2092	483	1481	181	1198	2316	2077	1490	703	1725	1383	2402	1136	9999	2411	1499	2494	1730	1673	993	1464	2365	936	1304	2451	1325	1876	985	2322	1462	1985	510	1153	227	247	1409	1365	1596	763	536	2451	1205	2133	1397	1602	1085	1195	1740	274	1211	995	1254	1320	1801	2494	1242	577	2425	256	706	213	664	2247	856	2541	2500	17	1570	239	2455	464	1192	2527	1952	2342	903	291	1500	2040	2362	1932	2147	1227	2552	1387	1012	1161	2497	
2141	379	2528	318	1151	541	2081	1378	501	1046	428	2031	320	1920	1792	2174	1600	1435	1288	1778	2132	1286	1939	1443	1447	2411	9999	2092	1397	846	798	2063	1394	715	1794	2164	622	1567	1128	1687	46	1129	1230	1919	1494	2530	2323	1236	1670	1290	2328	1877	918	1416	695	1792	921	1982	2202	1047	2097	1798	1914	1968	1185	678	39	1624	2346	433	2118	1856	2151	2123	99	2052	702	957	2352	998	2194	63	2122	1630	580	1330	104	1826	2138	1124	803	87	716	1322	2095	551	1193	2280	1514	1309	
726	2488	1306	2440	1650	2321	604	1401	1583	1078	2508	423	1947	1353	211	1289	616	2589	2435	229	617	2132	94	2611	965	1499	2092	9999	2627	1827	1544	332	1945	2434	603	89	2461	1947	2200	725	1973	1698	2345	1448	836	1360	1095	1749	407	778	624	1322	2538	915	2230	235	1302	279	177	1016	1443	336	413	148	1345	1766	2178	1923	802	2362	1469	1628	1243	659	1956	475	2538	2570	1475	1191	1580	2213	876	576	2504	2355	1922	611	1566	1755	2197	2155	2023	2489	124	2510	1085	369	791	2618	
2511	1182	2623	1101	1413	678	2507	1703	1601	1919	1118	2524	1151	2075	2518	2334	2244	146	411	2511	2528	884	2568	57	1986	2494	1397	2627	9999	1154	1499	2554	1185	494	2326	2624	593	1317	716	2214	1451	1358	526	2022	2084	2615	2532	1331	2376	2172	2615	2047	299	2013	668	2495	1727	2531	2624	2037	2201	2442	2467	2557	1689	1241	1444	1398	2605	780	2210	1858	2335	2520	1344	2523	598	283	2447	1814	2222	1236	2460	2277	709	565	1587	2336	2179	1282	682	1179	904	326	2604	776	1883	2626	2108	21	
1579	1184	1955	1060	183	582	1551	479	483	709	1178	1558	340	1104	1524	1451	1106	985	673	1514	1602	372	1639	1082	786	1730	846	1827	1154	9999	205	1621	375	711	1245	1817	805	549	343	1089	751	148	539	1078	904	1946	1701	220	1305	1022	1833	1050	880	814	377	1480	453	1567	1823	896	1319	1394	1445	1612	395	70	976	618	1806	745	1345	940	1435	1584	607	1563	985	967	1657	555	1409	848	1514	1145	947	597	856	1268	1343	125	301	712	128	755	1737	999	628	1845	939	1114	
1379	1268	1856	1152	256	826	1325	394	220	329	1278	1300	386	1037	1184	1361	787	1365	1057	1171	1386	738	1330	1447	515	1673	798	1544	1499	205	9999	1363	653	983	971	1555	1039	794	729	819	664	261	930	1042	607	1854	1570	387	957	646	1637	976	1183	514	683	1145	113	1282	1574	506	1272	1077	1163	1317	208	118	933	836	1639	931	1303	979	1334	1373	547	1316	1217	1269	1599	201	1394	870	1337	831	1151	983	718	1000	1328	302	640	745	417	1138	1468	1186	302	1619	642	1455	
217	2453	843	2380	1366	2191	119	1054	1510	972	2471	22	1845	865	365	767	399	2454	2221	378	132	1875	224	2513	672	993	2063	332	2554	1621	1363	9999	1664	2304	228	173	2343	1635	1959	370	1937	1421	2113	962	557	888	581	1464	364	766	228	845	2424	656	2062	294	1140	28	120	1012	932	186	72	115	1064	1602	2159	1597	347	2273	957	1188	725	162	1902	42	2462	2480	959	1038	1084	2168	354	363	2416	2118	1916	212	1071	1490	2000	2081	1849	2292	98	2436	876	125	525	2542	
1514	1632	1777	1523	260	967	1522	467	1023	1072	1615	1583	890	853	1711	1207	1265	920	581	1704	1567	138	1764	1049	912	1464	1394	1945	1185	375	653	1664	9999	1017	1298	1898	1157	66	309	1160	1315	232	464	786	1047	1757	1535	126	1496	1343	1783	823	1108	975	714	1651	844	1635	1879	1291	1018	1524	1505	1722	572	567	1515	118	1729	1168	1033	570	1208	1537	1171	1571	1328	1195	1380	922	1064	1373	1406	1298	1330	434	1418	1307	995	179	570	1240	518	678	1811	1395	890	1857	1091	1183	
2284	594	2551	485	1053	62	2258	1377	998	1463	541	2257	505	1883	2173	2159	1873	553	509	2160	2301	762	2287	540	1640	2365	715	2434	494	711	983	2304	1017	9999	1994	2446	47	1204	539	1883	765	997	517	1850	1729	2546	2364	1029	1994	1733	2482	1847	85	1653	165	2143	1236	2252	2461	1568	2035	2091	2158	2279	1289	715	768	1287	2469	136	2050	1716	2149	2287	665	2262	149	131	2314	1348	2087	550	2226	1903	170	620	920	2015	2036	940	266	488	420	504	2375	240	1469	2485	1752	409	
280	2204	947	2119	957	1888	197	651	1173	643	2223	162	1531	578	411	624	120	2176	1908	416	256	1547	393	2261	276	936	1794	603	2326	1245	971	228	1298	1994	9999	504	2052	1281	1645	46	1678	1019	1805	678	189	973	611	1067	250	519	508	536	2140	273	1750	320	765	189	479	739	727	147	80	298	657	1231	1896	1244	542	1972	755	867	574	253	1619	171	2192	2208	880	680	889	1889	321	112	2145	1813	1668	2	856	1098	1696	1801	1516	1979	396	2174	493	486	171	2307	
522	2526	1085	2481	1611	2337	420	1341	1635	1123	2539	260	1980	1209	306	1108	593	2575	2410	323	422	2092	127	2610	924	1304	2164	89	2624	1817	1555	173	1898	2446	504	9999	2478	1886	2177	648	2037	1666	2324	1307	799	1138	884	1715	444	855	400	1184	2544	890	2236	287	1325	164	29	1102	1276	308	297	106	1316	1775	2242	1856	575	2390	1301	1515	1061	465	2007	301	2552	2574	1279	1218	1417	2271	687	550	2524	2330	1993	502	1408	1727	2194	2202	2024	2475	25	2529	1085	166	756	2616	
2336	442	2593	340	1156	84	2310	1470	1002	1489	389	2303	512	1965	2195	2239	1912	701	674	2184	2349	914	2312	673	1702	2451	622	2461	593	805	1039	2343	1157	47	2052	2478	9999	1342	699	1928	703	1105	682	1933	1772	2588	2437	1149	2032	1749	2521	1924	137	1707	264	2178	1278	2294	2489	1580	2121	2129	2203	2309	1369	776	663	1426	2512	64	2145	1807	2229	2337	614	2309	58	166	2386	1386	2187	453	2297	1940	58	781	850	2073	2128	1054	391	410	516	666	2414	110	1518	2516	1800	499	
1455	1783	1686	1691	365	1159	1475	488	1179	1165	1767	1553	1078	745	1728	1087	1281	1033	716	1726	1515	268	1771	1170	935	1325	1567	1947	1317	549	794	1635	66	1204	1281	1886	1342	9999	474	1154	1486	349	601	670	1072	1659	1439	227	1522	1412	1737	728	1277	1009	902	1669	950	1620	1860	1388	889	1529	1485	1719	648	744	1679	16	1665	1359	899	436	1094	1479	1354	1535	1503	1364	1242	1020	912	1550	1330	1317	1509	549	1582	1284	849	311	759	1428	716	802	1797	1569	954	1820	1114	1322	
1873	1267	2161	1140	520	534	1866	843	981	1236	1232	1898	655	1333	1925	1660	1562	485	173	1920	1905	83	2013	599	1238	1876	1128	2200	716	343	729	1959	309	539	1645	2177	699	474	9999	1511	1090	466	77	1275	1367	2136	1918	427	1744	1533	2116	1296	609	1280	292	1889	977	1922	2171	1422	1501	1796	1814	1981	852	502	1238	559	2075	745	1517	1073	1657	1886	940	1895	860	699	1804	1089	1545	1051	1788	1597	880	111	1224	1658	1483	386	170	928	252	253	2087	948	1131	2170	1404	701	
401	2088	1052	2003	808	1760	327	501	1026	509	2102	301	1386	532	470	652	81	2053	1789	470	389	1410	494	2142	139	985	1687	725	2214	1089	819	370	1160	1883	46	648	1928	1154	1511	9999	1553	867	1691	620	82	1071	706	918	261	441	664	485	2014	142	1622	381	615	322	630	635	713	216	189	417	496	1075	1780	1122	688	1856	744	784	602	378	1487	310	2069	2086	918	528	878	1768	413	87	2019	1700	1548	59	838	941	1559	1688	1370	1867	533	2046	347	648	73	2193	
2020	529	2460	461	1036	584	1963	1250	350	891	574	1910	256	1818	1674	2061	1462	1460	1283	1659	2010	1232	1825	1477	1299	2322	46	1973	1451	751	664	1937	1315	765	1678	2037	703	1486	1090	1553	9999	1017	1214	1821	1351	2463	2215	1134	1532	1135	2215	1763	979	1269	692	1673	768	1865	2079	892	1992	1678	1790	1850	1046	566	122	1548	2243	509	2017	1758	2038	2004	42	1929	800	1032	2264	848	2090	155	2006	1491	690	1309	44	1707	2039	1020	782	131	662	1327	1975	673	1037	2165	1371	1368	
1330	1484	1728	1369	7	891	1312	210	644	666	1479	1342	632	793	1395	1148	927	1144	808	1384	1369	382	1491	1259	578	1462	1129	1698	1358	148	261	1421	232	997	1019	1666	1105	349	466	867	1017	9999	675	761	715	1718	1440	35	1157	947	1623	742	1147	630	664	1336	430	1374	1657	886	1007	1216	1233	1449	215	264	1266	387	1587	1058	1032	632	1136	1342	886	1340	1285	1239	1375	510	1103	1145	1246	964	1259	695	1104	1033	1029	15	553	1010	393	900	1571	1309	499	1661	753	1329	
2016	1288	2286	1170	734	561	2012	1041	1166	1440	1249	2052	795	1494	2090	1785	1738	287	35	2081	2058	176	2182	403	1442	1985	1230	2345	526	539	930	2113	464	517	1805	2324	682	601	77	1691	1214	675	9999	1436	1561	2264	2054	625	1906	1716	2274	1467	521	1482	351	2048	1189	2081	2318	1605	1641	1958	1971	2146	1063	700	1330	693	2220	768	1654	1224	1786	2035	1072	2046	822	597	1922	1293	1672	1133	1934	1762	862	24	1356	1819	1614	591	250	1019	400	89	2249	936	1339	2313	1595	525	
665	2240	870	2148	722	1770	726	458	1406	1081	2239	864	1549	22	1272	239	832	1815	1547	1275	750	1092	1258	1915	608	510	1919	1448	2022	1078	1042	962	786	1850	678	1307	1933	670	1275	620	1821	761	1436	9999	691	844	581	710	1070	1172	978	35	1938	699	1582	1183	1009	989	1237	1282	98	986	849	1142	671	1184	2025	589	862	1906	116	102	244	711	1731	827	2076	2006	424	998	180	1954	511	847	2060	1402	1862	659	126	807	1474	1861	1343	1623	1205	2098	824	1138	717	2019	
615	1921	1258	1846	656	1600	536	390	813	305	1936	497	1179	619	512	806	80	1930	1676	506	604	1278	596	2013	37	1153	1494	836	2084	904	607	557	1047	1729	189	799	1772	1072	1367	82	1351	715	1561	691	9999	1270	905	783	280	298	879	558	1875	20	1455	444	401	487	804	450	829	313	362	543	327	874	1608	1050	903	1694	862	805	760	595	1280	514	1912	1935	1081	318	987	1596	616	105	1865	1577	1345	220	936	791	1389	1497	1182	1745	696	1890	154	848	4	2056	
527	2633	11	2631	1675	2498	656	1393	2081	1721	2635	835	2288	785	1432	427	1255	2530	2340	1443	605	1989	1287	2586	1288	227	2530	1360	2615	1946	1854	888	1757	2546	973	1138	2588	1659	2136	1071	2463	1718	2264	844	1270	9999	189	1690	1364	1657	541	832	2595	1339	2354	1349	1753	997	1013	1821	610	1183	953	1155	1539	1999	2586	1590	368	2563	598	1065	435	582	2395	773	2625	2613	284	1714	614	2562	467	1236	2619	2233	2473	934	670	1754	2285	2514	2172	2398	1087	2629	1540	811	1268	2614	
209	2581	180	2536	1385	2294	326	1068	1803	1395	2588	510	2021	504	1112	197	892	2382	2154	1124	295	1780	984	2476	926	247	2323	1095	2532	1701	1570	581	1535	2364	611	884	2437	1439	1918	706	2215	1440	2054	581	905	189	9999	1420	1015	1324	346	533	2466	972	2126	1021	1449	686	767	1518	400	844	615	850	1209	1742	2409	1369	182	2388	405	831	181	264	2151	456	2530	2512	239	1386	476	2373	133	876	2517	2033	2225	571	500	1492	2045	2301	1917	2220	811	2533	1193	584	900	2529	
1343	1561	1707	1447	46	938	1335	237	774	783	1552	1381	736	751	1475	1112	999	1101	756	1467	1386	309	1558	1221	651	1409	1236	1749	1331	220	387	1464	126	1029	1067	1715	1149	227	427	918	1134	35	625	710	783	1690	1420	9999	1239	1060	1639	708	1164	709	703	1412	551	1425	1699	1005	951	1281	1280	1506	297	370	1371	262	1591	1121	975	544	1102	1361	996	1374	1329	1256	1324	634	1031	1244	1247	1037	1309	629	1225	1081	961	26	578	1111	449	853	1618	1368	601	1691	828	1313	
640	2099	1328	2031	1103	1874	517	856	1027	484	2125	367	1471	981	97	1057	107	2265	2005	95	569	1692	195	2329	407	1365	1670	407	2376	1305	957	364	1496	1994	250	444	2032	1522	1744	261	1532	1157	1906	1070	280	1364	1015	1239	9999	239	764	933	2160	342	1764	60	707	255	494	474	1145	67	234	206	760	1235	1755	1503	870	1927	1179	1226	1006	585	1500	417	2168	2221	1308	588	1310	1777	730	92	2098	1925	1488	278	1273	1235	1734	1716	1549	2079	363	2110	482	621	245	2349	
980	1784	1633	1724	905	1585	876	751	632	153	1818	753	1104	1108	388	1276	254	2051	1810	371	935	1506	570	2116	373	1596	1290	778	2172	1022	646	766	1343	1733	519	855	1749	1412	1533	441	1135	947	1716	1172	298	1657	1324	1060	239	9999	1162	1047	1894	290	1490	380	379	655	914	102	1311	409	596	608	576	913	1398	1412	1241	1634	1345	1267	1234	942	1110	797	1878	1953	1534	277	1468	1435	1028	269	1808	1744	1086	556	1420	1023	1469	1356	1252	1879	777	1822	273	1036	282	2118	
161	2599	489	2560	1573	2387	172	1265	1799	1335	2603	229	2086	886	761	658	757	2549	2354	780	123	2006	584	2594	956	763	2328	624	2615	1833	1637	228	1783	2482	508	400	2521	1737	2116	664	2215	1623	2274	978	879	541	346	1639	764	1162	9999	888	2555	966	2270	697	1465	339	281	1398	868	567	369	464	1325	1841	2408	1690	61	2476	884	1227	619	144	2174	193	2590	2591	758	1378	977	2403	281	731	2565	2266	2203	478	988	1685	2202	2332	2050	2418	360	2580	1201	112	854	2612	
557	2209	851	2108	696	1759	607	398	1330	969	2210	741	1508	9	1140	226	699	1849	1578	1141	643	1125	1126	1943	490	536	1877	1322	2047	1050	976	845	823	1847	536	1184	1924	728	1296	485	1763	742	1467	35	558	832	533	708	933	1047	888	9999	1941	573	1574	1048	922	864	1120	1169	135	854	721	1011	591	1141	1977	657	780	1892	163	174	216	600	1684	708	2068	2011	456	901	259	1917	421	713	2044	1442	1800	522	205	793	1473	1821	1326	1658	1079	2083	719	1025	583	2041	
2385	719	2600	623	1206	231	2365	1522	1220	1646	656	2369	731	1977	2318	2257	2014	422	476	2308	2410	829	2416	377	1781	2451	918	2538	299	880	1183	2424	1108	85	2140	2544	137	1277	609	2014	979	1147	521	1938	1875	2595	2466	1164	2160	1894	2555	1941	9999	1798	316	2295	1433	2371	2550	1744	2124	2242	2293	2404	1461	907	959	1367	2545	298	2144	1791	2250	2391	885	2374	170	18	2387	1537	2178	749	2336	2049	250	614	1134	2163	2115	1086	396	701	588	443	2499	317	1638	2559	1900	215	
705	1858	1327	1768	571	1517	630	330	731	248	1874	589	1089	637	579	851	134	1871	1601	571	698	1205	683	1947	16	1205	1416	915	2013	814	514	656	975	1653	273	890	1707	1009	1280	142	1269	630	1482	699	20	1339	972	709	342	290	966	573	1798	9999	1366	514	314	579	897	407	854	395	457	637	251	779	1535	995	987	1611	890	789	812	688	1196	607	1844	1871	1127	243	1011	1517	696	166	1787	1504	1268	301	955	711	1301	1414	1091	1681	783	1816	92	936	32	1984	
2027	785	2361	661	720	108	1998	1045	767	1184	754	2001	312	1613	1937	1899	1622	598	405	1926	2049	491	2054	649	1347	2133	695	2230	668	377	683	2062	714	165	1750	2236	264	902	292	1622	692	664	351	1582	1455	2354	2126	703	1764	1490	2270	1574	316	1366	9999	1912	938	2002	2247	1323	1776	1858	1905	2040	960	405	790	986	2245	277	1795	1429	1891	2032	549	2007	439	403	2066	1055	1843	585	1969	1660	429	455	841	1763	1780	605	41	477	121	447	2166	492	1165	2278	1484	599	
634	2228	1309	2168	1281	2007	504	1024	1204	666	2259	328	1627	1092	20	1119	241	2381	2155	23	544	1834	66	2455	576	1397	1792	235	2495	1480	1145	294	1651	2143	320	287	2178	1669	1889	381	1673	1336	2048	1183	444	1349	1021	1412	60	380	697	1048	2295	514	1912	9999	890	186	356	626	1230	70	227	101	943	1415	1882	1647	826	2069	1264	1357	1068	572	1649	383	2298	2348	1350	774	1389	1907	746	205	2238	2069	1625	345	1364	1412	1880	1847	1709	2220	230	2254	672	509	402	2476	
1206	1434	1749	1332	399	1069	1135	400	247	107	1456	1089	591	984	923	1271	545	1602	1315	909	1202	968	1079	1679	341	1602	921	1302	1727	453	113	1140	844	1236	765	1325	1278	950	977	615	768	430	1189	1009	401	1753	1449	551	707	379	1465	922	1433	314	938	890	9999	1052	1354	272	1222	834	938	1072	185	347	1052	973	1479	1157	1255	1003	1240	1189	694	1109	1446	1512	1528	26	1361	1024	1184	587	1376	1236	781	800	1296	492	905	917	684	1395	1231	1400	117	1420	426	1686	
300	2383	951	2325	1318	2127	185	1013	1418	875	2406	53	1770	893	257	837	310	2421	2189	268	215	1846	140	2490	606	1085	1982	279	2531	1567	1282	28	1635	2252	189	164	2294	1620	1922	322	1865	1374	2081	989	487	997	686	1425	255	655	339	864	2371	579	2002	186	1052	9999	149	902	984	99	43	53	1000	1538	2074	1587	464	2205	1012	1205	787	246	1829	91	2405	2437	1044	946	1139	2085	431	275	2355	2090	1841	187	1122	1450	1953	2006	1790	2259	86	2373	793	205	456	2519	
427	2547	955	2506	1604	2350	333	1321	1677	1164	2556	201	2002	1136	392	1008	612	2573	2401	412	324	2080	202	2607	922	1195	2202	177	2624	1823	1574	120	1879	2461	479	29	2489	1860	2171	630	2079	1657	2318	1237	804	1013	767	1699	494	914	281	1120	2550	897	2247	356	1354	149	9999	1163	1191	336	271	140	1315	1789	2287	1822	458	2415	1214	1458	963	366	2046	233	2561	2582	1174	1250	1328	2304	584	569	2533	2323	2043	471	1322	1722	2200	2234	2034	2466	39	2548	1103	76	764	2617	
1207	1593	1801	1518	849	1399	1105	770	408	91	1624	992	895	1231	626	1440	463	1938	1714	606	1167	1421	821	1997	483	1740	1047	1016	2037	896	506	1012	1291	1568	739	1102	1580	1388	1422	635	892	886	1605	1282	450	1821	1518	1005	474	102	1398	1169	1744	407	1323	626	272	902	1163	9999	1447	656	841	860	557	754	1154	1401	1466	1442	1477	1338	1399	1170	873	1031	1712	1804	1682	195	1588	1203	1238	485	1633	1653	837	776	1539	947	1313	1124	1092	1767	1024	1644	289	1284	445	1985	
576	2402	646	2325	961	1961	669	691	1604	1263	2401	838	1748	95	1323	83	929	1983	1737	1328	682	1319	1272	2088	772	274	2097	1443	2201	1319	1272	932	1018	2035	727	1276	2121	889	1501	713	1992	1007	1641	98	829	610	400	951	1145	1311	868	135	2124	854	1776	1230	1222	984	1191	1447	9999	1029	858	1149	894	1420	2204	807	723	2093	1	265	101	636	1909	788	2267	2199	194	1199	50	2142	418	933	2248	1606	2030	700	37	1052	1688	2040	1571	1802	1179	2289	1008	1062	847	2202	
460	2225	1145	2157	1159	1966	336	881	1188	638	2251	188	1594	896	130	919	130	2315	2064	135	384	1732	133	2378	442	1211	1798	336	2442	1394	1077	186	1524	2091	147	308	2129	1529	1796	216	1678	1216	1958	986	313	1183	844	1281	67	409	567	854	2242	395	1858	70	834	99	336	656	1029	9999	89	96	830	1346	1891	1502	679	2037	1065	1170	871	404	1639	238	2265	2306	1158	727	1196	1904	554	104	2206	1974	1645	165	1165	1292	1809	1835	1637	2131	222	2225	582	438	276	2412	
246	2324	920	2256	1175	2035	137	868	1326	782	2338	45	1688	749	307	726	218	2327	2075	318	178	1730	236	2399	472	995	1914	413	2467	1445	1163	72	1505	2158	80	297	2203	1485	1814	189	1790	1233	1971	849	362	953	615	1280	234	596	369	721	2293	457	1905	227	938	43	271	841	858	89	9999	132	865	1423	2003	1451	459	2109	889	1056	676	194	1749	69	2328	2349	946	845	1014	2007	345	185	2287	1976	1769	77	991	1309	1856	1928	1693	2150	198	2306	677	297	331	2443	
464	2374	1110	2320	1392	2156	340	1110	1409	869	2400	167	1781	1044	139	1003	346	2474	2246	154	367	1909	38	2525	682	1254	1968	148	2557	1612	1317	115	1722	2279	298	106	2309	1719	1981	417	1850	1449	2146	1142	543	1155	850	1506	206	608	464	1011	2404	637	2040	101	1072	53	140	860	1149	96	132	9999	1069	1571	2053	1688	606	2218	1178	1345	952	400	1820	219	2421	2465	1215	958	1303	2077	598	306	2367	2162	1810	304	1283	1520	1992	2002	1834	2310	52	2383	831	272	507	2543	
1022	1621	1541	1520	168	1150	981	93	542	335	1628	986	761	658	1004	971	532	1516	1197	994	1044	775	1114	1609	214	1320	1185	1345	1689	395	208	1064	572	1289	657	1316	1369	648	852	496	1046	215	1063	671	327	1539	1209	297	760	576	1325	591	1461	251	960	943	185	1000	1315	557	894	830	865	1069	9999	407	1319	654	1309	1282	924	645	945	1023	938	991	1536	1542	1235	213	1023	1257	964	573	1487	1087	1090	680	954	286	887	1132	685	1284	1212	1526	148	1336	366	1659	
1598	1072	2005	947	290	553	1558	546	297	589	1076	1547	203	1200	1454	1525	1059	1111	817	1440	1610	561	1585	1190	769	1801	678	1766	1241	70	118	1602	567	715	1231	1775	776	744	502	1075	566	264	700	1184	874	1999	1742	370	1235	913	1841	1141	907	779	405	1415	347	1538	1789	754	1420	1346	1423	1571	407	9999	815	806	1832	687	1449	1079	1508	1596	434	1556	953	994	1735	460	1519	705	1549	1100	901	762	667	1260	1457	264	369	565	167	894	1705	939	565	1833	907	1188	
2239	307	2583	274	1287	617	2184	1507	630	1167	364	2121	451	2025	1879	2275	1705	1500	1380	1863	2230	1403	2024	1498	1565	2494	39	2178	1444	976	933	2159	1515	768	1896	2242	663	1679	1238	1780	122	1266	1330	2025	1608	2586	2409	1371	1755	1398	2408	1977	959	1535	790	1882	1052	2074	2287	1154	2204	1891	2003	2053	1319	815	9999	1735	2432	475	2227	1955	2253	2224	204	2153	712	995	2445	1130	2296	79	2226	1732	588	1431	158	1920	2245	1260	908	147	838	1406	2186	546	1319	2353	1624	1355	
1396	1852	1616	1750	397	1244	1423	477	1224	1177	1840	1511	1144	677	1713	1006	1262	1120	800	1708	1464	352	1749	1254	918	1242	1624	1923	1398	618	836	1597	118	1287	1244	1856	1426	16	559	1122	1548	387	693	589	1050	1590	1369	262	1503	1412	1690	657	1367	995	986	1647	973	1587	1822	1401	807	1502	1451	1688	654	806	1735	9999	1604	1438	820	357	1016	1430	1416	1487	1582	1448	1159	1035	829	1612	1269	1291	1586	639	1631	1244	761	361	849	1493	792	887	1762	1643	956	1774	1093	1405	
127	2602	317	2564	1535	2374	191	1219	1830	1380	2606	315	2089	767	901	502	822	2520	2313	917	141	1952	740	2567	963	577	2346	802	2605	1806	1639	347	1729	2469	542	575	2512	1665	2075	688	2243	1587	2220	862	903	368	182	1591	870	1241	61	780	2545	987	2245	826	1479	464	458	1466	723	679	459	606	1309	1832	2432	1604	9999	2470	734	1112	472	142	2189	266	2585	2576	578	1405	822	2418	190	792	2563	2207	2235	509	839	1645	2178	2343	2029	2368	522	2578	1221	262	887	2601	
2281	331	2566	222	1105	75	2244	1408	849	1365	298	2224	372	1926	2084	2202	1824	859	786	2072	2291	952	2215	848	1611	2425	433	2362	780	745	931	2273	1168	136	1972	2390	64	1359	745	1856	509	1058	768	1906	1694	2563	2388	1121	1927	1634	2476	1892	298	1611	277	2069	1157	2205	2415	1442	2093	2037	2109	2218	1282	687	475	1438	2470	9999	2108	1788	2190	2279	435	2236	143	337	2359	1266	2170	270	2237	1855	85	876	660	1990	2105	1014	413	233	478	793	2333	107	1412	2461	1720	690	
597	2422	637	2339	988	1980	694	722	1632	1293	2421	864	1765	114	1355	90	960	1991	1746	1362	704	1334	1302	2096	809	256	2118	1469	2210	1345	1303	957	1033	2050	755	1301	2145	899	1517	744	2017	1032	1654	116	862	598	405	975	1179	1345	884	163	2144	890	1795	1264	1255	1012	1214	1477	1	1065	889	1178	924	1449	2227	820	734	2108	9999	278	111	659	1929	815	2283	2211	175	1230	33	2169	439	967	2268	1617	2055	733	25	1078	1706	2064	1592	1815	1207	2305	1043	1082	881	2212	
906	2145	1098	2045	596	1648	954	414	1370	1121	2137	1089	1452	172	1441	462	973	1631	1338	1441	989	874	1446	1741	703	706	1856	1628	1858	940	979	1188	570	1716	867	1515	1807	436	1073	784	1758	632	1224	102	805	1065	831	544	1226	1267	1227	174	1791	789	1429	1357	1003	1205	1458	1338	265	1170	1056	1345	645	1079	1955	357	1112	1788	278	9999	473	947	1663	1053	1943	1865	615	1016	302	1879	757	996	1932	1182	1812	855	244	660	1304	1768	1191	1423	1414	1980	865	1374	838	1861	
349	2468	457	2382	1086	2065	449	774	1632	1236	2471	627	1818	179	1162	6	822	2139	1887	1169	452	1496	1088	2241	743	213	2151	1243	2335	1435	1334	725	1208	2149	574	1061	2229	1094	1657	602	2038	1136	1786	244	760	435	181	1102	1006	1234	619	216	2250	812	1891	1068	1240	787	963	1399	101	871	676	952	945	1508	2253	1016	472	2190	111	473	9999	408	1958	571	2353	2312	150	1200	188	2203	200	820	2334	1761	2062	538	192	1189	1800	2100	1683	1951	964	2362	999	825	770	2330	
9	2486	541	2419	1283	2183	12	951	1581	1080	2496	106	1864	606	663	454	513	2373	2135	677	5	1770	531	2462	668	664	2123	659	2520	1584	1373	162	1537	2287	253	465	2337	1479	1886	378	2004	1342	2035	711	595	582	264	1361	585	942	144	600	2391	688	2032	572	1189	246	366	1170	636	404	194	400	1023	1596	2224	1430	142	2279	659	947	408	9999	1950	68	2458	2457	630	1107	771	2211	86	488	2420	2028	1995	220	767	1409	1963	2121	1818	2206	376	2446	916	249	576	2509	
1964	559	2394	470	907	477	1911	1135	296	842	591	1868	129	1733	1656	1978	1407	1338	1146	1640	1959	1088	1799	1366	1221	2247	99	1956	1344	607	547	1902	1171	665	1619	2007	614	1354	940	1487	42	886	1072	1731	1280	2395	2151	996	1500	1110	2174	1684	885	1196	549	1649	694	1829	2046	873	1909	1639	1749	1820	938	434	204	1416	2189	435	1929	1663	1958	1950	9999	1889	738	940	2183	776	1996	167	1942	1444	632	1166	125	1650	1945	885	641	103	511	1194	1943	627	961	2114	1304	1264	
109	2438	735	2363	1280	2152	34	957	1493	964	2456	8	1812	727	469	621	389	2387	2154	480	51	1793	344	2471	608	856	2052	475	2523	1563	1316	42	1571	2262	171	301	2309	1535	1895	310	1929	1340	2046	827	514	773	456	1374	417	797	193	708	2374	607	2007	383	1109	91	233	1031	788	238	69	219	991	1556	2153	1487	266	2236	815	1053	571	68	1889	9999	2428	2441	822	1014	932	2149	222	359	2381	2047	1916	150	923	1411	1948	2065	1793	2222	213	2407	840	178	487	2509	
2458	386	2628	314	1337	223	2429	1629	1154	1635	324	2417	676	2101	2311	2358	2044	760	794	2302	2471	1080	2421	711	1841	2541	702	2538	598	985	1217	2462	1328	149	2192	2552	58	1503	860	2069	800	1285	822	2076	1912	2625	2530	1329	2168	1878	2590	2068	170	1844	439	2298	1446	2405	2561	1712	2267	2265	2328	2421	1536	953	712	1582	2585	143	2283	1943	2353	2458	738	2428	9999	159	2501	1544	2317	511	2413	2076	27	919	939	2210	2272	1236	563	503	704	771	2513	55	1670	2587	1933	501	
2452	715	2614	631	1294	293	2431	1601	1292	1717	650	2436	803	2047	2366	2319	2085	449	535	2357	2474	911	2476	384	1859	2500	957	2570	283	967	1269	2480	1195	131	2208	2574	166	1364	699	2086	1032	1239	597	2006	1935	2613	2512	1256	2221	1953	2591	2011	18	1871	403	2348	1512	2437	2582	1804	2199	2306	2349	2465	1542	994	995	1448	2576	337	2211	1865	2312	2457	940	2441	159	9999	2452	1609	2241	786	2393	2111	251	690	1184	2225	2190	1176	485	745	686	498	2537	311	1716	2597	1967	194	
562	2584	328	2535	1330	2248	689	1044	1872	1534	2585	878	2025	396	1440	118	1132	2260	2008	1449	672	1652	1347	2347	1057	17	2352	1475	2447	1657	1599	959	1380	2314	880	1279	2386	1242	1804	918	2264	1375	1922	424	1081	284	239	1324	1308	1534	758	456	2387	1127	2066	1350	1528	1044	1174	1682	194	1158	946	1215	1235	1735	2445	1159	578	2359	175	615	150	630	2183	822	2501	2452	9999	1493	168	2389	421	1129	2489	1893	2289	847	218	1417	1971	2309	1869	2080	1202	2516	1309	1000	1090	2450	
1126	1518	1705	1424	476	1180	1049	424	307	43	1541	989	703	962	810	1232	450	1699	1419	795	1117	1068	962	1761	280	1570	998	1191	1814	555	201	1038	922	1348	680	1218	1386	1020	1089	528	848	510	1293	998	318	1714	1386	634	588	277	1378	901	1537	243	1055	774	26	946	1250	195	1199	727	845	958	213	460	1130	1035	1405	1266	1230	1016	1200	1107	776	1014	1544	1609	1493	9999	1343	1118	1117	485	1476	1340	846	713	1281	579	1018	1008	794	1496	1126	1498	71	1323	338	1769	
715	2473	661	2384	1064	2024	811	812	1721	1409	2470	984	1836	202	1478	157	1096	1995	1756	1481	818	1359	1427	2102	931	239	2194	1580	2222	1409	1394	1084	1064	2087	889	1417	2187	912	1545	878	2090	1103	1672	180	987	614	476	1031	1310	1468	977	259	2178	1011	1843	1389	1361	1139	1328	1588	50	1196	1014	1303	1023	1519	2296	829	822	2170	33	302	188	771	1996	932	2317	2241	168	1343	9999	2225	544	1101	2307	1628	2128	861	12	1137	1740	2119	1643	1828	1325	2341	1162	1189	1006	2226	
2222	238	2563	162	1178	407	2175	1432	628	1178	267	2123	323	1962	1913	2219	1709	1296	1177	1901	2219	1230	2057	1293	1538	2455	63	2213	1236	848	870	2168	1373	550	1889	2271	453	1550	1051	1768	155	1145	1133	1954	1596	2562	2373	1244	1777	1435	2403	1917	749	1517	585	1907	1024	2085	2304	1203	2142	1904	2007	2077	1257	705	79	1612	2418	270	2169	1879	2203	2211	167	2149	511	786	2389	1118	2225	9999	2201	1736	396	1235	258	1911	2178	1132	716	36	669	1204	2205	368	1297	2358	1614	1143	
49	2477	448	2400	1190	2126	114	858	1587	1115	2484	271	1839	417	841	242	591	2295	2037	850	113	1671	737	2370	653	464	2122	876	2460	1514	1337	354	1406	2226	321	687	2297	1330	1788	413	2006	1246	1934	511	616	467	133	1247	730	1028	281	421	2336	696	1969	746	1184	431	584	1238	418	554	345	598	964	1549	2226	1269	190	2237	439	757	200	86	1942	222	2413	2393	421	1117	544	2201	9999	576	2378	1923	2010	285	542	1311	1897	2104	1755	2103	591	2411	917	452	608	2447	
524	2056	1212	1978	910	1773	424	642	965	422	2077	324	1376	758	277	866	3	2124	1874	273	483	1522	347	2209	209	1192	1630	576	2277	1145	831	363	1298	1903	112	550	1940	1317	1597	87	1491	964	1762	847	105	1236	876	1037	92	269	731	713	2049	166	1660	205	587	275	569	485	933	104	185	306	573	1100	1732	1291	792	1855	967	996	820	488	1444	359	2076	2111	1129	485	1101	1736	576	9999	2020	1779	1470	136	1062	1045	1606	1655	1412	1936	457	2042	339	647	78	2244	
2422	291	2621	212	1305	193	2386	1599	1066	1568	239	2370	590	2082	2257	2344	1988	851	851	2242	2433	1097	2364	808	1786	2527	580	2504	709	947	1151	2416	1330	170	2145	2524	58	1509	880	2019	690	1259	862	2060	1865	2619	2517	1309	2098	1808	2565	2044	250	1787	429	2238	1376	2355	2533	1633	2248	2206	2287	2367	1487	901	588	1586	2563	85	2268	1932	2334	2420	632	2381	27	251	2489	1476	2307	396	2378	2020	9999	961	830	2170	2258	1213	562	395	674	840	2479	14	1610	2558	1890	608	
2007	1391	2259	1275	748	673	2009	1046	1240	1480	1352	2056	889	1470	2107	1760	1751	297	48	2102	2052	161	2199	425	1459	1952	1330	2355	565	597	983	2118	434	620	1813	2330	781	549	111	1700	1309	695	24	1402	1577	2233	2033	629	1925	1744	2266	1442	614	1504	455	2069	1236	2090	2323	1653	1606	1974	1976	2162	1087	762	1431	639	2207	876	1617	1182	1761	2028	1166	2047	919	690	1893	1340	1628	1235	1923	1779	961	9999	1447	1825	1575	611	340	1124	481	99	2261	1040	1372	2314	1610	577	
2015	620	2468	561	1120	741	1952	1300	358	868	676	1895	377	1852	1620	2082	1438	1595	1429	1604	2000	1359	1775	1611	1307	2342	104	1922	1587	856	718	1916	1418	920	1668	1993	850	1582	1224	1548	44	1104	1356	1862	1345	2473	2225	1225	1488	1086	2203	1800	1134	1268	841	1625	781	1841	2043	837	2030	1645	1769	1810	1090	667	158	1631	2235	660	2055	1812	2062	1995	125	1916	939	1184	2289	846	2128	258	2010	1470	830	1447	9999	1697	2079	1116	927	257	793	1470	1935	806	1041	2130	1362	1509	
