NAME: pr124Preorder
TYPE: ATSP
DIMENSION: 124
EDGE_WEIGHT_TYPE: EXPLICIT
EDGE_WEIGHT_FORMAT: FULL_MATRIX 
EDGE_WEIGHT_SECTION
9999	9	56	130	505	256	114	5	2061	2220	2570	2743	2951	2647	2708	2090	2152	1566	1483	1320	1239	736	806	627	538	621	194	304	426	567	445	341	806	681	571	655	815	719	878	956	1440	1486	1559	1631	1709	2320	2479	2633	2818	3005	3166	2322	2383	1859	1135	1272	1456	1381	982	1299	1156	1371	2110	2180	1951	1822	2365	2268	2358	2439	2521	2593	2682	2773	2876	2972	3058	3139	3228	3314	2869	2906	2514	2886	3251	3372	3408	3764	4100	3723	3878	3407	3501	3588	3674	3774	3852	3924	3997	4073	4233	4358	4407	4644	4824	4810	4795	4780	4765	4744	4725	4705	4687	4670	4207	4217	4228	4237	4245	4261	4277	4288	4300	4316	
9	9999	17	56	382	185	125	23	2226	2413	2754	2959	3132	2847	2917	2259	2333	1698	1615	1458	1368	838	899	717	634	689	200	317	439	499	373	271	762	629	577	666	881	802	972	1054	1548	1604	1683	1747	1834	2487	2639	2823	3010	3171	3338	2475	2531	2000	1180	1317	1492	1405	971	1294	1145	1335	2039	2113	1898	1778	2343	2185	2277	2368	2451	2531	2610	2699	2801	2900	2999	3079	3168	3256	2834	2885	2497	2874	3335	3475	3514	3866	4179	3818	3925	3341	3443	3532	3619	3708	3807	3883	3954	4027	4276	4406	4454	4693	4845	4835	4824	4810	4795	4780	4765	4744	4725	4705	4193	4201	4207	4217	4228	4237	4245	4261	4277	4288	
56	17	9999	9	241	128	179	109	2490	2657	3044	3213	3397	3106	3167	2515	2567	1881	1801	1628	1549	996	1058	848	786	810	267	369	494	442	319	202	715	579	626	712	1001	920	1125	1186	1709	1765	1846	1938	2045	2718	2914	3080	3248	3426	3596	2691	2748	2190	1262	1412	1574	1456	983	1301	1152	1299	1931	2027	1852	1742	2327	2103	2178	2273	2365	2452	2535	2615	2707	2811	2916	3011	3091	3182	2812	2872	2486	2875	3474	3623	3660	4005	4304	3927	4007	3273	3363	3461	3553	3641	3741	3829	3903	3980	4330	4474	4532	4754	4868	4862	4854	4844	4833	4823	4807	4789	4775	4760	4178	4182	4188	4195	4202	4210	4221	4231	4241	4250	
130	56	9	9999	174	114	247	192	2668	2861	3222	3404	3587	3294	3344	2688	2742	2054	1941	1751	1680	1120	1171	948	887	893	334	438	561	426	304	194	704	571	676	765	1102	1021	1221	1289	1834	1894	2004	2098	2191	2923	3086	3255	3434	3604	3781	2876	2938	2355	1341	1476	1634	1492	1004	1326	1167	1294	1875	1963	1833	1726	2328	2053	2131	2214	2310	2401	2489	2571	2660	2751	2860	2961	3054	3138	2805	2875	2493	2888	3578	3740	3785	4109	4379	4013	4072	3231	3320	3421	3515	3607	3690	3799	3876	3946	4369	4518	4585	4791	4877	4873	4868	4862	4854	4844	4833	4823	4807	4789	4177	4176	4178	4182	4188	4195	4202	4210	4221	4231	
505	382	241	174	9999	52	392	580	3098	3277	3644	3828	3975	3671	3686	3069	3089	2319	2197	1981	1868	1287	1307	1062	1036	935	406	441	495	160	101	64	337	235	570	620	1140	1097	1341	1382	1989	2066	2167	2288	2403	3189	3366	3549	3730	3893	4035	3066	3104	2486	1250	1347	1483	1257	746	1024	868	910	1357	1432	1369	1284	1829	1498	1567	1636	1707	1777	1850	1932	2033	2113	2195	2294	2385	2474	2236	2334	1986	2369	3386	3595	3650	4058	4329	3863	3830	2559	2648	2741	2851	2956	3052	3137	3231	3321	4137	4397	4497	4763	4869	4861	4852	4841	4829	4813	4792	4773	4751	4729	3707	3695	3686	3682	3681	3678	3678	3681	3682	3686	
256	185	128	114	52	9999	137	306	2638	2833	3201	3387	3574	3230	3252	2607	2631	1901	1815	1625	1540	977	1002	764	731	648	149	178	233	86	28	6	265	162	314	373	846	803	1039	1080	1640	1706	1799	1883	1999	2734	2941	3108	3288	3471	3649	2623	2673	2088	1010	1124	1253	1092	589	901	745	863	1441	1507	1372	1267	1770	1572	1636	1704	1771	1843	1917	2015	2094	2172	2266	2362	2448	2533	2201	2267	1908	2281	3090	3275	3323	3773	4083	3578	3593	2616	2709	2816	2921	3017	3096	3190	3281	3376	3964	4223	4333	4629	4816	4799	4779	4758	4734	4713	4688	4665	4636	4609	3667	3666	3668	3670	3674	3679	3684	3696	3712	3730	
114	125	179	247	392	137	9999	91	2012	2169	2529	2700	2907	2552	2575	1982	2013	1408	1307	1153	1066	508	551	316	268	258	6	28	86	233	178	149	409	314	162	224	450	372	600	658	1183	1235	1319	1414	1493	2117	2286	2459	2619	2810	3006	2044	2083	1595	735	864	1026	935	549	872	720	953	1669	1724	1508	1382	1816	1791	1848	1917	2008	2078	2153	2232	2324	2409	2489	2565	2646	2730	2273	2300	1934	2278	2695	2858	2907	3284	3681	3191	3309	2833	2934	3026	3102	3192	3279	3369	3463	3552	3763	3947	4040	4404	4662	4633	4608	4578	4549	4522	4491	4467	4438	4411	3697	3713	3731	3753	3770	3788	3806	3825	3846	3865	
5	23	109	192	580	306	91	9999	1912	2084	2435	2597	2786	2511	2561	1945	2019	1460	1368	1207	1148	623	700	529	432	536	170	271	389	581	473	377	813	695	526	618	729	627	784	861	1315	1375	1456	1526	1600	2161	2336	2496	2649	2832	3022	2165	2227	1742	1058	1199	1376	1321	951	1272	1126	1361	2125	2196	1939	1812	2328	2282	2367	2445	2527	2598	2686	2775	2876	2969	3056	3133	3222	3308	2829	2857	2473	2829	3133	3248	3279	3622	3993	3606	3792	3398	3492	3582	3663	3762	3843	3912	3988	4062	4158	4286	4334	4582	4786	4769	4753	4737	4717	4697	4677	4653	4632	4613	4171	4176	4194	4208	4225	4238	4252	4270	4286	4301	
2061	2226	2490	2668	3098	2638	2012	1912	9999	6	86	162	265	135	198	27	97	351	424	583	664	1114	1143	1400	1370	1577	2019	2036	2057	2683	2662	2644	2752	2712	2086	2117	1467	1429	1170	1200	798	745	674	612	555	265	276	310	361	437	530	619	682	788	1714	1827	1906	2266	2459	2626	2562	3061	4068	4101	3639	3463	3576	4132	4164	4203	4242	4278	4305	4341	4371	4405	4434	4462	4489	4520	3977	3894	3620	3783	2419	2248	2213	2137	2518	2661	3324	4548	4579	4610	4638	4667	4692	4716	4739	4764	3833	3473	3245	3278	3773	3756	3741	3727	3715	3705	3699	3693	3690	3690	4611	4637	4666	4690	4714	4735	4758	4778	4798	4815	
2220	2413	2657	2861	3277	2833	2169	2084	6	9999	28	86	162	77	147	47	119	463	544	709	790	1232	1257	1533	1513	1705	2176	2192	2215	2883	2856	2841	2953	2919	2249	2286	1592	1557	1288	1328	892	843	780	710	642	276	265	276	310	361	437	651	716	855	1837	1959	2055	2424	2611	2802	2723	3221	4187	4226	3805	3621	3715	4255	4287	4316	4343	4372	4401	4429	4451	4483	4512	4539	4561	4590	4091	4000	3768	3894	2479	2303	2261	2149	2522	2706	3396	4620	4648	4674	4696	4719	4742	4767	4783	4803	3884	3510	3262	3265	3742	3728	3716	3706	3700	3694	3690	3690	3693	3699	4662	4684	4711	4732	4755	4776	4796	4814	4831	4842	
2570	2754	3044	3222	3644	3201	2529	2435	86	28	9999	6	28	26	94	146	207	709	790	936	1028	1513	1533	1805	1779	2009	2533	2544	2566	3241	3221	3208	3302	3270	2591	2619	1855	1828	1557	1592	1123	1065	986	913	843	361	310	276	265	276	310	768	818	1031	2136	2254	2348	2722	2986	3138	3082	3564	4410	4431	4068	3922	3976	4448	4477	4493	4515	4541	4559	4586	4612	4632	4656	4678	4701	4720	4298	4219	4005	4111	2620	2430	2382	2203	2552	2834	3550	4740	4762	4779	4794	4812	4827	4836	4847	4856	3999	3595	3312	3249	3701	3694	3691	3690	3692	3698	3704	3713	3724	3737	4750	4771	4790	4811	4828	4840	4851	4860	4867	4875	
2743	2959	3213	3404	3828	3387	2700	2597	162	86	6	9999	6	38	110	223	299	827	902	1072	1160	1642	1666	1953	1927	2161	2706	2720	2740	3427	3404	3392	3484	3451	2776	2810	2025	1984	1690	1718	1227	1178	1104	1023	942	437	361	310	276	265	276	834	877	1131	2299	2421	2499	2909	3148	3305	3251	3733	4494	4514	4186	4056	4100	4537	4553	4576	4598	4618	4641	4660	4679	4702	4718	4738	4756	4770	4387	4317	4125	4219	2707	2501	2449	2242	2581	2918	3633	4787	4806	4821	4832	4843	4853	4859	4864	4871	4068	3648	3351	3254	3691	3690	3692	3697	3703	3712	3723	3735	3754	3767	4788	4809	4826	4838	4850	4858	4866	4874	4880	4883	
2951	3132	3397	3587	3975	3574	2907	2786	265	162	28	6	9999	71	140	331	398	936	1028	1190	1272	1779	1805	2122	2101	2347	2914	2929	2947	3607	3588	3579	3656	3629	2980	3006	2173	2144	1828	1855	1355	1288	1206	1145	1065	530	437	361	310	276	265	907	949	1219	2464	2571	2641	3071	3318	3478	3427	3888	4581	4600	4305	4175	4215	4617	4635	4651	4673	4691	4706	4723	4741	4759	4772	4785	4804	4817	4470	4403	4238	4317	2815	2570	2524	2300	2618	2998	3725	4830	4839	4848	4855	4863	4870	4876	4879	4881	4130	3705	3397	3267	3692	3697	3703	3711	3722	3734	3752	3766	3778	3797	4825	4837	4849	4857	4865	4872	4878	4882	4884	4885	
2647	2847	3106	3294	3671	3230	2552	2511	135	77	26	38	71	9999	13	114	131	635	726	888	976	1497	1506	1774	1768	1966	2542	2541	2546	3226	3217	3220	3260	3238	2560	2574	1812	1791	1521	1536	1024	961	880	807	730	197	141	108	90	103	135	557	602	873	2038	2129	2186	2587	2898	3035	2995	3458	4340	4359	3953	3816	3833	4378	4402	4422	4444	4465	4485	4511	4532	4552	4577	4603	4622	4649	4157	4063	3853	3939	2343	2126	2074	1887	2218	2519	3246	4672	4692	4712	4730	4749	4768	4784	4805	4820	3736	3266	2985	2907	3354	3347	3344	3343	3346	3353	3357	3364	3376	3388	4655	4683	4711	4736	4761	4782	4802	4822	4834	4846	
2708	2917	3167	3344	3686	3252	2575	2561	198	147	94	110	140	13	9999	131	114	614	706	875	961	1502	1496	1767	1772	1950	2554	2543	2541	3217	3223	3233	3233	3223	2543	2550	1780	1770	1500	1511	975	913	834	753	661	133	74	39	22	31	65	423	464	795	1969	2060	2106	2517	2844	2961	2931	3393	4290	4308	3884	3727	3717	4331	4349	4370	4394	4415	4436	4452	4479	4502	4523	4545	4567	4589	4061	3949	3742	3833	2147	1928	1879	1716	2022	2315	3056	4616	4639	4659	4680	4704	4722	4743	4765	4781	3534	3055	2730	2655	3123	3118	3115	3114	3117	3122	3131	3139	3149	3165	4580	4614	4645	4676	4703	4727	4752	4777	4801	4819	
2090	2259	2515	2688	3069	2607	1982	1945	27	47	146	223	331	114	131	9999	13	218	290	455	547	1054	1060	1314	1304	1487	1967	1963	1973	2600	2592	2596	2637	2615	1993	2010	1354	1329	1074	1102	625	568	483	409	344	91	112	150	202	291	393	353	418	557	1568	1661	1723	2066	2308	2455	2405	2884	3911	3941	3441	3256	3319	3973	4009	4042	4079	4114	4148	4176	4224	4260	4294	4328	4361	4392	3761	3637	3361	3507	2085	1922	1887	1824	2169	2331	3000	4421	4449	4482	4513	4542	4571	4603	4628	4658	3492	3113	2896	2947	3430	3410	3395	3382	3370	3360	3356	3349	3345	3343	4456	4488	4521	4551	4583	4615	4646	4675	4700	4724	
2152	2333	2567	2742	3089	2631	2013	2019	97	119	207	299	398	131	114	13	9999	195	266	428	521	1057	1053	1303	1309	1473	1985	1970	1962	2592	2597	2610	2610	2597	1970	1980	1320	1308	1056	1070	558	488	404	326	260	24	46	83	143	220	327	211	268	423	1510	1591	1639	1978	2246	2378	2339	2803	3844	3871	3330	3164	3193	3899	3930	3959	3995	4026	4066	4101	4133	4167	4205	4244	4283	4315	3614	3498	3227	3351	1885	1745	1716	1644	1962	2117	2759	4345	4377	4412	4442	4473	4500	4529	4554	4588	3273	2898	2647	2696	3198	3184	3170	3157	3143	3134	3127	3119	3116	3114	4364	4399	4434	4469	4501	4534	4563	4601	4629	4664	
1566	1698	1881	2054	2319	1901	1408	1460	351	463	709	827	936	635	614	218	195	9999	3	28	67	489	475	753	765	894	1374	1356	1343	1853	1862	1874	1866	1855	1345	1356	765	753	475	489	107	80	54	43	34	242	352	484	622	758	879	281	336	171	946	1050	1122	1404	1585	1698	1656	2057	3091	3130	2584	2422	2517	3173	3211	3259	3303	3349	3400	3453	3505	3557	3610	3660	3721	3784	2974	2863	2555	2718	1684	1610	1602	1658	2008	1949	2477	3838	3884	3933	3983	4032	4086	4134	4176	4235	3003	2743	2614	2842	3358	3322	3293	3268	3239	3211	3190	3169	3147	3129	3965	4014	4060	4105	4147	4188	4239	4285	4323	4360	
1483	1615	1801	1941	2197	1815	1307	1368	424	544	790	902	1028	726	706	290	266	3	9999	15	28	398	386	656	670	818	1281	1259	1248	1753	1763	1782	1768	1756	1250	1259	670	656	386	398	74	54	43	34	43	320	440	576	711	838	963	332	388	174	870	968	1052	1312	1496	1613	1570	1944	2992	3031	2488	2315	2428	3067	3104	3151	3195	3247	3294	3343	3400	3456	3512	3571	3624	3677	2877	2762	2476	2634	1670	1611	1605	1686	2040	1947	2456	3750	3809	3858	3908	3958	4015	4070	4118	4167	2979	2748	2632	2892	3405	3368	3331	3304	3273	3247	3218	3193	3176	3154	3911	3955	3998	4044	4092	4133	4172	4227	4272	4309	
1320	1458	1628	1751	1981	1625	1153	1207	583	709	936	1072	1190	888	875	455	428	28	15	9999	3	244	228	475	489	636	1117	1096	1085	1580	1585	1603	1590	1582	1089	1096	489	475	228	244	40	34	43	54	80	484	622	758	879	1006	1146	462	518	201	725	831	914	1173	1313	1455	1402	1752	2740	2795	2284	2112	2239	2844	2895	2946	3002	3049	3092	3144	3197	3257	3312	3372	3441	3500	2687	2595	2305	2494	1658	1622	1620	1734	2104	1959	2424	3560	3620	3681	3757	3820	3874	3926	3984	4038	2937	2767	2682	2994	3506	3465	3429	3389	3355	3317	3289	3263	3234	3208	3806	3848	3889	3931	3972	4020	4067	4110	4153	4198	
1239	1368	1549	1680	1868	1540	1066	1148	664	790	1028	1160	1272	976	961	547	521	67	28	3	9999	181	165	386	398	546	1029	1003	995	1481	1493	1515	1499	1485	998	1003	398	386	165	181	35	43	54	80	117	576	711	838	963	1100	1217	540	589	237	644	767	850	1105	1228	1364	1303	1679	2632	2679	2175	2022	2155	2721	2774	2830	2890	2945	3005	3054	3100	3163	3216	3276	3337	3402	2601	2528	2216	2422	1659	1633	1635	1766	2141	1975	2413	3467	3534	3597	3658	3733	3804	3860	3914	3971	2926	2786	2711	3042	3558	3518	3476	3442	3399	3362	3325	3298	3271	3243	3744	3795	3839	3880	3917	3959	4006	4052	4098	4141	
736	838	996	1120	1287	977	508	623	1114	1232	1513	1642	1779	1497	1502	1054	1057	489	398	244	181	9999	4	41	28	126	474	461	469	953	944	955	1002	973	500	531	102	61	20	56	305	348	421	502	582	1131	1242	1388	1525	1656	1797	1076	1121	714	395	569	718	856	830	1031	932	1275	2148	2200	1789	1648	1882	2255	2321	2381	2440	2504	2556	2619	2689	2756	2837	2922	2997	3063	2364	2315	1983	2225	1914	1973	1996	2248	2651	2340	2633	3129	3200	3276	3354	3437	3511	3587	3661	3751	3141	3172	3182	3588	4059	4017	3976	3938	3902	3865	3831	3796	3756	3706	3627	3656	3691	3742	3782	3821	3854	3891	3927	3962	
806	899	1058	1171	1307	1002	551	700	1143	1257	1533	1666	1805	1506	1496	1060	1053	475	386	228	165	4	9999	28	41	105	500	469	461	944	953	973	977	955	474	493	61	41	4	20	246	297	368	452	540	1108	1225	1365	1505	1637	1773	1025	1069	644	308	457	609	772	779	952	871	1212	2070	2121	1708	1575	1787	2164	2220	2285	2346	2406	2466	2526	2582	2644	2713	2792	2872	2947	2227	2177	1862	2105	1802	1843	1863	2131	2531	2189	2500	3024	3087	3161	3232	3307	3385	3464	3542	3617	3004	3036	3052	3460	3950	3910	3872	3833	3793	3746	3688	3651	3612	3574	3489	3523	3563	3600	3638	3678	3729	3778	3822	3861	
627	717	848	948	1062	764	316	529	1400	1533	1805	1953	2122	1774	1767	1314	1303	753	656	475	386	41	28	9999	4	16	261	226	213	690	699	724	731	702	230	251	20	4	41	61	471	540	624	710	798	1365	1505	1637	1773	1919	2094	1260	1295	866	231	381	550	636	546	777	667	1005	1813	1849	1515	1370	1637	1900	1961	2031	2081	2141	2204	2276	2349	2417	2483	2549	2617	2693	2063	2039	1720	1966	1887	1989	2023	2344	2725	2332	2548	2772	2864	2947	3030	3097	3177	3258	3333	3423	3046	3143	3200	3666	4119	4077	4030	3991	3943	3904	3865	3827	3784	3735	3357	3389	3425	3457	3496	3530	3570	3608	3645	3683	
538	634	786	887	1036	731	268	432	1370	1513	1779	1927	2101	1768	1772	1304	1309	765	670	489	398	28	41	4	9999	25	230	213	226	699	690	702	764	724	261	292	56	20	61	102	522	582	665	751	829	1388	1525	1656	1797	1940	2114	1301	1345	920	325	492	659	742	615	853	750	1077	1878	1935	1597	1464	1737	2005	2062	2120	2176	2243	2318	2388	2458	2527	2589	2667	2735	2827	2179	2156	1831	2100	2032	2112	2137	2460	2870	2465	2692	2919	3001	3071	3144	3225	3305	3387	3470	3553	3185	3284	3334	3798	4212	4169	4131	4093	4050	4011	3969	3934	3897	3860	3508	3536	3569	3598	3631	3665	3701	3751	3791	3826	
621	689	810	893	935	648	258	536	1577	1705	2009	2161	2347	1966	1950	1487	1473	894	818	636	546	126	105	16	25	9999	189	145	124	537	560	595	555	535	121	132	18	12	95	111	598	663	756	835	917	1520	1650	1792	1939	2115	2287	1390	1424	967	168	292	454	492	362	603	487	835	1621	1670	1330	1195	1479	1712	1756	1818	1865	1918	1995	2058	2123	2181	2256	2338	2412	2481	1870	1851	1576	1812	1869	1994	2032	2385	2766	2315	2491	2551	2624	2702	2792	2883	2970	3051	3121	3205	2965	3110	3200	3699	4143	4101	4054	4007	3959	3915	3877	3834	3790	3735	3180	3206	3235	3268	3296	3328	3366	3406	3447	3490	
194	200	267	334	406	149	6	170	2019	2176	2533	2706	2914	2542	2554	1967	1985	1374	1281	1117	1029	474	500	261	230	189	9999	6	28	178	149	137	314	233	86	137	358	307	542	591	1138	1188	1268	1359	1453	2073	2237	2421	2585	2764	2966	1973	2024	1531	611	754	903	820	411	752	586	837	1554	1613	1378	1246	1674	1675	1728	1798	1856	1925	2014	2082	2158	2238	2332	2416	2496	2572	2104	2127	1787	2106	2546	2694	2734	3155	3548	3046	3140	2654	2739	2844	2942	3034	3107	3196	3286	3378	3585	3821	3916	4321	4596	4564	4538	4509	4478	4446	4418	4382	4352	4320	3522	3536	3549	3568	3586	3604	3624	3645	3670	3691	
304	317	369	438	441	178	28	271	2036	2192	2544	2720	2929	2541	2543	1963	1970	1356	1259	1096	1003	461	469	226	213	145	6	9999	6	149	137	149	233	178	28	67	292	251	493	531	1091	1157	1224	1310	1411	2049	2208	2390	2557	2729	2940	1907	1954	1472	495	632	793	683	288	616	451	722	1452	1503	1244	1140	1539	1558	1617	1681	1734	1804	1862	1931	2021	2092	2161	2245	2338	2420	1933	1957	1649	1931	2406	2553	2593	3036	3413	2889	2983	2504	2578	2664	2747	2850	2948	3039	3112	3205	3409	3653	3798	4230	4528	4496	4464	4435	4400	4367	4332	4295	4257	4215	3336	3351	3365	3384	3403	3428	3450	3472	3501	3527	
426	439	494	561	495	233	86	389	2057	2215	2566	2740	2947	2546	2541	1973	1962	1343	1248	1085	995	469	461	213	226	124	28	6	9999	137	149	178	178	149	6	20	245	221	467	486	1055	1121	1195	1282	1378	2031	2184	2373	2540	2714	2924	1866	1895	1428	388	513	669	555	187	477	323	600	1333	1395	1144	1012	1406	1456	1509	1561	1619	1687	1738	1808	1867	1938	2027	2099	2168	2250	1790	1809	1519	1784	2247	2428	2471	2905	3280	2716	2799	2345	2428	2508	2584	2671	2757	2859	2955	3046	3236	3504	3640	4127	4457	4426	4390	4354	4317	4279	4234	4183	4144	4103	3160	3174	3187	3202	3224	3246	3270	3292	3316	3347	
567	499	442	426	160	86	233	581	2683	2883	3241	3427	3607	3226	3217	2600	2592	1853	1753	1580	1481	953	944	690	699	537	178	149	137	9999	6	28	28	6	149	167	713	696	950	964	1537	1605	1696	1785	1876	2653	2849	3044	3214	3399	3585	2482	2519	1914	777	846	965	759	235	523	354	461	1071	1136	980	880	1360	1188	1245	1311	1386	1459	1524	1588	1651	1719	1794	1861	1940	2037	1722	1772	1489	1788	2655	2891	2951	3416	3786	3158	3112	2116	2194	2291	2381	2469	2550	2636	2727	2834	3512	3868	4024	4444	4685	4657	4624	4592	4555	4527	4492	4460	4428	4393	3115	3114	3116	3120	3129	3136	3145	3159	3173	3186	
445	373	319	304	101	28	178	473	2662	2856	3221	3404	3588	3217	3223	2592	2597	1862	1763	1585	1493	944	953	699	690	560	149	137	149	6	9999	6	86	28	178	206	747	718	966	991	1560	1628	1717	1817	1903	2676	2874	3059	3233	3418	3599	2525	2555	1968	843	925	1063	860	337	651	479	601	1185	1239	1113	1009	1500	1305	1380	1454	1517	1583	1647	1715	1786	1855	1933	2031	2107	2185	1866	1919	1627	1935	2803	3025	3073	3530	3885	3290	3273	2283	2376	2463	2544	2629	2722	2828	2933	3029	3670	3989	4132	4510	4733	4710	4681	4652	4623	4591	4556	4530	4498	4469	3301	3300	3302	3305	3309	3315	3323	3335	3350	3363	
341	271	202	194	64	6	149	377	2644	2841	3208	3392	3579	3220	3233	2596	2610	1874	1782	1603	1515	955	973	724	702	595	137	149	178	28	6	9999	162	86	233	284	795	756	999	1034	1601	1665	1746	1842	1943	2701	2904	3081	3260	3444	3621	2568	2606	2032	921	1019	1164	969	456	783	613	740	1297	1373	1233	1150	1632	1450	1512	1579	1641	1710	1776	1847	1926	2024	2102	2178	2275	2370	2041	2096	1761	2109	2954	3142	3193	3640	3983	3439	3439	2456	2539	2624	2715	2821	2928	3023	3102	3194	3836	4108	4240	4569	4778	4757	4731	4709	4682	4654	4626	4599	4566	4540	3490	3489	3491	3494	3499	3504	3513	3521	3535	3548	
806	762	715	704	337	265	409	813	2752	2953	3302	3484	3656	3260	3233	2637	2610	1866	1768	1590	1499	1002	977	731	764	555	314	233	178	28	86	162	9999	6	149	138	692	707	958	947	1512	1581	1672	1754	1854	2638	2833	3033	3201	3387	3574	2427	2452	1854	656	708	812	548	101	282	165	213	841	894	733	622	1101	953	1013	1078	1147	1195	1258	1325	1399	1468	1531	1598	1665	1729	1457	1502	1214	1517	2416	2628	2692	3201	3559	2899	2808	1806	1872	1955	2047	2128	2208	2302	2394	2480	3188	3592	3815	4304	4575	4541	4508	4471	4432	4395	4353	4312	4267	4220	2734	2733	2735	2739	2746	2758	2768	2786	2806	2823	
681	629	579	571	235	162	314	695	2712	2919	3270	3451	3629	3238	3223	2615	2597	1855	1756	1582	1485	973	955	702	724	535	233	178	149	6	28	86	6	9999	137	142	693	691	945	948	1522	1586	1682	1764	1864	2641	2838	3036	3205	3390	3577	2451	2478	1877	711	776	881	647	160	392	248	329	946	1009	852	760	1220	1074	1141	1193	1250	1316	1392	1463	1529	1594	1660	1724	1800	1867	1589	1634	1352	1649	2532	2745	2820	3306	3662	3036	2975	1948	2042	2121	2202	2298	2387	2474	2556	2644	3344	3737	3916	4376	4631	4602	4562	4531	4495	4461	4427	4388	4349	4311	2944	2943	2945	2949	2954	2963	2976	2988	3004	3020	
571	577	626	676	570	314	162	526	2086	2249	2591	2776	2980	2560	2543	1993	1970	1345	1250	1089	998	500	474	230	261	121	86	28	6	149	178	233	149	137	9999	3	219	214	462	464	1031	1098	1180	1261	1358	2016	2172	2361	2530	2703	2910	1833	1860	1385	301	396	557	416	112	346	210	480	1230	1283	1020	895	1262	1338	1401	1461	1514	1565	1624	1688	1743	1816	1871	1945	2034	2104	1652	1669	1379	1644	2116	2292	2342	2763	3156	2573	2621	2175	2260	2351	2433	2515	2588	2677	2765	2868	3070	3340	3502	4022	4384	4347	4305	4266	4222	4170	4127	4081	4028	3985	2989	3005	3021	3037	3054	3074	3094	3114	3146	3177	
655	666	712	765	620	373	224	618	2117	2286	2619	2810	3006	2574	2550	2010	1980	1356	1259	1096	1003	531	493	251	292	132	137	67	20	167	206	284	138	142	3	9999	213	226	469	461	1016	1090	1174	1251	1346	2012	2169	2357	2529	2700	2907	1820	1838	1362	248	333	476	332	73	273	161	407	1177	1216	940	826	1182	1268	1320	1381	1441	1493	1552	1608	1672	1725	1793	1851	1921	2009	1563	1581	1284	1555	2032	2198	2246	2684	3078	2488	2524	2080	2154	2234	2326	2411	2492	2567	2649	2733	2960	3243	3403	3951	4337	4293	4246	4199	4149	4104	4053	4002	3952	3906	2855	2874	2892	2916	2935	2958	2987	3015	3041	3067	
815	881	1001	1102	1140	846	450	729	1467	1592	1855	2025	2173	1812	1780	1354	1320	765	670	489	398	102	61	20	56	18	358	292	245	713	747	795	692	693	219	213	9999	4	41	28	412	479	575	662	757	1343	1481	1621	1753	1902	2076	1197	1221	789	89	193	325	429	429	615	532	880	1678	1711	1350	1211	1451	1747	1803	1842	1889	1949	2016	2069	2129	2188	2257	2335	2402	2470	1825	1795	1525	1730	1678	1756	1791	2117	2504	2066	2264	2537	2602	2679	2754	2845	2932	3015	3084	3164	2719	2864	2945	3431	3924	3881	3832	3781	3722	3667	3615	3570	3519	3468	3076	3101	3135	3174	3208	3248	3286	3326	3375	3425	
719	802	920	1021	1097	803	372	627	1429	1557	1828	1984	2144	1791	1770	1329	1308	753	656	475	386	61	41	4	20	12	307	251	221	696	718	756	707	691	214	226	4	9999	28	41	435	504	593	679	771	1351	1488	1626	1760	1906	2081	1223	1255	825	156	280	432	533	479	690	597	933	1736	1777	1435	1286	1544	1826	1870	1923	1990	2050	2107	2161	2228	2302	2376	2443	2513	2576	1931	1897	1619	1839	1775	1865	1888	2217	2606	2187	2415	2646	2722	2812	2897	2982	3057	3128	3207	3286	2890	3016	3075	3547	4022	3975	3931	3887	3845	3802	3753	3687	3644	3601	3212	3246	3276	3310	3346	3387	3431	3469	3514	3558	
878	972	1125	1221	1341	1039	600	784	1170	1288	1557	1690	1828	1521	1500	1074	1056	475	386	228	165	20	4	41	61	95	542	493	467	950	966	999	958	945	462	469	41	28	9999	4	203	259	330	413	504	1093	1212	1351	1488	1626	1760	983	1015	584	225	359	504	679	732	885	821	1168	1999	2046	1633	1501	1695	2090	2138	2185	2243	2307	2372	2430	2489	2544	2605	2675	2738	2822	2116	2064	1757	1982	1689	1735	1748	2025	2414	2064	2354	2903	2980	3050	3109	3188	3265	3335	3417	3497	2833	2882	2912	3325	3850	3809	3760	3697	3652	3609	3565	3520	3475	3439	3339	3380	3424	3464	3508	3549	3594	3638	3682	3743	
956	1054	1186	1289	1382	1080	658	861	1200	1328	1592	1718	1855	1536	1511	1102	1070	489	398	244	181	56	20	61	102	111	591	531	486	964	991	1034	947	948	464	461	28	41	4	9999	186	234	311	390	479	1085	1205	1343	1481	1621	1753	941	978	534	164	277	395	596	685	830	773	1115	1916	1968	1565	1436	1605	2020	2063	2111	2157	2211	2271	2335	2391	2454	2514	2569	2630	2698	2005	1937	1671	1857	1580	1629	1650	1895	2289	1924	2199	2771	2852	2933	3009	3076	3142	3215	3291	3367	2674	2717	2749	3204	3733	3674	3624	3577	3525	3477	3431	3381	3332	3292	3200	3243	3281	3320	3367	3415	3463	3512	3562	3611	
1440	1548	1709	1834	1989	1640	1183	1315	798	892	1123	1227	1355	1024	975	625	558	107	74	40	35	305	246	471	522	598	1138	1091	1055	1537	1560	1601	1512	1522	1031	1016	412	435	203	186	9999	0	11	21	56	537	671	807	928	1067	1189	385	419	89	546	631	694	974	1192	1266	1238	1602	2520	2547	2041	1870	1945	2583	2619	2663	2703	2748	2808	2861	2921	2973	3026	3076	3124	3183	2375	2274	1999	2151	1368	1348	1350	1500	1823	1662	2053	3242	3300	3360	3429	3493	3555	3618	3680	3758	2534	2418	2358	2665	3199	3160	3110	3079	3047	3012	2975	2937	2906	2872	3436	3486	3540	3591	3645	3700	3772	3823	3873	3922	
1486	1604	1765	1894	2066	1706	1235	1375	745	843	1065	1178	1288	961	913	568	488	80	54	34	43	348	297	540	582	663	1188	1157	1121	1605	1628	1665	1581	1586	1098	1090	479	504	259	234	0	9999	3	15	28	464	604	742	865	997	1133	325	357	72	609	689	755	1036	1252	1332	1302	1667	2590	2625	2112	1945	2023	2667	2701	2740	2794	2843	2895	2946	3002	3049	3092	3144	3197	3256	2437	2341	2062	2207	1368	1336	1335	1471	1793	1654	2062	3311	3372	3440	3500	3560	3620	3680	3757	3819	2542	2408	2336	2620	3162	3111	3080	3048	3013	2977	2939	2908	2873	2839	3483	3537	3590	3642	3697	3769	3822	3869	3918	3968	
1559	1683	1846	2004	2167	1799	1319	1456	674	780	986	1104	1206	880	834	483	404	54	43	43	54	421	368	624	665	756	1268	1224	1195	1696	1717	1746	1672	1682	1180	1174	575	593	330	311	11	3	9999	3	15	376	515	648	786	907	1043	254	287	48	697	776	826	1117	1347	1428	1406	1747	2705	2736	2211	2055	2106	2780	2825	2871	2920	2962	3010	3053	3093	3141	3192	3246	3297	3354	2524	2426	2142	2297	1372	1327	1320	1441	1749	1646	2072	3411	3470	3531	3589	3647	3708	3779	3840	3889	2558	2395	2302	2572	3104	3070	3038	3004	2964	2930	2895	2864	2830	2806	3550	3607	3655	3718	3782	3838	3885	3936	3986	4034	
1631	1747	1938	2098	2288	1883	1414	1526	612	710	913	1023	1145	807	753	409	326	43	34	54	80	502	452	710	751	835	1359	1310	1282	1785	1817	1842	1754	1764	1261	1251	662	679	413	390	21	15	3	9999	3	295	420	562	693	827	948	191	222	32	785	849	895	1191	1449	1516	1490	1844	2831	2871	2325	2152	2193	2912	2948	2991	3031	3067	3103	3151	3195	3246	3293	3342	3400	3455	2604	2509	2229	2382	1384	1319	1309	1410	1721	1642	2095	3512	3571	3623	3677	3749	3808	3857	3908	3958	2579	2388	2279	2529	3060	3027	2993	2953	2925	2889	2852	2824	2797	2766	3621	3675	3739	3801	3849	3898	3945	3998	4051	4105	
1709	1834	2045	2191	2403	1999	1493	1600	555	642	843	942	1065	730	661	344	260	34	43	80	117	582	540	798	829	917	1453	1411	1378	1876	1903	1943	1854	1864	1358	1346	757	771	504	479	56	28	15	3	9999	219	335	464	604	742	865	144	172	29	862	927	974	1270	1535	1602	1584	1948	2959	2997	2434	2259	2297	3027	3059	3091	3129	3173	3211	3258	3302	3348	3399	3452	3504	3557	2698	2587	2334	2467	1400	1318	1304	1379	1700	1643	2118	3610	3659	3720	3783	3837	3884	3933	3982	4032	2600	2385	2253	2486	3019	2981	2944	2913	2878	2845	2819	2788	2761	2736	3685	3759	3816	3863	3911	3960	4016	4069	4117	4163	
2320	2487	2718	2923	3189	2734	2117	2161	265	276	361	437	530	197	133	91	24	242	320	484	576	1131	1108	1365	1388	1520	2073	2049	2031	2653	2676	2701	2638	2641	2016	2012	1343	1351	1093	1085	537	464	376	295	219	9999	6	28	86	162	265	85	116	312	1474	1542	1571	1900	2236	2326	2306	2748	3787	3814	3251	3083	3068	3842	3864	3890	3917	3945	3980	4012	4043	4079	4112	4146	4174	4219	3460	3323	3083	3179	1670	1523	1482	1403	1692	1835	2484	4253	4289	4322	4353	4380	4416	4444	4477	4505	2996	2563	2340	2379	2865	2844	2826	2815	2802	2789	2779	2774	2770	2770	4217	4265	4307	4350	4391	4430	4466	4504	4539	4573	
2479	2639	2914	3086	3366	2941	2286	2336	276	265	310	361	437	141	74	112	46	352	440	622	711	1242	1225	1505	1525	1650	2237	2208	2184	2849	2874	2904	2833	2838	2172	2169	1481	1488	1212	1205	671	604	515	420	335	6	9999	6	28	86	162	129	154	422	1609	1673	1702	2067	2424	2498	2479	2952	3930	3950	3427	3253	3223	3976	4001	4026	4058	4085	4113	4142	4170	4203	4236	4268	4296	4327	3613	3481	3237	3323	1727	1568	1534	1417	1699	1880	2556	4356	4380	4413	4441	4468	4490	4520	4546	4574	3065	2599	2360	2359	2827	2816	2803	2790	2780	2775	2771	2770	2774	2779	4303	4346	4386	4427	4463	4499	4535	4570	4605	4640	
2633	2823	3080	3255	3549	3108	2459	2496	310	276	276	310	361	108	39	150	83	484	576	758	838	1388	1365	1637	1656	1792	2421	2390	2373	3044	3059	3081	3033	3036	2361	2357	1621	1626	1351	1343	807	742	648	562	464	28	6	9999	6	28	86	189	208	556	1744	1811	1832	2224	2586	2663	2645	3119	4074	4095	3597	3433	3386	4116	4138	4161	4181	4214	4243	4269	4294	4319	4343	4368	4397	4420	3775	3632	3397	3481	1807	1624	1587	1443	1709	1946	2640	4445	4472	4491	4517	4544	4568	4594	4621	4647	3140	2650	2386	2346	2804	2791	2781	2775	2771	2770	2773	2778	2788	2800	4383	4424	4459	4494	4533	4565	4604	4638	4672	4699	
2818	3010	3248	3434	3730	3288	2619	2649	361	310	265	276	310	90	22	202	143	622	711	879	963	1525	1505	1773	1797	1939	2585	2557	2540	3214	3233	3260	3201	3205	2530	2529	1753	1760	1488	1481	928	865	786	693	604	86	28	6	9999	6	28	279	302	678	1884	1956	1990	2407	2769	2853	2840	3301	4206	4231	3776	3604	3550	4246	4271	4290	4310	4332	4351	4373	4397	4419	4439	4458	4481	4507	3907	3794	3561	3632	1879	1693	1645	1472	1732	2031	2732	4526	4547	4572	4595	4619	4643	4668	4686	4708	3229	2709	2425	2342	2782	2775	2771	2770	2773	2777	2787	2798	2811	2824	4453	4490	4529	4561	4602	4634	4669	4698	4724	4750	
3005	3171	3426	3604	3893	3471	2810	2832	437	361	276	265	276	103	31	291	220	758	838	1006	1100	1656	1637	1919	1940	2115	2764	2729	2714	3399	3418	3444	3387	3390	2703	2700	1902	1906	1626	1621	1067	997	907	827	742	162	86	28	6	9999	6	384	404	811	2059	2124	2145	2567	2978	3043	3036	3485	4330	4344	3921	3782	3713	4363	4375	4396	4414	4431	4447	4467	4484	4506	4524	4543	4560	4584	4033	3920	3719	3794	1987	1758	1715	1521	1761	2103	2851	4607	4625	4650	4671	4689	4707	4726	4745	4766	3319	2779	2468	2348	2771	2770	2773	2777	2786	2797	2810	2822	2837	2857	4526	4557	4597	4630	4667	4694	4722	4748	4774	4800	
3166	3338	3596	3781	4035	3649	3006	3022	530	437	310	276	265	135	65	393	327	879	963	1146	1217	1797	1773	2094	2114	2287	2966	2940	2924	3585	3599	3621	3574	3577	2910	2907	2076	2081	1760	1753	1189	1133	1043	948	865	265	162	86	28	6	9999	509	527	926	2219	2296	2319	2737	3146	3210	3201	3657	4432	4445	4065	3928	3870	4455	4476	4486	4505	4516	4536	4550	4568	4587	4606	4622	4642	4661	4160	4048	3874	3920	2091	1841	1797	1565	1812	2182	2970	4678	4695	4715	4728	4746	4767	4780	4793	4808	3428	2865	2520	2363	2772	2776	2785	2796	2809	2821	2835	2855	2879	2902	4593	4627	4663	4693	4721	4747	4772	4797	4818	4833	
2322	2475	2691	2876	3066	2623	2044	2165	619	651	768	834	907	557	423	353	211	281	332	462	540	1076	1025	1260	1301	1390	1973	1907	1866	2482	2525	2568	2427	2451	1833	1820	1197	1223	983	941	385	325	254	191	144	85	129	189	279	384	509	9999	1	114	1237	1273	1278	1618	1982	2006	2017	2435	3409	3435	2861	2681	2601	3455	3480	3509	3538	3569	3598	3630	3663	3698	3748	3788	3823	3858	3004	2848	2606	2681	1258	1133	1104	1054	1340	1443	1976	3895	3930	3966	4007	4047	4089	4129	4165	4209	2446	2075	1875	1988	2468	2442	2420	2398	2381	2365	2352	2341	2331	2323	3805	3859	3913	3969	4025	4085	4140	4191	4249	4299	
2383	2531	2748	2938	3104	2673	2083	2227	682	716	818	877	949	602	464	418	268	336	388	518	589	1121	1069	1295	1345	1424	2024	1954	1895	2519	2555	2606	2452	2478	1860	1838	1221	1255	1015	978	419	357	287	222	172	116	154	208	302	404	527	1	9999	122	1248	1279	1276	1618	2001	2011	2029	2441	3404	3428	2850	2678	2581	3449	3470	3500	3523	3551	3584	3614	3644	3676	3717	3765	3803	3839	2967	2814	2583	2643	1202	1072	1040	984	1270	1373	1896	3870	3905	3940	3981	4020	4062	4101	4138	4172	2374	2001	1814	1893	2379	2356	2332	2307	2290	2270	2251	2240	2231	2223	3755	3818	3875	3929	3990	4046	4106	4159	4216	4274	
1859	2000	2190	2355	2486	2088	1595	1742	788	855	1031	1131	1219	873	795	557	423	171	174	201	237	714	644	866	920	967	1531	1472	1428	1914	1968	2032	1854	1877	1385	1362	789	825	584	534	89	72	48	32	29	312	422	556	678	811	926	114	122	9999	817	847	859	1178	1497	1523	1527	1863	2812	2836	2280	2122	2087	2869	2901	2934	2968	3007	3040	3074	3105	3150	3192	3237	3282	3326	2472	2355	2107	2205	1135	1063	1054	1137	1451	1368	1801	3380	3438	3488	3541	3592	3646	3701	3772	3823	2253	2042	1920	2162	2671	2627	2590	2561	2531	2507	2477	2453	2431	2409	3388	3452	3516	3580	3638	3702	3777	3841	3892	3944	
1135	1180	1262	1341	1250	1010	735	1058	1714	1837	2136	2299	2464	2038	1969	1568	1510	946	870	725	644	395	308	231	325	168	611	495	388	777	843	921	656	711	301	248	89	156	225	164	546	609	697	785	862	1474	1609	1744	1884	2059	2219	1237	1248	817	9999	14	56	129	285	325	310	646	1404	1433	1048	916	1068	1466	1494	1532	1565	1607	1645	1691	1733	1778	1831	1877	1936	2009	1426	1384	1134	1312	1351	1477	1518	1844	2184	1713	1819	2067	2130	2193	2266	2343	2416	2483	2551	2622	2222	2423	2536	3099	3613	3548	3487	3424	3357	3296	3240	3181	3122	3075	2510	2538	2570	2603	2642	2688	2726	2778	2832	2890	
1272	1317	1412	1476	1347	1124	864	1199	1827	1959	2254	2421	2571	2129	2060	1661	1591	1050	968	831	767	569	457	381	492	292	754	632	513	846	925	1019	708	776	396	333	193	280	359	277	631	689	776	849	927	1542	1673	1811	1956	2124	2296	1273	1279	847	14	9999	14	63	298	271	285	594	1307	1335	938	824	920	1365	1398	1431	1465	1495	1535	1573	1612	1653	1701	1741	1796	1840	1263	1218	981	1166	1218	1363	1409	1748	2070	1589	1657	1891	1957	2030	2085	2150	2214	2295	2369	2438	2038	2233	2383	2972	3471	3402	3331	3272	3205	3142	3084	3032	2971	2911	2295	2329	2366	2403	2442	2481	2526	2565	2608	2661	
1456	1492	1574	1634	1483	1253	1026	1376	1906	2055	2348	2499	2641	2186	2106	1723	1639	1122	1052	914	850	718	609	550	659	454	903	793	669	965	1063	1164	812	881	557	476	325	432	504	395	694	755	826	895	974	1571	1702	1832	1990	2145	2319	1278	1276	859	56	14	9999	56	380	285	335	615	1285	1296	901	790	826	1324	1348	1377	1408	1440	1469	1502	1539	1578	1616	1655	1701	1740	1163	1107	867	1032	1086	1222	1265	1637	1909	1444	1486	1793	1836	1887	1952	2024	2078	2141	2206	2282	1830	2045	2183	2775	3287	3219	3152	3087	3030	2962	2893	2822	2746	2690	2102	2133	2166	2209	2250	2301	2353	2399	2449	2503	
1381	1405	1456	1492	1257	1092	935	1321	2266	2424	2722	2909	3071	2587	2517	2066	1978	1404	1312	1173	1105	856	772	636	742	492	820	683	555	759	860	969	548	647	416	332	429	533	679	596	974	1036	1117	1191	1270	1900	2067	2224	2407	2567	2737	1618	1618	1178	129	63	56	9999	164	72	113	285	970	992	599	464	604	1014	1046	1074	1109	1146	1175	1204	1243	1290	1339	1391	1445	1487	962	931	677	886	1300	1494	1546	1953	2265	1676	1630	1545	1596	1644	1703	1750	1821	1873	1946	2031	1960	2291	2495	3142	3635	3566	3495	3420	3341	3274	3206	3139	3077	3018	1960	1991	2020	2048	2071	2108	2140	2174	2215	2263	
982	971	983	1004	746	589	549	951	2459	2611	2986	3148	3318	2898	2844	2308	2246	1585	1496	1313	1228	830	779	546	615	362	411	288	187	235	337	456	101	160	112	73	429	479	732	685	1192	1252	1347	1449	1535	2236	2424	2586	2769	2978	3146	1982	2001	1497	285	298	380	164	9999	56	14	129	844	883	592	456	842	929	979	1033	1083	1139	1184	1234	1291	1356	1421	1476	1543	1603	1198	1217	943	1206	1863	2077	2134	2609	2985	2317	2248	1664	1724	1797	1858	1930	2024	2097	2170	2258	2626	3028	3228	3856	4247	4190	4139	4086	4026	3970	3915	3864	3811	3745	2393	2404	2418	2432	2447	2468	2487	2512	2534	2557	
1299	1294	1301	1326	1024	901	872	1272	2626	2802	3138	3305	3478	3035	2961	2455	2378	1698	1613	1455	1364	1031	952	777	853	603	752	616	477	523	651	783	282	392	346	273	615	690	885	830	1266	1332	1428	1516	1602	2326	2498	2663	2853	3043	3210	2006	2011	1523	325	271	285	72	56	9999	14	56	668	703	333	216	517	739	778	816	850	892	934	989	1041	1094	1151	1194	1241	1298	884	898	628	884	1632	1837	1892	2410	2710	2035	1895	1366	1434	1487	1551	1614	1681	1737	1810	1870	2241	2655	2927	3594	4026	3963	3906	3847	3780	3698	3630	3562	3492	3420	1958	1973	1988	2007	2028	2045	2065	2091	2118	2146	
1156	1145	1152	1167	868	745	720	1126	2562	2723	3082	3251	3427	2995	2931	2405	2339	1656	1570	1402	1303	932	871	667	750	487	586	451	323	354	479	613	165	248	210	161	532	597	821	773	1238	1302	1406	1490	1584	2306	2479	2645	2840	3036	3201	2017	2029	1527	310	285	335	113	14	14	9999	63	737	775	437	313	675	815	851	895	937	993	1049	1103	1159	1198	1254	1313	1380	1448	1044	1062	793	1054	1755	1977	2043	2530	2874	2179	2091	1506	1562	1626	1692	1748	1824	1886	1974	2056	2457	2862	3093	3757	4156	4102	4040	3982	3923	3867	3810	3738	3663	3599	2160	2170	2182	2201	2215	2235	2262	2293	2318	2350	
1371	1335	1299	1294	910	863	953	1361	3061	3221	3564	3733	3888	3458	3393	2884	2803	2057	1944	1752	1679	1275	1212	1005	1077	835	837	722	600	461	601	740	213	329	480	407	880	933	1168	1115	1602	1667	1747	1844	1948	2748	2952	3119	3301	3485	3657	2435	2441	1863	646	594	615	285	129	56	63	9999	371	414	173	103	492	459	514	569	620	673	737	794	845	900	960	1022	1088	1154	843	889	628	912	1929	2197	2272	2818	3125	2380	2165	1200	1264	1332	1407	1471	1541	1606	1677	1739	2494	3008	3273	3945	4306	4256	4196	4137	4080	4018	3954	3896	3837	3771	1938	1936	1938	1942	1952	1960	1977	1992	2010	2032	
2110	2039	1931	1875	1357	1441	1669	2125	4068	4187	4410	4494	4581	4340	4290	3911	3844	3091	2992	2740	2632	2148	2070	1813	1878	1621	1554	1452	1333	1071	1185	1297	841	946	1230	1177	1678	1736	1999	1916	2520	2590	2705	2831	2959	3787	3930	4074	4206	4330	4432	3409	3404	2812	1404	1307	1285	970	844	668	737	371	9999	2	99	161	459	9	19	33	60	93	136	176	227	286	346	415	485	564	610	743	578	833	2461	2789	2887	3479	3721	2884	2462	633	702	774	836	900	967	1040	1111	1176	2652	3339	3713	4336	4558	4519	4478	4433	4381	4335	4282	4219	4152	4090	1593	1564	1547	1530	1510	1491	1478	1470	1468	1463	
2180	2113	2027	1963	1432	1507	1724	2196	4101	4226	4431	4514	4600	4359	4308	3941	3871	3130	3031	2795	2679	2200	2121	1849	1935	1670	1613	1503	1395	1136	1239	1373	894	1009	1283	1216	1711	1777	2046	1968	2547	2625	2736	2871	2997	3814	3950	4095	4231	4344	4445	3435	3428	2836	1433	1335	1296	992	883	703	775	414	2	9999	96	163	425	2	9	19	33	60	93	136	176	227	286	346	415	485	559	688	543	791	2436	2760	2861	3459	3687	2846	2418	564	633	702	774	836	900	967	1040	1111	2594	3295	3672	4314	4544	4503	4451	4412	4362	4304	4248	4176	4120	4054	1530	1501	1475	1462	1442	1425	1414	1404	1393	1387	
1951	1898	1852	1833	1369	1372	1508	1939	3639	3805	4068	4186	4305	3953	3884	3441	3330	2584	2488	2284	2175	1789	1708	1515	1597	1330	1378	1244	1144	980	1113	1233	733	852	1020	940	1350	1435	1633	1565	2041	2112	2211	2325	2434	3251	3427	3597	3776	3921	4065	2861	2850	2280	1048	938	901	599	592	333	437	173	99	96	9999	7	159	106	118	134	157	184	212	261	309	356	417	478	544	608	367	458	248	525	1911	2221	2310	2904	3148	2324	1965	672	741	805	861	922	990	1059	1128	1185	2185	2813	3169	3911	4254	4185	4128	4063	3993	3924	3856	3789	3692	3618	1439	1427	1420	1416	1414	1415	1417	1423	1434	1447	
1822	1778	1742	1726	1284	1267	1382	1812	3463	3621	3922	4056	4175	3816	3727	3256	3164	2422	2315	2112	2022	1648	1575	1370	1464	1195	1246	1140	1012	880	1009	1150	622	760	895	826	1211	1286	1501	1436	1870	1945	2055	2152	2259	3083	3253	3433	3604	3782	3928	2681	2678	2122	916	824	790	464	456	216	313	103	161	163	7	9999	169	175	196	215	249	287	328	377	431	488	552	610	671	738	435	514	272	563	1841	2135	2210	2784	3064	2241	1925	799	853	915	976	1045	1110	1171	1226	1293	2173	2755	3104	3852	4204	4141	4078	4010	3941	3880	3813	3728	3643	3570	1515	1509	1504	1503	1506	1510	1518	1528	1538	1550	
2365	2343	2327	2328	1829	1770	1816	2328	3576	3715	3976	4100	4215	3833	3717	3319	3193	2517	2428	2239	2155	1882	1787	1637	1737	1479	1674	1539	1406	1360	1500	1632	1101	1220	1262	1182	1451	1544	1695	1605	1945	2023	2106	2193	2297	3068	3223	3386	3550	3713	3870	2601	2581	2087	1068	920	826	604	842	517	675	492	459	425	159	169	9999	395	374	355	345	342	343	347	360	378	402	433	466	508	76	87	8	104	1470	1731	1806	2363	2555	1762	1437	553	597	643	694	749	801	849	902	957	1599	2149	2519	3306	3726	3636	3552	3466	3377	3288	3203	3116	3045	2959	1007	1011	1018	1035	1047	1064	1081	1107	1132	1161	
2268	2185	2103	2053	1498	1572	1791	2282	4132	4255	4448	4537	4617	4378	4331	3973	3899	3173	3067	2844	2721	2255	2164	1900	2005	1712	1675	1558	1456	1188	1305	1450	953	1074	1338	1268	1747	1826	2090	2020	2583	2667	2780	2912	3027	3842	3976	4116	4246	4363	4455	3455	3449	2869	1466	1365	1324	1014	929	739	815	459	9	2	106	175	395	9999	2	9	19	33	60	93	136	176	227	286	346	415	503	640	505	746	2416	2735	2837	3445	3669	2817	2374	485	564	633	702	774	836	900	967	1040	2545	3252	3636	4291	4525	4480	4437	4385	4338	4285	4221	4151	4088	4019	1464	1438	1413	1389	1367	1349	1334	1323	1313	1306	
