NAME: pr144Preorder
TYPE: ATSP
DIMENSION: 144
EDGE_WEIGHT_TYPE: EXPLICIT
EDGE_WEIGHT_FORMAT: FULL_MATRIX 
EDGE_WEIGHT_SECTION
9999	2	10	16	23	29	819	821	931	960	997	1024	1387	1395	1075	1044	983	958	838	855	882	125	134	83	79	65	60	27	44	59	276	241	207	184	89	94	334	370	394	420	1011	1038	1716	1742	1763	626	667	705	844	834	824	811	802	798	792	784	779	776	746	785	1122	1142	1161	1179	1198	1215	1235	1251	1274	1299	1792	1816	2219	2204	2181	2165	2125	2162	1529	1525	1519	1515	1539	1631	1847	1971	1938	2006	2277	2337	2564	2601	2495	2481	2511	2492	2446	2425	2401	2312	2299	2284	2272	2066	2063	2119	2118	2057	2056	2065	2218	2232	2243	2254	2800	3121	3133	3145	3154	3163	3096	3093	3088	3086	3080	3074	3068	3060	3056	3046	2826	2852	2876	2906	2924	2925	2927	2928	2931	2933	2935	2937	2941	2946	
2	9999	13	19	25	31	821	819	933	962	999	1025	1378	1389	1064	1031	979	949	831	847	871	122	128	62	57	52	50	20	36	49	249	213	189	169	71	75	310	350	383	405	1001	1027	1674	1703	1725	572	608	645	785	775	763	753	745	736	729	724	719	714	688	726	1080	1095	1123	1147	1163	1184	1204	1223	1239	1259	1751	1775	2187	2169	2146	2130	2086	2125	1459	1455	1453	1450	1465	1539	1777	1910	1873	1956	2239	2313	2521	2577	2456	2437	2471	2451	2405	2392	2366	2270	2259	2244	2230	2025	2020	2061	2059	2015	2013	2023	2178	2186	2198	2207	2766	3104	3115	3127	3140	3150	3079	3072	3066	3057	3048	3041	3034	3028	3020	3013	2790	2812	2842	2864	2882	2884	2886	2888	2890	2894	2895	2899	2902	2906	
10	13	9999	0	6	11	695	697	819	859	905	938	1287	1295	989	963	901	869	718	740	772	103	107	74	72	65	65	35	47	78	358	319	285	247	87	90	273	306	345	375	932	959	1596	1629	1662	612	650	693	896	883	874	864	851	841	834	826	816	808	735	774	1076	1090	1117	1139	1155	1171	1191	1210	1228	1242	1694	1722	2180	2163	2143	2125	2087	2126	1547	1543	1540	1539	1578	1663	1872	1989	1931	1999	2244	2319	2508	2565	2459	2441	2475	2460	2408	2400	2373	2300	2286	2275	2263	2081	2077	2129	2128	2074	2074	2091	2259	2266	2279	2290	2805	3107	3119	3130	3143	3151	3090	3087	3083	3078	3071	3067	3059	3052	3045	3039	2833	2857	2880	2912	2944	2947	2949	2952	2955	2960	2966	2969	2975	2980	
16	19	0	9999	1	6	655	657	778	819	872	905	1253	1260	963	935	869	830	675	699	735	99	104	72	69	65	69	37	48	81	375	345	306	273	86	87	247	285	319	358	899	932	1545	1585	1618	601	640	682	909	896	883	874	864	851	841	834	826	816	725	764	1062	1076	1090	1117	1139	1155	1171	1191	1210	1228	1651	1685	2163	2146	2125	2110	2062	2111	1543	1540	1539	1540	1582	1666	1874	1990	1923	1993	2226	2306	2489	2539	2441	2422	2460	2443	2400	2386	2361	2290	2279	2266	2259	2077	2075	2128	2127	2074	2075	2093	2263	2275	2286	2300	2803	3102	3112	3125	3138	3148	3087	3083	3078	3071	3067	3059	3052	3045	3039	3033	2828	2854	2878	2909	2947	2949	2952	2955	2960	2966	2969	2975	2980	2987	
23	25	6	1	9999	0	602	603	727	770	819	859	1221	1228	926	894	818	779	623	648	682	85	98	67	64	70	73	41	53	84	396	372	337	301	88	86	220	256	291	325	854	891	1493	1521	1558	590	631	672	924	912	899	887	877	867	853	846	837	828	715	754	1035	1054	1071	1086	1112	1132	1151	1168	1188	1205	1595	1631	2143	2125	2105	2085	2042	2092	1540	1539	1540	1543	1588	1671	1878	1993	1909	1984	2208	2288	2466	2515	2418	2406	2438	2419	2382	2370	2349	2280	2269	2260	2248	2075	2074	2127	2128	2076	2078	2096	2273	2283	2297	2310	2799	3094	3106	3117	3129	3142	3082	3076	3070	3063	3057	3050	3043	3037	3032	3027	2825	2852	2876	2906	2950	2953	2957	2962	2967	2970	2976	2983	2989	2992	
29	31	11	6	0	9999	564	568	686	727	778	819	1192	1201	894	857	779	739	584	609	641	76	91	64	66	73	77	45	55	93	411	387	364	325	92	88	201	232	265	301	816	854	1458	1483	1509	584	623	665	937	924	912	899	887	877	867	853	846	837	706	748	1021	1035	1054	1071	1086	1112	1132	1151	1168	1188	1548	1589	2125	2110	2085	2061	2028	2069	1539	1540	1543	1547	1591	1676	1882	1995	1902	1979	2196	2276	2444	2493	2406	2394	2419	2407	2370	2358	2340	2273	2262	2252	2242	2074	2074	2128	2129	2078	2082	2098	2280	2293	2305	2318	2797	3091	3100	3111	3124	3136	3076	3070	3063	3057	3050	3043	3037	3032	3027	3022	2822	2849	2874	2904	2953	2957	2962	2967	2970	2976	2983	2989	2992	2995	
819	821	695	655	602	564	9999	2	10	16	23	29	125	134	83	79	65	60	27	44	59	329	347	623	663	744	783	838	855	882	1646	1561	1482	1421	742	702	276	241	207	184	89	94	626	667	705	982	1006	1026	1858	1820	1786	1749	1717	1679	1635	1591	1543	1503	1053	1080	844	834	824	811	802	798	792	784	779	776	746	785	1529	1525	1519	1515	1539	1631	2002	2018	2037	2052	2125	2162	2277	2337	2035	2102	1847	1971	1938	2006	2066	2063	2119	2118	2057	2056	2065	2218	2232	2243	2254	2323	2332	2368	2378	2351	2363	2401	2734	2756	2778	2798	2907	2800	2826	2852	2876	2906	2924	2925	2927	2928	2931	2933	2935	2937	2941	2946	2929	2963	2995	3013	3134	3141	3144	3149	3152	3157	3161	3167	3172	3175	
821	819	697	657	603	568	2	9999	13	19	25	31	122	128	62	57	52	50	20	36	49	324	334	607	645	728	768	831	847	871	1627	1537	1464	1405	725	684	249	213	189	169	71	75	572	608	645	951	974	996	1816	1780	1746	1710	1669	1624	1580	1530	1494	1459	1017	1040	785	775	763	753	745	736	729	724	719	714	688	726	1459	1455	1453	1450	1465	1539	1960	1974	1997	2016	2086	2125	2239	2313	1991	2045	1777	1910	1873	1956	2025	2020	2061	2059	2015	2013	2023	2178	2186	2198	2207	2291	2302	2336	2347	2325	2334	2366	2706	2729	2748	2769	2865	2766	2790	2812	2842	2864	2882	2884	2886	2888	2890	2894	2895	2899	2902	2906	2891	2917	2944	2982	3114	3120	3126	3132	3139	3143	3148	3151	3159	3163	
931	933	819	778	727	686	10	13	9999	0	6	11	103	107	74	72	65	65	35	47	78	401	409	750	790	869	901	944	957	980	1793	1724	1652	1568	866	828	358	319	285	247	87	90	612	650	693	1054	1079	1102	1969	1942	1903	1871	1834	1798	1762	1730	1694	1653	1134	1159	896	883	874	864	851	841	834	826	816	808	735	774	1547	1543	1540	1539	1578	1663	2061	2085	2110	2125	2188	2222	2327	2384	2093	2147	1872	1989	1931	1999	2081	2077	2129	2128	2074	2074	2091	2259	2266	2279	2290	2362	2374	2411	2424	2400	2408	2456	2787	2810	2837	2859	2942	2805	2833	2857	2880	2912	2944	2947	2949	2952	2955	2960	2966	2969	2975	2980	2979	3003	3023	3044	3153	3158	3162	3167	3171	3174	3179	3183	3187	3191	
960	962	859	819	770	727	16	19	0	9999	1	6	99	104	72	69	65	69	37	48	81	422	432	790	830	901	935	973	983	1005	1834	1767	1704	1624	899	866	375	345	306	273	86	87	601	640	682	1077	1097	1128	1996	1969	1942	1903	1871	1834	1798	1762	1730	1694	1152	1174	909	896	883	874	864	851	841	834	826	816	725	764	1543	1540	1539	1540	1582	1666	2085	2105	2125	2143	2206	2245	2339	2399	2105	2160	1874	1990	1923	1993	2077	2075	2128	2127	2074	2075	2093	2263	2275	2286	2300	2374	2386	2424	2443	2408	2422	2474	2801	2824	2849	2873	2954	2803	2828	2854	2878	2909	2947	2949	2952	2955	2960	2966	2969	2975	2980	2987	2990	3011	3030	3054	3158	3162	3167	3171	3174	3179	3183	3187	3191	3194	
997	999	905	872	819	778	23	25	6	1	9999	0	85	98	67	64	70	73	41	53	84	446	455	839	876	942	972	1008	1022	1041	1889	1824	1756	1692	939	907	396	372	337	301	88	86	590	631	672	1104	1134	1157	2029	2004	1975	1949	1913	1881	1845	1806	1770	1741	1177	1202	924	912	899	887	877	867	853	846	837	828	715	754	1540	1539	1540	1543	1588	1671	2110	2125	2146	2163	2229	2264	2353	2414	2120	2172	1878	1993	1909	1984	2075	2074	2127	2128	2076	2078	2096	2273	2283	2297	2310	2387	2402	2448	2465	2426	2447	2494	2819	2846	2870	2897	2971	2799	2825	2852	2876	2906	2950	2953	2957	2962	2967	2970	2976	2983	2989	2992	2999	3018	3040	3061	3164	3168	3173	3178	3180	3184	3188	3192	3196	3198	
1024	1025	938	905	859	819	29	31	11	6	0	9999	76	91	64	66	73	77	45	55	93	463	473	876	911	972	998	1036	1052	1072	1934	1870	1801	1737	967	939	411	387	364	325	92	88	584	623	665	1133	1154	1174	2051	2029	2004	1975	1949	1913	1881	1845	1806	1770	1197	1219	937	924	912	899	887	877	867	853	846	837	706	748	1539	1540	1543	1547	1591	1676	2125	2143	2163	2180	2247	2282	2367	2431	2133	2185	1882	1995	1902	1979	2074	2074	2128	2129	2078	2082	2098	2280	2293	2305	2318	2402	2413	2465	2480	2447	2464	2513	2840	2862	2887	2915	2986	2797	2822	2849	2874	2904	2953	2957	2962	2967	2970	2976	2983	2989	2992	2995	3007	3024	3047	3069	3168	3173	3178	3180	3184	3188	3192	3196	3198	3200	
1387	1378	1287	1253	1221	1192	125	122	103	99	85	76	9999	4	63	80	100	105	112	117	125	819	822	1181	1211	1267	1303	1372	1375	1387	2248	2201	2159	2114	1255	1229	606	551	512	482	101	96	424	444	462	1261	1279	1301	2249	2217	2194	2167	2142	2118	2088	2050	2027	1998	1320	1336	941	921	900	880	857	836	809	793	771	749	484	502	1317	1325	1331	1337	1382	1443	2179	2199	2224	2247	2320	2338	2415	2487	2125	2174	1673	1805	1539	1658	1872	1879	1947	1953	1892	1899	1938	2209	2228	2250	2268	2417	2439	2488	2506	2482	2498	2564	2913	2938	2981	3009	2927	2639	2669	2690	2716	2738	2820	2827	2835	2842	2845	2851	2858	2863	2870	2877	2956	2991	3010	3029	3166	3169	3176	3181	3185	3189	3193	3197	3199	3201	
1395	1389	1295	1260	1228	1201	134	128	107	104	98	91	4	9999	56	68	97	102	115	113	121	822	819	1176	1207	1260	1296	1374	1373	1376	2243	2197	2152	2108	1248	1224	589	538	501	472	97	82	386	404	424	1231	1245	1261	2218	2195	2167	2141	2115	2084	2048	2026	1995	1968	1279	1301	888	868	840	814	794	767	743	722	697	676	444	462	1250	1256	1266	1275	1318	1362	2136	2157	2183	2205	2281	2311	2379	2436	2067	2125	1562	1719	1449	1539	1782	1790	1860	1869	1804	1813	1852	2155	2173	2194	2213	2380	2395	2435	2457	2427	2450	2510	2871	2904	2932	2974	2878	2589	2612	2639	2669	2690	2775	2779	2785	2792	2794	2801	2809	2813	2819	2829	2905	2927	2956	2991	3147	3155	3160	3165	3170	3177	3182	3186	3190	3195	
1075	1064	989	963	926	894	83	62	74	72	67	64	63	56	9999	0	9	15	42	34	30	466	460	819	859	931	960	1042	1032	1030	1873	1803	1739	1664	916	881	327	284	240	200	8	5	299	326	357	887	908	928	1829	1788	1748	1708	1661	1613	1560	1508	1467	1431	946	964	526	510	500	492	483	474	464	458	452	445	379	397	1106	1107	1110	1113	1141	1185	1756	1787	1825	1856	1958	1994	2107	2175	1718	1795	1321	1428	1338	1410	1539	1540	1632	1634	1546	1551	1578	1898	1924	1945	1964	2125	2143	2186	2203	2177	2193	2246	2615	2647	2676	2697	2687	2470	2500	2532	2570	2595	2644	2651	2654	2656	2660	2665	2669	2673	2677	2682	2711	2731	2751	2773	3005	3015	3025	3036	3049	3061	3073	3084	3089	3095	
1044	1031	963	935	894	857	79	57	72	69	64	66	80	68	0	9999	4	9	38	28	24	448	441	778	819	896	931	1012	1005	1002	1828	1758	1691	1609	881	840	298	254	211	182	5	3	303	332	364	857	880	900	1788	1748	1708	1661	1613	1560	1508	1467	1431	1396	921	941	510	500	492	483	474	464	458	452	445	439	384	400	1107	1106	1108	1110	1137	1180	1730	1756	1795	1825	1932	1972	2083	2156	1693	1771	1316	1425	1341	1419	1540	1539	1631	1632	1542	1546	1572	1886	1906	1930	1952	2110	2125	2170	2186	2160	2177	2225	2598	2624	2657	2685	2680	2472	2503	2536	2574	2596	2641	2644	2651	2654	2656	2660	2665	2669	2673	2677	2697	2725	2741	2764	2996	3005	3015	3025	3036	3049	3061	3073	3084	3089	
983	979	901	869	818	779	65	52	65	65	70	73	100	97	9	4	9999	0	32	18	12	407	402	695	737	819	859	956	948	946	1739	1664	1579	1495	800	761	240	200	175	154	3	5	322	351	373	794	814	840	1708	1661	1613	1560	1508	1467	1431	1396	1360	1334	868	888	492	483	474	464	458	452	445	439	434	430	391	408	1111	1109	1106	1106	1129	1175	1669	1702	1738	1764	1872	1922	2039	2120	1642	1732	1313	1418	1356	1437	1546	1542	1632	1631	1539	1540	1565	1862	1882	1898	1924	2067	2092	2138	2154	2125	2143	2191	2563	2591	2615	2647	2661	2479	2509	2543	2581	2600	2638	2639	2641	2644	2651	2654	2656	2660	2665	2669	2684	2702	2728	2746	2964	2983	2996	3005	3015	3025	3036	3049	3061	3073	
958	949	869	830	779	739	60	50	65	69	73	77	105	102	15	9	0	9999	29	14	7	389	385	655	695	778	819	925	918	915	1691	1609	1517	1451	761	720	211	182	161	140	5	8	331	363	382	759	783	807	1661	1613	1560	1508	1467	1431	1396	1360	1334	1308	837	861	483	474	464	458	452	445	439	434	430	426	398	416	1115	1111	1108	1106	1127	1173	1634	1669	1709	1738	1843	1891	2024	2103	1618	1714	1310	1415	1366	1448	1551	1546	1634	1632	1540	1539	1562	1851	1869	1886	1906	2046	2067	2122	2138	2110	2125	2172	2535	2575	2598	2624	2653	2483	2514	2546	2584	2602	2635	2638	2639	2641	2644	2651	2654	2656	2660	2665	2675	2694	2721	2740	2945	2964	2983	2996	3005	3015	3025	3036	3049	3061	
838	831	718	675	623	584	27	20	35	37	41	45	112	115	42	38	32	29	9999	9	27	311	314	572	610	692	735	819	825	838	1585	1499	1433	1370	680	638	193	171	152	133	40	43	465	487	504	838	865	891	1703	1657	1612	1563	1510	1474	1442	1406	1372	1342	917	940	608	594	582	575	565	557	549	545	541	537	528	554	1294	1291	1288	1286	1301	1343	1794	1816	1850	1876	1965	2007	2125	2199	1818	1900	1539	1712	1673	1761	1849	1845	1907	1904	1839	1835	1847	2036	2044	2055	2071	2171	2185	2234	2247	2214	2231	2277	2614	2641	2670	2691	2760	2662	2686	2710	2733	2754	2770	2771	2774	2776	2778	2779	2781	2784	2786	2790	2783	2804	2831	2854	3053	3062	3072	3081	3087	3092	3097	3103	3109	3115	
855	847	740	699	648	609	44	36	47	48	53	55	117	113	34	28	18	14	9	9999	9	317	312	559	597	677	722	825	819	825	1562	1480	1416	1357	662	620	176	155	136	119	26	31	410	431	449	752	779	806	1616	1566	1511	1473	1439	1402	1368	1339	1315	1289	838	865	516	507	499	496	491	486	480	476	475	470	465	487	1206	1203	1200	1196	1210	1249	1678	1706	1741	1763	1866	1917	2040	2125	1695	1778	1403	1539	1506	1620	1715	1711	1773	1768	1704	1703	1712	1940	1954	1967	1977	2094	2109	2154	2168	2139	2153	2199	2553	2587	2605	2634	2693	2586	2603	2632	2662	2686	2700	2701	2702	2704	2708	2712	2713	2715	2718	2722	2717	2738	2760	2783	2993	3002	3012	3021	3031	3042	3055	3065	3075	3085	
882	871	772	735	682	641	59	49	78	81	84	93	125	121	30	24	12	7	27	9	9999	329	320	555	592	674	717	838	825	819	1547	1471	1408	1348	656	614	167	145	126	109	17	22	359	377	392	671	696	725	1526	1483	1447	1409	1371	1340	1318	1289	1258	1237	752	779	456	450	443	438	433	428	423	418	413	411	410	431	1114	1107	1100	1096	1118	1165	1532	1570	1615	1649	1758	1811	1965	2040	1536	1647	1301	1403	1382	1461	1546	1538	1628	1623	1531	1529	1539	1809	1827	1845	1865	2007	2024	2068	2092	2049	2070	2125	2476	2507	2542	2582	2618	2485	2516	2549	2586	2603	2621	2623	2626	2629	2631	2633	2637	2639	2642	2648	2646	2672	2693	2717	2910	2918	2930	2946	2965	2985	2997	3006	3016	3027	
125	122	103	99	85	76	329	324	401	422	446	463	819	822	466	448	407	389	311	317	329	9999	4	63	80	100	105	112	117	125	606	551	512	482	101	96	54	61	80	95	425	443	1032	1055	1075	424	444	462	941	921	900	880	857	836	809	793	771	749	484	502	632	646	664	681	698	721	738	760	780	801	1093	1122	1681	1651	1619	1591	1536	1621	1317	1325	1331	1337	1382	1443	1673	1805	1539	1658	1818	1944	2125	2174	2117	2104	2137	2124	2070	2054	2035	2008	1997	1992	1986	1872	1879	1947	1953	1892	1899	1938	2209	2228	2250	2268	2639	2830	2853	2876	2903	2926	2838	2832	2823	2818	2814	2811	2807	2802	2796	2793	2669	2690	2716	2738	2820	2827	2835	2842	2845	2851	2858	2863	2870	2877	
134	128	107	104	98	91	347	334	409	432	455	473	822	819	460	441	402	385	314	312	320	4	9999	56	68	97	102	115	113	121	589	538	501	472	97	82	46	51	58	79	415	436	1000	1016	1032	386	404	424	888	868	840	814	794	767	743	722	697	676	444	462	560	576	588	606	624	643	666	690	708	734	1055	1075	1582	1550	1511	1492	1453	1510	1250	1256	1266	1275	1318	1362	1562	1719	1449	1539	1740	1864	2067	2125	2048	2038	2074	2058	2012	2000	1974	1937	1926	1920	1911	1782	1790	1860	1869	1804	1813	1852	2155	2173	2194	2213	2589	2784	2807	2830	2853	2876	2788	2782	2777	2769	2767	2762	2759	2755	2750	2745	2612	2639	2669	2690	2775	2779	2785	2792	2794	2801	2809	2813	2819	2829	
83	62	74	72	67	64	623	607	750	790	839	876	1181	1176	819	778	695	655	572	559	555	63	56	9999	0	9	15	42	34	30	327	284	240	200	8	5	114	132	154	175	720	761	1226	1237	1247	299	326	357	526	510	500	492	483	474	464	458	452	445	379	397	647	674	701	731	758	786	813	843	873	898	1263	1280	1745	1717	1678	1643	1564	1635	1106	1107	1110	1113	1141	1185	1321	1428	1338	1410	1814	1927	2190	2237	2125	2110	2138	2122	2067	2046	2019	1882	1862	1844	1826	1539	1540	1632	1634	1546	1551	1578	1898	1924	1945	1964	2470	2816	2841	2861	2881	2911	2772	2765	2758	2749	2743	2737	2732	2726	2720	2713	2500	2532	2570	2595	2644	2651	2654	2656	2660	2665	2669	2673	2677	2682	
79	57	72	69	64	66	663	645	790	830	876	911	1211	1207	859	819	737	695	610	597	592	80	68	0	9999	4	9	38	28	24	298	254	211	182	5	3	127	147	168	192	761	800	1246	1260	1277	303	332	364	510	500	492	483	474	464	458	452	445	439	384	400	674	701	731	758	786	813	843	873	898	923	1293	1311	1769	1745	1709	1678	1597	1667	1107	1106	1108	1110	1137	1180	1316	1425	1341	1419	1840	1950	2211	2258	2143	2125	2154	2138	2092	2067	2033	1893	1875	1857	1836	1540	1539	1631	1632	1542	1546	1572	1886	1906	1930	1952	2472	2829	2851	2872	2897	2921	2781	2772	2765	2758	2749	2743	2737	2732	2726	2720	2503	2536	2574	2596	2641	2644	2651	2654	2656	2660	2665	2669	2673	2677	
65	52	65	65	70	73	744	728	869	901	942	972	1267	1260	931	896	819	778	692	677	674	100	97	9	4	9999	0	32	18	12	240	200	175	154	3	5	154	175	200	240	840	881	1306	1323	1335	322	351	373	492	483	474	464	458	452	445	439	434	430	391	408	731	758	786	813	843	873	898	923	947	970	1347	1367	1833	1801	1764	1738	1665	1723	1111	1109	1106	1106	1129	1175	1313	1418	1356	1437	1888	1983	2255	2296	2177	2160	2186	2170	2125	2110	2064	1924	1898	1882	1862	1546	1542	1632	1631	1539	1540	1565	1862	1882	1898	1924	2479	2855	2875	2901	2922	2948	2796	2791	2781	2772	2765	2758	2749	2743	2737	2732	2509	2543	2581	2600	2638	2639	2641	2644	2651	2654	2656	2660	2665	2669	
60	50	65	69	73	77	783	768	901	935	972	998	1303	1296	960	931	859	819	735	722	717	105	102	15	9	0	9999	29	14	7	211	182	161	140	5	8	168	192	224	269	881	916	1335	1345	1364	331	363	382	483	474	464	458	452	445	439	434	430	426	398	416	758	786	813	843	873	898	923	947	970	990	1383	1401	1863	1833	1795	1764	1697	1750	1115	1111	1108	1106	1127	1173	1310	1415	1366	1448	1912	2007	2274	2316	2193	2177	2203	2186	2143	2125	2089	1939	1913	1893	1875	1551	1546	1634	1632	1540	1539	1562	1851	1869	1886	1906	2483	2867	2889	2914	2936	2968	2808	2796	2791	2781	2772	2765	2758	2749	2743	2737	2514	2546	2584	2602	2635	2638	2639	2641	2644	2651	2654	2656	2660	2665	
27	20	35	37	41	45	838	831	944	973	1008	1036	1372	1374	1042	1012	956	925	819	825	838	112	115	42	38	32	29	9999	9	27	193	171	152	133	40	43	255	295	336	373	978	1003	1537	1571	1601	465	487	504	608	594	582	575	565	557	549	545	541	537	528	554	974	992	1010	1028	1052	1074	1094	1125	1150	1169	1630	1658	2080	2053	2031	2011	1965	2007	1294	1291	1288	1286	1301	1343	1539	1712	1673	1761	2125	2199	2415	2463	2354	2344	2365	2350	2321	2308	2277	2145	2131	2115	2100	1849	1845	1907	1904	1839	1835	1847	2036	2044	2055	2071	2662	3035	3058	3077	3088	3098	2988	2973	2958	2945	2934	2923	2916	2911	2900	2891	2686	2710	2733	2754	2770	2771	2774	2776	2778	2779	2781	2784	2786	2790	
44	36	47	48	53	55	855	847	957	983	1022	1052	1375	1373	1032	1005	948	918	825	819	825	117	113	34	28	18	14	9	9999	9	176	155	136	119	26	31	227	270	310	357	966	994	1470	1491	1510	410	431	449	516	507	499	496	491	486	480	476	475	470	465	487	903	927	948	971	987	1009	1029	1056	1081	1105	1537	1571	2009	1981	1957	1933	1866	1917	1206	1203	1200	1196	1210	1249	1403	1539	1506	1620	2040	2125	2359	2397	2302	2287	2314	2298	2254	2238	2199	2047	2034	2022	2006	1715	1711	1773	1768	1704	1703	1712	1940	1954	1967	1977	2586	2977	3000	3017	3035	3058	2898	2885	2876	2868	2860	2850	2843	2836	2824	2817	2603	2632	2662	2686	2700	2701	2702	2704	2708	2712	2713	2715	2718	2722	
59	49	78	81	84	93	882	871	980	1005	1041	1072	1387	1376	1030	1002	946	915	838	825	819	125	121	30	24	12	7	27	9	9999	167	145	126	109	17	22	210	253	296	340	961	988	1413	1434	1452	359	377	392	456	450	443	438	433	428	423	418	413	411	410	431	823	850	879	904	930	953	977	998	1019	1043	1470	1491	1929	1897	1862	1831	1758	1811	1114	1107	1100	1096	1118	1165	1301	1403	1382	1461	1965	2040	2320	2345	2235	2214	2244	2220	2179	2161	2125	1963	1943	1919	1895	1546	1538	1628	1623	1531	1529	1539	1809	1827	1845	1865	2485	2896	2919	2943	2977	3000	2823	2815	2806	2795	2789	2780	2768	2763	2757	2747	2516	2549	2586	2603	2621	2623	2626	2629	2631	2633	2637	2639	2642	2648	
276	249	358	375	396	411	1646	1627	1793	1834	1889	1934	2248	2243	1873	1828	1739	1691	1585	1562	1547	606	589	327	298	240	211	193	176	167	9999	2	9	20	248	280	819	879	931	976	1755	1801	2192	2200	2208	658	679	703	369	373	382	387	393	402	409	420	431	440	730	754	1307	1335	1364	1399	1438	1475	1516	1573	1625	1677	2216	2227	2348	2331	2312	2289	2223	2257	1214	1203	1187	1170	1149	1190	1319	1419	1687	1762	2330	2371	2709	2734	2583	2556	2578	2550	2502	2481	2423	2202	2177	2151	2125	1679	1655	1718	1699	1614	1591	1556	1552	1546	1541	1539	2555	3116	3128	3137	3146	3156	3019	3008	2998	2984	2961	2940	2926	2914	2901	2883	2588	2604	2631	2659	2585	2579	2571	2567	2562	2557	2552	2546	2543	2538	
241	213	319	345	372	387	1561	1537	1724	1767	1824	1870	2201	2197	1803	1758	1664	1609	1499	1480	1471	551	538	284	254	200	182	171	155	145	2	9999	2	9	206	234	759	819	879	931	1688	1735	2148	2158	2166	605	628	655	360	367	372	378	385	390	399	405	414	427	678	705	1262	1292	1324	1345	1381	1417	1456	1498	1542	1600	2176	2184	2322	2307	2278	2255	2189	2216	1194	1182	1166	1153	1131	1172	1303	1398	1641	1727	2303	2347	2681	2703	2540	2517	2535	2512	2469	2445	2396	2177	2151	2125	2099	1644	1622	1690	1672	1583	1561	1527	1546	1541	1539	1541	2533	3105	3113	3123	3135	3145	3001	2991	2972	2951	2934	2920	2909	2893	2878	2866	2569	2594	2617	2643	2576	2569	2566	2559	2554	2549	2544	2541	2537	2534	
207	189	285	306	337	364	1482	1464	1652	1704	1756	1801	2159	2152	1739	1691	1579	1517	1433	1416	1408	512	501	240	211	175	161	152	136	126	9	2	9999	2	179	196	695	759	819	879	1605	1660	2106	2116	2123	559	580	605	348	357	364	369	373	382	387	393	402	409	630	660	1227	1247	1277	1307	1335	1364	1399	1438	1475	1516	2134	2144	2294	2270	2241	2215	2155	2183	1174	1162	1148	1136	1115	1160	1285	1379	1596	1691	2271	2324	2648	2679	2502	2481	2498	2478	2430	2408	2369	2151	2125	2099	2067	1614	1591	1661	1642	1551	1529	1503	1541	1539	1541	1546	2518	3093	3101	3110	3122	3131	2984	2961	2940	2926	2914	2901	2883	2872	2861	2848	2551	2586	2602	2630	2567	2562	2557	2552	2546	2543	2538	2536	2532	2530	
184	169	247	273	301	325	1421	1405	1568	1624	1692	1737	2114	2108	1664	1609	1495	1451	1370	1357	1348	482	472	200	182	154	140	133	119	109	20	9	2	9999	158	172	634	695	759	819	1513	1576	2051	2060	2073	525	540	562	343	347	353	360	367	372	378	385	390	399	584	612	1189	1213	1238	1262	1292	1324	1345	1381	1417	1456	2090	2101	2261	2236	2204	2180	2121	2149	1159	1146	1127	1116	1089	1147	1270	1365	1549	1650	2240	2301	2613	2645	2469	2445	2467	2442	2403	2383	2346	2125	2099	2067	2041	1583	1561	1633	1617	1521	1507	1485	1539	1541	1546	1552	2501	3081	3090	3099	3108	3118	2951	2934	2920	2909	2893	2878	2866	2856	2844	2834	2531	2568	2593	2616	2559	2554	2549	2544	2541	2537	2534	2531	2529	2527	
89	71	87	86	88	92	742	725	866	899	939	967	1255	1248	916	881	800	761	680	662	656	101	97	8	5	3	5	40	26	17	248	206	179	158	9999	0	143	164	187	219	819	859	1270	1283	1300	277	302	330	469	459	451	442	435	429	419	412	406	402	362	381	670	697	727	757	787	815	849	876	902	929	1314	1330	1765	1737	1700	1665	1581	1648	1061	1059	1057	1058	1078	1131	1261	1358	1309	1369	1819	1933	2210	2256	2132	2115	2143	2125	2072	2050	2020	1854	1830	1808	1791	1469	1466	1540	1539	1465	1466	1484	1802	1822	1846	1869	2425	2813	2839	2860	2879	2908	2761	2752	2744	2736	2730	2724	2715	2707	2698	2693	2461	2491	2524	2561	2597	2599	2601	2603	2609	2611	2614	2619	2620	2628	
94	75	90	87	86	88	702	684	828	866	907	939	1229	1224	881	840	761	720	638	620	614	96	82	5	3	5	8	43	31	22	280	234	196	172	0	9999	130	150	172	196	778	819	1240	1254	1269	267	294	323	478	469	459	451	442	435	429	419	412	406	352	374	639	670	697	727	757	787	815	849	876	902	1284	1302	1737	1707	1665	1630	1539	1615	1059	1057	1058	1060	1082	1135	1264	1361	1302	1363	1796	1905	2188	2233	2115	2097	2125	2110	2050	2036	2002	1836	1815	1797	1776	1466	1465	1539	1540	1466	1469	1487	1815	1836	1861	1884	2421	2802	2821	2847	2869	2892	2752	2744	2736	2730	2724	2715	2707	2698	2693	2688	2457	2490	2520	2558	2599	2601	2603	2609	2611	2614	2619	2620	2628	2633	
334	310	273	247	220	201	276	249	358	375	396	411	606	589	327	298	240	211	193	176	167	54	46	114	127	154	168	255	227	210	819	759	695	634	143	130	9999	2	9	20	248	280	658	679	703	244	272	300	873	840	807	777	747	716	685	654	623	595	325	354	369	373	382	387	393	402	409	420	431	440	730	754	1214	1203	1187	1170	1149	1190	1085	1093	1116	1127	1178	1220	1342	1457	1212	1268	1319	1419	1687	1762	1679	1655	1718	1699	1614	1591	1556	1552	1546	1541	1539	1479	1494	1584	1599	1521	1537	1606	2041	2067	2099	2125	2381	2555	2588	2604	2631	2659	2585	2579	2571	2567	2562	2557	2552	2546	2543	2538	2404	2433	2468	2496	2640	2652	2658	2666	2674	2683	2689	2694	2702	2714	
370	350	306	285	256	232	241	213	319	345	372	387	551	538	284	254	200	182	171	155	145	61	51	132	147	175	192	295	270	253	879	819	759	695	164	150	2	9999	2	9	206	234	605	628	655	263	292	316	915	886	856	827	796	762	732	698	669	636	345	369	360	367	372	378	385	390	399	405	414	427	678	705	1194	1182	1166	1153	1131	1172	1101	1119	1136	1148	1199	1236	1367	1481	1216	1276	1303	1398	1641	1727	1644	1622	1690	1672	1583	1561	1527	1546	1541	1539	1541	1501	1510	1608	1624	1551	1571	1637	2067	2099	2125	2151	2386	2533	2569	2594	2617	2643	2576	2569	2566	2559	2554	2549	2544	2541	2537	2534	2409	2440	2473	2504	2655	2663	2671	2678	2686	2692	2699	2711	2719	2727	
394	383	345	319	291	265	207	189	285	306	337	364	512	501	240	211	175	161	152	136	126	80	58	154	168	200	224	336	310	296	931	879	819	759	187	172	9	2	9999	2	179	196	559	580	605	288	310	338	952	928	900	873	840	807	777	747	716	685	366	383	348	357	364	369	373	382	387	393	402	409	630	660	1174	1162	1148	1136	1115	1160	1124	1140	1153	1166	1218	1254	1392	1508	1225	1281	1285	1379	1596	1691	1614	1591	1661	1642	1551	1529	1503	1541	1539	1541	1546	1521	1537	1633	1652	1583	1602	1668	2099	2125	2151	2177	2388	2518	2551	2586	2602	2630	2567	2562	2557	2552	2546	2543	2538	2536	2532	2530	2416	2449	2482	2511	2666	2674	2683	2689	2694	2702	2714	2725	2731	2739	
420	405	375	358	325	301	184	169	247	273	301	325	482	472	200	182	154	140	133	119	109	95	79	175	192	240	269	373	357	340	976	931	879	819	219	196	20	9	2	9999	158	172	525	540	562	309	334	362	984	965	940	915	886	856	827	796	762	732	380	394	343	347	353	360	367	372	378	385	390	399	584	612	1159	1146	1127	1116	1089	1147	1146	1159	1170	1187	1238	1277	1417	1542	1230	1291	1270	1365	1549	1650	1583	1561	1633	1617	1521	1507	1485	1539	1541	1546	1552	1551	1571	1661	1683	1614	1633	1701	2125	2151	2177	2202	2398	2501	2531	2568	2593	2616	2559	2554	2549	2544	2541	2537	2534	2531	2529	2527	2420	2454	2488	2519	2678	2686	2692	2699	2711	2719	2727	2735	2742	2753	
1011	1001	932	899	854	816	89	71	87	86	88	92	101	97	8	5	3	5	40	26	17	425	415	720	761	840	881	978	966	961	1755	1688	1605	1513	819	778	248	206	179	158	9999	0	277	302	330	772	797	819	1696	1649	1597	1541	1498	1458	1420	1385	1351	1326	845	871	469	459	451	442	435	429	419	412	406	402	362	381	1061	1059	1057	1058	1078	1131	1621	1656	1700	1729	1835	1885	2014	2095	1580	1682	1261	1358	1309	1369	1469	1466	1540	1539	1465	1466	1484	1802	1822	1846	1869	2036	2050	2110	2125	2097	2115	2164	2532	2572	2597	2624	2622	2425	2461	2491	2524	2561	2597	2599	2601	2603	2609	2611	2614	2619	2620	2628	2654	2677	2695	2723	2926	2939	2959	2978	2994	3004	3014	3026	3038	3051	
1038	1027	959	932	891	854	94	75	90	87	86	88	96	82	5	3	5	8	43	31	22	443	436	761	800	881	916	1003	994	988	1801	1735	1660	1576	859	819	280	234	196	172	0	9999	267	294	323	804	831	852	1740	1696	1649	1597	1541	1498	1458	1420	1385	1351	875	897	478	469	459	451	442	435	429	419	412	406	352	374	1059	1057	1058	1060	1082	1135	1656	1691	1729	1757	1868	1915	2032	2113	1608	1704	1264	1361	1302	1363	1466	1465	1539	1540	1466	1469	1487	1815	1836	1861	1884	2050	2072	2125	2143	2115	2132	2182	2560	2590	2615	2649	2636	2421	2457	2490	2520	2558	2599	2601	2603	2609	2611	2614	2619	2620	2628	2633	2664	2686	2705	2729	2939	2959	2978	2994	3004	3014	3026	3038	3051	3064	
1716	1674	1596	1545	1493	1458	626	572	612	601	590	584	424	386	299	303	322	331	465	410	359	1032	1000	1226	1246	1306	1335	1537	1470	1413	2192	2148	2106	2051	1270	1240	658	605	559	525	277	267	9999	0	4	819	820	822	1789	1744	1698	1644	1589	1527	1477	1435	1394	1355	825	829	281	250	222	198	181	166	153	139	127	116	9	15	334	344	355	365	392	421	1244	1273	1311	1338	1452	1479	1601	1688	1075	1122	504	587	462	502	633	638	704	714	659	668	705	1063	1087	1125	1156	1481	1518	1598	1643	1615	1659	1763	2309	2335	2364	2397	2125	1539	1603	1658	1712	1753	1906	1918	1928	1941	1951	1962	1970	1978	1990	2003	2150	2174	2199	2221	2528	2556	2580	2593	2610	2627	2650	2668	2685	2696	
1742	1703	1629	1585	1521	1483	667	608	650	640	631	623	444	404	326	332	351	363	487	431	377	1055	1016	1237	1260	1323	1345	1571	1491	1434	2200	2158	2116	2060	1283	1254	679	628	580	540	302	294	0	9999	0	820	819	820	1785	1743	1694	1640	1585	1522	1473	1431	1391	1353	822	825	275	243	215	193	177	162	148	135	124	111	4	9	305	313	325	333	377	403	1232	1256	1296	1327	1434	1460	1571	1658	1055	1093	487	554	444	484	592	600	664	673	616	625	667	1037	1065	1092	1130	1454	1489	1562	1610	1582	1627	1742	2295	2326	2352	2385	2100	1489	1539	1603	1658	1712	1866	1877	1885	1896	1908	1925	1936	1948	1961	1971	2125	2150	2174	2199	2505	2526	2553	2577	2592	2608	2625	2648	2667	2684	
1763	1725	1662	1618	1558	1509	705	645	693	682	672	665	462	424	357	364	373	382	504	449	392	1075	1032	1247	1277	1335	1364	1601	1510	1452	2208	2166	2123	2073	1300	1269	703	655	605	562	330	323	4	0	9999	822	820	819	1783	1739	1691	1638	1579	1517	1472	1429	1390	1349	820	822	269	240	211	192	175	161	147	132	123	110	0	4	279	287	297	307	359	386	1222	1243	1278	1312	1413	1444	1537	1630	1032	1075	465	528	424	462	556	563	621	632	579	586	626	1013	1039	1067	1098	1429	1463	1524	1574	1543	1594	1716	2281	2317	2343	2372	2067	1449	1489	1539	1603	1658	1819	1832	1844	1857	1869	1882	1893	1906	1924	1939	2100	2125	2150	2174	2484	2502	2525	2548	2575	2591	2607	2624	2647	2667	
626	572	612	601	590	584	982	951	1054	1077	1104	1133	1261	1231	887	857	794	759	838	752	671	424	386	299	303	322	331	465	410	359	658	605	559	525	277	267	244	263	288	309	772	804	819	820	822	9999	0	4	281	250	222	198	181	166	153	139	127	116	9	15	146	160	174	190	209	235	262	293	321	351	825	829	906	878	839	803	725	765	334	344	355	365	392	421	504	587	462	502	891	963	1301	1336	1164	1145	1167	1148	1091	1073	1026	866	848	830	810	633	638	704	714	659	668	705	1063	1087	1125	1156	1539	2125	2150	2174	2199	2221	2030	2021	2010	1996	1982	1973	1966	1956	1946	1935	1603	1658	1712	1753	1906	1918	1928	1941	1951	1962	1970	1978	1990	2003	
667	608	650	640	631	623	1006	974	1079	1097	1134	1154	1279	1245	908	880	814	783	865	779	696	444	404	326	332	351	363	487	431	377	679	628	580	540	302	294	272	292	310	334	797	831	820	819	820	0	9999	0	275	243	215	193	177	162	148	135	124	111	4	9	141	156	169	183	202	229	260	289	315	346	822	825	885	853	812	781	696	737	305	313	325	333	377	403	487	554	444	484	865	940	1279	1320	1143	1120	1147	1122	1070	1050	1006	829	805	790	773	592	600	664	673	616	625	667	1037	1065	1092	1130	1489	2100	2125	2150	2174	2199	2001	1988	1976	1966	1955	1943	1929	1916	1901	1890	1539	1603	1658	1712	1866	1877	1885	1896	1908	1925	1936	1948	1961	1971	
705	645	693	682	672	665	1026	996	1102	1128	1157	1174	1301	1261	928	900	840	807	891	806	725	462	424	357	364	373	382	504	449	392	703	655	605	562	330	323	300	316	338	362	819	852	822	820	819	4	0	9999	269	240	211	192	175	161	147	132	123	110	0	4	140	154	168	182	200	224	254	284	310	341	820	822	866	833	792	756	671	710	279	287	297	307	359	386	465	528	424	462	838	917	1261	1301	1120	1087	1121	1090	1048	1025	982	789	769	750	735	556	563	621	632	579	586	626	1013	1039	1067	1098	1449	2067	2100	2125	2150	2174	1969	1958	1945	1930	1913	1898	1886	1875	1862	1851	1489	1539	1603	1658	1819	1832	1844	1857	1869	1882	1893	1906	1924	1939	
844	785	896	909	924	937	1858	1816	1969	1996	2029	2051	2249	2218	1829	1788	1708	1661	1703	1616	1526	941	888	526	510	492	483	608	516	456	369	360	348	343	469	478	873	915	952	984	1696	1740	1789	1785	1783	281	275	269	9999	0	4	9	15	21	27	33	39	44	263	261	819	859	896	931	960	986	1018	1049	1083	1118	1779	1778	1639	1587	1511	1470	1359	1384	363	342	318	301	264	302	403	456	684	741	1460	1526	2140	2161	1881	1841	1855	1812	1759	1721	1616	1176	1144	1103	1067	595	577	619	602	544	534	516	545	550	559	571	1523	2486	2505	2526	2553	2577	2285	2267	2251	2231	2212	2193	2177	2160	2143	2125	1582	1633	1684	1728	1582	1573	1567	1559	1555	1551	1546	1542	1540	1539	
834	775	883	896	912	924	1820	1780	1942	1969	2004	2029	2217	2195	1788	1748	1661	1613	1657	1566	1483	921	868	510	500	483	474	594	507	450	373	367	357	347	459	469	840	886	928	965	1649	1696	1744	1743	1739	250	243	240	0	9999	0	4	9	15	21	27	33	39	236	233	778	819	859	896	931	960	986	1018	1049	1083	1736	1734	1587	1527	1470	1430	1332	1346	342	323	301	286	252	292	395	450	654	713	1423	1483	2112	2135	1841	1799	1812	1773	1721	1683	1566	1155	1120	1084	1048	577	561	602	585	534	524	507	548	556	567	579	1504	2462	2484	2502	2525	2548	2267	2251	2231	2212	2193	2177	2160	2143	2125	2110	1557	1614	1665	1713	1573	1567	1559	1555	1551	1546	1542	1540	1539	1540	
824	763	874	883	899	912	1786	1746	1903	1942	1975	2004	2194	2167	1748	1708	1613	1560	1612	1511	1447	900	840	500	492	474	464	582	499	443	382	372	364	353	451	459	807	856	900	940	1597	1649	1698	1694	1691	222	215	211	4	0	9999	0	4	9	15	21	27	33	208	204	737	778	819	859	896	931	960	986	1018	1049	1689	1687	1527	1479	1430	1392	1304	1322	323	304	286	268	238	279	388	443	623	685	1388	1447	2079	2107	1799	1759	1773	1737	1683	1632	1511	1133	1087	1062	1025	561	544	585	573	524	513	499	553	563	576	586	1487	2434	2458	2481	2499	2523	2251	2231	2212	2193	2177	2160	2143	2125	2110	2092	1533	1591	1645	1695	1567	1559	1555	1551	1546	1542	1540	1539	1540	1542	
811	753	864	874	887	899	1749	1710	1871	1903	1949	1975	2167	2141	1708	1661	1560	1508	1563	1473	1409	880	814	492	483	464	458	575	496	438	387	378	369	360	442	451	777	827	873	915	1541	1597	1644	1640	1638	198	193	192	9	4	0	9999	0	4	9	15	21	27	188	185	695	737	778	819	859	896	931	960	986	1018	1634	1632	1479	1441	1392	1354	1271	1290	304	290	268	253	226	266	384	438	596	657	1352	1409	2043	2071	1759	1721	1737	1698	1632	1586	1473	1103	1067	1034	1007	544	534	573	558	513	506	496	559	571	581	599	1471	2412	2432	2455	2479	2497	2231	2212	2193	2177	2160	2143	2125	2110	2092	2067	1512	1571	1626	1680	1559	1555	1551	1546	1542	1540	1539	1540	1542	1546	
802	745	851	864	877	887	1717	1669	1834	1871	1913	1949	2142	2115	1661	1613	1508	1467	1510	1439	1371	857	794	483	474	458	452	565	491	433	393	385	373	367	435	442	747	796	840	886	1498	1541	1589	1585	1579	181	177	175	15	9	4	0	9999	0	4	9	15	21	173	170	655	695	737	778	819	859	896	931	960	986	1577	1575	1441	1400	1354	1329	1240	1257	290	274	253	239	214	257	376	433	570	627	1328	1371	2020	2040	1721	1683	1698	1651	1586	1529	1439	1084	1048	1016	985	534	524	558	547	506	497	491	567	579	593	611	1457	2393	2410	2430	2453	2477	2212	2193	2177	2160	2143	2125	2110	2092	2067	2046	1500	1551	1607	1659	1555	1551	1546	1542	1540	1539	1540	1542	1546	1551	
798	736	841	851	867	877	1679	1624	1798	1834	1881	1913	2118	2084	1613	1560	1467	1431	1474	1402	1340	836	767	474	464	452	445	557	486	428	402	390	382	372	429	435	716	762	807	856	1458	1498	1527	1522	1517	166	162	161	21	15	9	4	0	9999	0	4	9	15	159	157	613	655	695	737	778	819	859	896	931	960	1514	1512	1400	1363	1329	1297	1217	1234	274	258	239	225	205	245	371	428	547	601	1298	1340	1987	2014	1683	1632	1651	1604	1529	1488	1402	1062	1025	999	972	524	513	547	535	497	495	486	576	586	603	622	1445	2377	2391	2408	2429	2452	2193	2177	2160	2143	2125	2110	2092	2067	2046	2034	1483	1529	1590	1642	1551	1546	1542	1540	1539	1540	1542	1546	1551	1555	
792	729	834	841	853	867	1635	1580	1762	1798	1845	1881	2088	2048	1560	1508	1431	1396	1442	1368	1318	809	743	464	458	445	439	549	480	423	409	399	387	378	419	429	685	732	777	827	1420	1458	1477	1473	1472	153	148	147	27	21	15	9	4	0	9999	0	4	9	144	142	575	613	655	695	737	778	819	859	896	931	1469	1466	1363	1333	1297	1263	1191	1209	258	242	225	212	199	237	367	423	530	578	1266	1318	1959	1980	1632	1586	1604	1554	1488	1451	1368	1034	1007	981	950	513	506	535	531	495	489	480	581	599	617	635	1428	2357	2376	2390	2407	2428	2177	2160	2143	2125	2110	2092	2067	2046	2034	2022	1468	1510	1570	1626	1546	1542	1540	1539	1540	1542	1546	1551	1555	1559	
784	724	826	834	846	853	1591	1530	1730	1762	1806	1845	2050	2026	1508	1467	1396	1360	1406	1339	1289	793	722	458	452	439	434	545	476	418	420	405	393	385	412	419	654	698	747	796	1385	1420	1435	1431	1429	139	135	132	33	27	21	15	9	4	0	9999	0	4	131	129	539	575	613	655	695	737	778	819	859	896	1427	1426	1333	1305	1263	1238	1163	1183	242	228	212	202	194	231	361	418	511	555	1239	1289	1921	1954	1586	1529	1554	1505	1451	1412	1339	1016	985	960	934	506	497	531	521	489	482	476	593	611	629	653	1414	2342	2356	2375	2389	2407	2160	2143	2125	2110	2092	2067	2046	2034	2022	2005	1457	1501	1553	1611	1542	1540	1539	1540	1542	1546	1551	1555	1559	1567	
779	719	816	826	837	846	1543	1494	1694	1730	1770	1806	2027	1995	1467	1431	1360	1334	1372	1315	1258	771	697	452	445	434	430	541	475	413	431	414	402	390	406	412	623	669	716	762	1351	1385	1394	1391	1390	127	124	123	39	33	27	21	15	9	4	0	9999	0	120	118	514	539	575	613	655	695	737	778	819	859	1388	1386	1305	1272	1238	1212	1138	1158	228	216	202	196	191	223	356	413	497	536	1216	1258	1881	1914	1529	1488	1505	1465	1412	1379	1315	999	972	943	913	497	495	521	517	482	477	475	603	622	644	670	1403	2329	2341	2355	2375	2390	2143	2125	2110	2092	2067	2046	2034	2022	2005	1985	1446	1486	1534	1593	1540	1539	1540	1542	1546	1551	1555	1559	1567	1573	
776	714	808	816	828	837	1503	1459	1653	1694	1741	1770	1998	1968	1431	1396	1334	1308	1342	1289	1237	749	676	445	439	430	426	537	470	411	440	427	409	399	402	406	595	636	685	732	1326	1351	1355	1353	1349	116	111	110	44	39	33	27	21	15	9	4	0	9999	108	106	494	514	539	575	613	655	695	737	778	819	1345	1344	1272	1241	1212	1186	1099	1126	216	203	196	192	186	217	349	411	488	522	1193	1237	1838	1877	1488	1451	1465	1432	1379	1348	1289	981	950	922	893	495	489	517	509	477	474	470	617	635	661	689	1393	2315	2328	2341	2356	2376	2125	2110	2092	2067	2046	2034	2022	2005	1985	1971	1434	1473	1519	1579	1539	1540	1542	1546	1551	1555	1559	1567	1573	1582	
746	688	735	725	715	706	1053	1017	1134	1152	1177	1197	1320	1279	946	921	868	837	917	838	752	484	444	379	384	391	398	528	465	410	730	678	630	584	362	352	325	345	366	380	845	875	825	822	820	9	4	0	263	236	208	188	173	159	144	131	120	108	9999	0	138	151	165	180	197	221	251	282	308	339	819	820	843	807	766	734	642	683	250	259	271	283	328	368	449	504	404	444	806	891	1245	1279	1088	1066	1087	1068	1023	1004	963	751	730	709	694	529	533	583	591	542	552	587	990	1016	1045	1075	1403	2040	2067	2100	2125	2150	1937	1920	1901	1887	1874	1859	1846	1831	1817	1804	1449	1489	1539	1603	1774	1789	1798	1810	1824	1837	1853	1867	1883	1894	
785	726	774	764	754	748	1080	1040	1159	1174	1202	1219	1336	1301	964	941	888	861	940	865	779	502	462	397	400	408	416	554	487	431	754	705	660	612	381	374	354	369	383	394	871	897	829	825	822	15	9	4	261	233	204	185	170	157	142	129	118	106	0	9999	137	149	163	178	195	218	246	278	305	335	820	819	823	788	744	707	618	659	222	230	242	253	302	345	431	487	386	424	779	865	1231	1261	1069	1047	1066	1046	1003	982	940	712	691	671	651	503	508	548	556	519	527	554	968	993	1020	1051	1365	2017	2040	2067	2100	2125	1894	1880	1864	1848	1831	1815	1800	1788	1772	1760	1403	1449	1489	1539	1733	1746	1754	1766	1781	1795	1807	1823	1839	1856	
1122	1080	1076	1062	1035	1021	844	785	896	909	924	937	941	888	526	510	492	483	608	516	456	632	560	647	674	731	758	974	903	823	1307	1262	1227	1189	670	639	369	360	348	343	469	478	281	275	269	146	141	140	819	778	737	695	655	613	575	539	514	494	138	137	9999	0	4	9	15	21	27	33	39	44	263	261	363	342	318	301	264	302	453	467	490	503	582	618	737	823	417	454	403	456	684	741	595	577	619	602	544	534	516	545	550	559	571	733	756	817	842	806	835	903	1350	1396	1449	1502	1422	1523	1582	1633	1684	1728	1582	1573	1567	1559	1555	1551	1546	1542	1540	1539	1462	1507	1562	1619	1971	1985	2005	2022	2034	2046	2067	2092	2110	2125	
