NAME: pr152Preorder
TYPE: ATSP
DIMENSION: 152
EDGE_WEIGHT_TYPE: EXPLICIT
EDGE_WEIGHT_FORMAT: FULL_MATRIX 
EDGE_WEIGHT_SECTION
9999	93	297	446	625	833	1405	1859	2026	1649	1012	709	514	385	174	44	2022	1987	1644	1540	1569	1006	953	706	680	671	513	498	388	362	352	180	164	59	42	45	129	457	852	1879	2248	2123	1736	1572	1078	984	843	836	867	898	905	1021	1054	1142	1612	1653	1762	2145	2163	2258	2245	2209	2184	2171	1753	1724	1699	1680	1145	1129	1106	1092	923	940	942	937	1144	1186	1375	1590	1855	2064	2282	2437	2458	2404	2173	2016	1757	1577	1376	1272	1427	1413	1430	1507	1638	1639	1674	1843	2027	2034	2069	2213	2401	2408	2426	2460	2459	2457	2212	2179	1864	1829	1556	1555	2978	2940	2835	2788	2682	2643	2587	2581	2619	2644	2659	2648	2676	2701	2729	2721	2811	2825	2855	2854	2951	2961	2985	2986	2981	2974	2968	2853	2848	2842	2730	2723	2717	2672	2673	2671	
93	9999	133	297	480	625	909	1405	1652	1101	711	540	386	203	46	48	1644	1577	1098	999	1028	706	682	539	520	512	388	366	210	183	175	59	60	63	80	73	56	325	641	1443	2048	1921	1455	1232	936	872	841	868	904	946	913	914	950	993	1301	1356	1500	1957	1982	2070	2053	2030	2006	1992	1494	1463	1424	1399	996	995	990	981	939	964	959	967	1186	1144	1209	1375	1634	1855	2093	2282	2406	2209	2017	1809	1577	1407	1271	1275	1456	1437	1436	1430	1509	1504	1538	1674	1841	1849	1893	2069	2210	2221	2261	2426	2422	2396	2075	2036	1701	1679	1496	1521	2911	2870	2761	2716	2626	2599	2585	2598	2631	2658	2665	2649	2637	2664	2689	2678	2743	2767	2796	2792	2883	2894	2928	2929	2923	2914	2910	2793	2786	2780	2693	2691	2687	2683	2680	2683	
297	133	9999	93	297	446	625	833	1012	709	514	385	174	44	66	214	1006	953	706	671	680	513	498	388	362	352	180	164	59	45	42	77	115	227	270	254	153	129	457	852	1736	1572	1078	984	843	836	925	1005	1036	1072	1007	867	898	905	1021	1054	1142	1612	1653	1762	1753	1724	1699	1680	1145	1129	1106	1092	923	942	940	937	1033	1097	1077	1108	1375	1209	1144	1186	1375	1590	1855	2064	2173	2016	1757	1577	1376	1272	1293	1414	1576	1561	1546	1450	1427	1413	1430	1507	1638	1639	1674	1843	2027	2034	2069	2213	2212	2179	1864	1829	1556	1555	1530	1567	2835	2788	2682	2643	2587	2581	2624	2655	2684	2705	2699	2686	2619	2644	2659	2648	2676	2701	2729	2721	2811	2825	2855	2854	2853	2848	2842	2730	2723	2717	2673	2672	2671	2720	2712	2722	
446	297	93	9999	133	297	480	625	711	540	386	203	46	48	213	394	706	682	539	512	520	388	366	210	183	175	59	60	63	73	80	227	258	399	428	421	317	56	325	641	1455	1232	936	872	841	868	1069	1219	1264	1313	1183	904	946	913	914	950	993	1301	1356	1500	1494	1463	1424	1399	996	995	990	981	939	959	964	967	1222	1345	1301	1358	1590	1375	1186	1144	1209	1375	1634	1855	2017	1809	1577	1407	1271	1275	1412	1585	1723	1706	1690	1546	1456	1437	1436	1430	1509	1504	1538	1674	1841	1849	1893	2069	2075	2036	1701	1679	1496	1521	1618	1675	2761	2716	2626	2599	2585	2598	2677	2713	2737	2756	2744	2731	2631	2658	2665	2649	2637	2664	2689	2678	2743	2767	2796	2792	2793	2786	2780	2693	2691	2687	2680	2683	2683	2772	2766	2775	
625	480	297	133	9999	93	297	446	514	385	174	44	66	214	419	546	513	498	388	352	362	180	164	59	45	42	77	115	227	254	270	423	443	554	589	573	488	153	129	457	1078	984	843	836	925	1005	1434	1621	1652	1676	1552	1036	1072	1007	867	898	905	1021	1054	1142	1145	1129	1106	1092	923	942	940	937	1033	1077	1097	1108	1593	1690	1654	1702	1855	1634	1375	1209	1144	1186	1375	1590	1757	1577	1376	1272	1293	1414	1623	1819	1968	1948	1917	1718	1576	1561	1546	1450	1427	1413	1430	1507	1638	1639	1674	1843	1864	1829	1556	1555	1530	1567	1788	1858	2682	2643	2587	2581	2624	2655	2757	2801	2819	2836	2817	2804	2684	2705	2699	2686	2619	2644	2659	2648	2676	2701	2729	2721	2730	2723	2717	2673	2672	2671	2712	2720	2722	2845	2837	2850	
833	625	446	297	93	9999	133	297	386	203	46	48	213	394	543	717	388	366	210	175	183	59	60	63	73	80	227	258	399	421	428	554	575	725	783	760	630	317	56	325	936	872	841	868	1069	1219	1721	1905	1933	1954	1813	1264	1313	1183	904	946	913	914	950	993	996	995	990	981	939	959	964	967	1222	1301	1345	1358	1854	1959	1925	1973	2064	1855	1590	1375	1186	1144	1209	1375	1577	1407	1271	1275	1412	1585	1815	2023	2113	2099	2079	1917	1723	1706	1690	1546	1456	1437	1436	1430	1509	1504	1538	1674	1701	1679	1496	1521	1618	1675	1984	2030	2626	2599	2585	2598	2677	2713	2828	2867	2879	2886	2874	2863	2737	2756	2744	2731	2631	2658	2665	2649	2637	2664	2689	2678	2693	2691	2687	2680	2683	2683	2766	2772	2775	2893	2885	2898	
1405	909	625	480	297	133	9999	93	174	44	66	214	419	546	764	1124	180	164	59	42	45	77	115	227	254	270	423	443	554	573	589	776	821	1139	1273	1230	915	488	153	129	843	836	925	1005	1434	1621	2038	2157	2167	2175	2094	1652	1676	1552	1036	1072	1007	867	898	905	923	942	940	937	1033	1077	1097	1108	1593	1654	1690	1702	2119	2178	2155	2188	2282	2093	1855	1634	1375	1209	1144	1186	1376	1272	1293	1414	1623	1819	2060	2220	2332	2316	2283	2110	1968	1948	1917	1718	1576	1561	1546	1450	1427	1413	1430	1507	1556	1555	1530	1567	1788	1858	2156	2200	2587	2581	2624	2655	2757	2801	2905	2949	2958	2965	2950	2942	2819	2836	2817	2804	2684	2705	2699	2686	2619	2644	2659	2648	2673	2672	2671	2712	2720	2722	2837	2845	2850	2971	2963	2975	
1859	1405	833	625	446	297	93	9999	46	48	213	394	543	717	1120	1670	59	60	63	80	73	227	258	399	421	428	554	575	725	760	783	1139	1229	1684	1772	1740	1410	630	317	56	841	868	1069	1219	1721	1905	2236	2378	2388	2392	2301	1933	1954	1813	1264	1313	1183	904	946	913	939	959	964	967	1222	1301	1345	1358	1854	1925	1959	1973	2329	2393	2371	2402	2437	2282	2064	1855	1590	1375	1186	1144	1271	1275	1412	1585	1815	2023	2217	2410	2448	2442	2432	2283	2113	2099	2079	1917	1723	1706	1690	1546	1456	1437	1436	1430	1496	1521	1618	1675	1984	2030	2342	2391	2585	2598	2677	2713	2828	2867	2972	2997	3001	3005	2996	2992	2879	2886	2874	2863	2737	2756	2744	2731	2631	2658	2665	2649	2680	2683	2683	2766	2772	2775	2885	2893	2898	3007	3004	3009	
2026	1652	1012	711	514	386	174	46	9999	97	297	447	625	837	1405	1862	19	33	109	145	132	308	344	451	475	491	633	664	847	899	936	1426	1518	1873	1975	1952	1645	707	387	55	806	840	1090	1272	1794	1983	2319	2424	2427	2431	2372	1994	2005	1889	1321	1361	1208	869	895	858	882	912	926	933	1249	1343	1384	1404	1936	1986	2009	2020	2390	2430	2418	2436	2454	2346	2104	1909	1609	1360	1126	1046	1144	1188	1375	1592	1855	2066	2282	2439	2456	2455	2451	2337	2147	2130	2109	1951	1732	1710	1692	1512	1366	1346	1337	1278	1369	1402	1595	1660	2004	2054	2385	2421	2534	2551	2652	2702	2828	2873	2980	3003	3006	3010	3000	2994	2881	2891	2875	2864	2723	2739	2727	2709	2578	2609	2610	2593	2629	2632	2634	2746	2754	2759	2890	2897	2901	3011	3008	3012	
1649	1101	709	540	385	203	44	48	97	9999	130	297	479	625	907	1405	98	79	17	28	24	140	166	306	341	357	487	508	632	663	676	921	985	1421	1552	1519	1096	538	205	62	777	786	908	1008	1499	1695	2099	2215	2232	2243	2149	1709	1727	1602	1039	1071	994	816	837	826	842	856	858	858	1024	1066	1094	1106	1646	1706	1737	1751	2169	2244	2207	2259	2344	2135	1906	1665	1358	1155	1045	1048	1185	1144	1207	1375	1630	1855	2091	2282	2379	2363	2334	2139	1989	1977	1949	1722	1555	1535	1509	1356	1290	1265	1276	1329	1397	1406	1457	1514	1798	1875	2187	2254	2521	2525	2574	2623	2747	2797	2912	2957	2964	2973	2954	2945	2814	2828	2810	2795	2652	2674	2666	2645	2553	2576	2591	2571	2604	2606	2605	2688	2695	2696	2830	2839	2844	2979	2969	2980	
1012	711	514	386	174	46	66	213	297	130	9999	97	297	447	625	837	293	272	132	88	106	19	33	109	132	145	308	344	451	475	491	633	664	847	936	899	707	387	55	225	818	794	806	840	1090	1272	1794	1983	1994	2005	1889	1321	1361	1208	869	895	858	818	844	864	875	879	873	866	882	912	926	933	1249	1343	1384	1404	1936	2009	1986	2020	2104	1909	1609	1360	1126	1046	1060	1165	1375	1210	1144	1188	1375	1592	1855	2066	2147	2130	2109	1951	1732	1710	1692	1512	1366	1346	1337	1278	1335	1322	1354	1500	1543	1527	1369	1402	1595	1660	2004	2054	2545	2526	2534	2551	2652	2702	2828	2873	2881	2891	2875	2864	2723	2739	2727	2709	2578	2609	2610	2593	2555	2580	2605	2595	2615	2612	2611	2629	2632	2634	2746	2754	2759	2897	2890	2901	
709	540	385	203	44	48	214	394	447	297	97	9999	130	297	479	625	445	431	295	252	266	98	79	17	24	28	140	166	306	341	357	487	508	632	676	663	538	205	62	397	924	848	777	786	908	1008	1499	1695	1709	1727	1602	1039	1071	994	816	837	826	883	918	977	983	972	954	949	842	856	858	858	1024	1066	1094	1106	1646	1737	1706	1751	1906	1665	1358	1155	1045	1048	1164	1370	1590	1375	1185	1144	1207	1375	1630	1855	1989	1977	1949	1722	1555	1535	1509	1356	1290	1265	1276	1329	1467	1466	1500	1679	1700	1671	1397	1406	1457	1514	1798	1875	2583	2553	2521	2525	2574	2623	2747	2797	2814	2828	2810	2795	2652	2674	2666	2645	2553	2576	2591	2571	2587	2616	2648	2639	2653	2644	2640	2604	2606	2605	2688	2695	2696	2839	2830	2844	
514	386	174	46	66	213	419	543	625	479	297	130	9999	97	297	447	618	593	474	441	450	293	272	132	106	88	19	33	109	132	145	308	344	451	491	475	387	55	225	551	1176	1026	818	794	806	840	1090	1272	1321	1361	1208	869	895	858	818	844	864	1066	1111	1227	1221	1198	1167	1146	875	879	873	866	882	912	926	933	1249	1384	1343	1404	1609	1360	1126	1046	1060	1165	1429	1672	1855	1633	1375	1210	1144	1188	1375	1592	1732	1710	1692	1512	1366	1346	1337	1278	1335	1322	1354	1500	1678	1685	1714	1937	1946	1894	1543	1527	1369	1402	1595	1660	2675	2628	2545	2526	2534	2551	2652	2702	2723	2739	2727	2709	2578	2609	2610	2593	2555	2580	2605	2595	2661	2690	2718	2711	2714	2710	2707	2615	2612	2611	2629	2632	2634	2754	2746	2759	
385	203	44	48	214	394	546	717	837	625	447	297	97	9999	130	297	827	797	620	576	590	445	431	295	266	252	98	79	17	24	28	140	166	306	357	341	205	62	397	724	1536	1306	924	848	777	786	908	1008	1039	1071	994	816	837	826	883	918	977	1371	1425	1571	1563	1529	1489	1461	983	972	954	949	842	856	858	858	1024	1094	1066	1106	1358	1155	1045	1048	1164	1370	1673	1923	2065	1855	1590	1375	1185	1144	1207	1375	1555	1535	1509	1356	1290	1265	1276	1329	1467	1466	1500	1679	1876	1887	1938	2101	2103	2076	1700	1671	1397	1406	1457	1514	2753	2708	2583	2553	2521	2525	2574	2623	2652	2674	2666	2645	2553	2576	2591	2571	2587	2616	2648	2639	2732	2751	2787	2785	2782	2777	2771	2653	2644	2640	2604	2606	2605	2695	2688	2696	
174	46	66	213	419	543	764	1120	1405	907	625	479	297	130	9999	97	1391	1297	898	824	845	618	593	474	450	441	293	272	132	106	88	19	33	109	145	132	55	225	551	1137	1893	1708	1176	1026	818	794	806	840	869	895	858	818	844	864	1066	1111	1227	1741	1776	1920	1902	1861	1824	1800	1221	1198	1167	1146	875	879	873	866	882	926	912	933	1126	1046	1060	1165	1429	1672	1974	2143	2282	2092	1855	1633	1375	1210	1144	1188	1366	1346	1337	1278	1335	1322	1354	1500	1678	1685	1714	1937	2098	2107	2133	2325	2320	2274	1946	1894	1543	1527	1369	1402	2852	2805	2675	2628	2545	2526	2534	2551	2578	2609	2610	2593	2555	2580	2605	2595	2661	2690	2718	2711	2823	2843	2869	2868	2865	2856	2853	2714	2710	2707	2615	2612	2611	2632	2629	2634	
44	48	214	394	546	717	1124	1670	1862	1405	837	625	447	297	97	9999	1853	1783	1394	1238	1286	827	797	620	590	576	445	431	295	266	252	98	79	17	28	24	62	397	724	1682	2117	1998	1536	1306	924	848	777	786	816	837	826	883	918	977	1371	1425	1571	2018	2037	2124	2115	2087	2072	2050	1563	1529	1489	1461	983	972	954	949	842	858	856	858	1045	1048	1164	1370	1673	1923	2145	2353	2438	2282	2065	1855	1590	1375	1185	1144	1290	1265	1276	1329	1467	1466	1500	1679	1876	1887	1938	2101	2277	2285	2326	2447	2445	2429	2103	2076	1700	1671	1397	1406	2919	2877	2753	2708	2583	2553	2521	2525	2553	2576	2591	2571	2587	2616	2648	2639	2732	2751	2787	2785	2889	2903	2936	2938	2931	2920	2915	2782	2777	2771	2653	2644	2640	2606	2604	2605	
2022	1644	1006	706	513	388	180	59	19	98	293	445	618	827	1391	1853	9999	14	93	135	123	297	333	446	471	484	625	655	833	888	919	1405	1495	1859	1967	1938	1626	699	377	36	743	776	1000	1161	1720	1924	2270	2403	2409	2413	2330	1943	1958	1810	1195	1224	1094	808	823	798	814	828	840	846	1135	1205	1244	1261	1850	1926	1962	1976	2358	2412	2394	2419	2443	2293	2052	1820	1508	1214	1018	958	1031	1064	1220	1484	1760	2009	2222	2417	2453	2446	2437	2282	2100	2082	2064	1855	1643	1614	1590	1375	1212	1195	1186	1144	1213	1245	1483	1553	1944	2000	2342	2395	2476	2484	2570	2635	2781	2838	2956	2991	2993	2998	2988	2982	2852	2858	2844	2827	2663	2685	2667	2644	2511	2540	2540	2523	2552	2557	2558	2692	2700	2704	2857	2866	2872	2999	2995	3002	
1987	1577	953	682	498	366	164	60	33	79	272	431	593	797	1297	1783	14	9999	75	116	101	271	297	432	448	458	595	625	800	838	859	1307	1405	1790	1899	1866	1559	677	358	23	705	739	928	1057	1640	1831	2202	2362	2370	2376	2271	1849	1867	1725	1093	1120	1013	757	778	752	766	792	803	804	1043	1102	1138	1159	1759	1832	1871	1892	2300	2375	2348	2386	2425	2229	2001	1735	1398	1119	957	900	989	1004	1131	1368	1694	1956	2168	2383	2435	2428	2414	2213	2047	2032	2007	1765	1560	1535	1498	1253	1131	1115	1109	1079	1144	1173	1375	1460	1855	1945	2282	2350	2463	2465	2528	2575	2741	2803	2933	2976	2983	2987	2967	2959	2818	2833	2808	2791	2610	2633	2613	2593	2478	2492	2493	2482	2512	2516	2517	2641	2654	2657	2829	2841	2846	2989	2984	2990	
1644	1098	706	539	388	210	59	63	109	17	132	295	474	620	898	1394	93	75	9999	18	8	133	157	297	335	348	480	500	625	659	673	909	969	1405	1542	1501	1080	533	195	51	721	729	829	929	1386	1605	2059	2177	2185	2193	2112	1631	1658	1516	955	986	906	749	772	764	778	797	799	799	944	983	1001	1008	1562	1624	1667	1683	2131	2193	2169	2205	2293	2090	1820	1568	1214	1040	958	962	1070	1032	1084	1223	1537	1763	2040	2225	2336	2318	2282	2093	1926	1892	1855	1634	1434	1400	1375	1209	1152	1136	1144	1186	1243	1249	1305	1376	1711	1781	2141	2193	2470	2472	2509	2550	2694	2748	2880	2930	2941	2948	2927	2913	2770	2781	2763	2745	2571	2600	2590	2565	2485	2510	2522	2507	2537	2539	2538	2614	2626	2627	2783	2794	2799	2953	2944	2955	
1540	999	671	512	352	175	42	80	145	28	88	252	441	576	824	1238	135	116	18	9999	1	86	119	253	281	297	444	466	578	607	625	825	878	1247	1405	1359	989	508	163	71	722	723	810	881	1277	1531	2007	2128	2137	2149	2067	1557	1578	1425	911	947	869	745	763	761	775	788	791	789	894	946	959	965	1478	1551	1591	1603	2083	2150	2124	2162	2234	2045	1749	1498	1163	1014	951	966	1087	1031	1056	1178	1469	1707	2002	2174	2282	2259	2224	2051	1855	1829	1789	1581	1375	1348	1317	1181	1144	1132	1141	1206	1256	1257	1264	1336	1668	1729	2106	2154	2469	2470	2494	2532	2668	2727	2860	2908	2919	2932	2906	2892	2745	2764	2738	2725	2557	2579	2567	2554	2483	2506	2519	2505	2531	2533	2529	2596	2603	2607	2765	2776	2779	2935	2926	2941	
1569	1028	680	520	362	183	45	73	132	24	106	266	450	590	845	1286	123	101	8	1	9999	107	131	269	297	318	452	477	592	625	643	851	902	1299	1454	1405	1011	514	173	65	725	729	820	897	1320	1564	2024	2148	2159	2164	2080	1586	1606	1461	937	960	885	750	774	770	781	798	802	801	916	956	982	991	1510	1579	1615	1635	2105	2165	2140	2176	2257	2073	1779	1532	1185	1030	961	974	1091	1038	1077	1204	1497	1731	2018	2191	2302	2282	2245	2077	1878	1855	1818	1601	1402	1375	1350	1200	1159	1144	1156	1211	1265	1269	1295	1357	1691	1750	2121	2169	2473	2475	2503	2546	2681	2736	2871	2918	2929	2939	2916	2900	2757	2774	2749	2733	2563	2595	2582	2561	2487	2514	2524	2513	2542	2544	2541	2609	2618	2622	2776	2783	2788	2943	2934	2946	
1006	706	513	388	180	59	77	227	308	140	19	98	293	445	618	827	297	271	133	86	107	9999	14	93	123	135	297	333	446	471	484	625	655	833	919	888	699	377	36	222	758	733	743	776	1000	1161	1720	1924	1943	1958	1810	1195	1224	1094	808	823	798	755	779	806	813	815	809	805	814	828	840	846	1135	1205	1244	1261	1850	1962	1926	1976	2052	1820	1508	1214	1018	958	970	1050	1231	1089	1031	1064	1220	1484	1760	2009	2100	2082	2064	1855	1643	1614	1590	1375	1212	1195	1186	1144	1190	1182	1209	1375	1417	1395	1213	1245	1483	1553	1944	2000	2479	2474	2476	2484	2570	2635	2781	2838	2852	2858	2844	2827	2663	2685	2667	2644	2511	2540	2540	2523	2488	2515	2539	2525	2547	2545	2543	2552	2557	2558	2692	2700	2704	2866	2857	2872	
953	682	498	366	164	60	115	258	344	166	33	79	272	431	593	797	333	297	157	119	131	14	9999	75	101	116	271	297	432	448	458	595	625	800	859	838	677	358	23	247	742	710	705	739	928	1057	1640	1831	1849	1867	1725	1093	1120	1013	757	778	752	735	751	776	782	784	776	773	766	792	803	804	1043	1102	1138	1159	1759	1871	1832	1892	2001	1735	1398	1119	957	900	933	1023	1199	1044	989	1004	1131	1368	1694	1956	2047	2032	2007	1765	1560	1535	1498	1253	1131	1115	1109	1079	1135	1130	1158	1333	1375	1347	1144	1173	1375	1460	1855	1945	2466	2464	2463	2465	2528	2575	2741	2803	2818	2833	2808	2791	2610	2633	2613	2593	2478	2492	2493	2482	2471	2482	2501	2491	2508	2506	2502	2512	2516	2517	2641	2654	2657	2841	2829	2846	
706	539	388	210	59	63	227	399	451	306	109	17	132	295	474	620	446	432	297	253	269	93	75	9999	8	18	133	157	297	335	348	480	500	625	673	659	533	195	51	396	849	789	721	729	829	929	1386	1605	1631	1658	1516	955	986	906	749	772	764	817	840	891	894	886	874	863	778	797	799	799	944	983	1001	1008	1562	1667	1624	1683	1820	1568	1214	1040	958	962	1050	1234	1492	1231	1070	1032	1084	1223	1537	1763	1926	1892	1855	1634	1434	1400	1375	1209	1152	1136	1144	1186	1330	1330	1375	1590	1607	1575	1243	1249	1305	1376	1711	1781	2518	2486	2470	2472	2509	2550	2694	2748	2770	2781	2763	2745	2571	2600	2590	2565	2485	2510	2522	2507	2520	2549	2569	2560	2573	2566	2562	2537	2539	2538	2614	2626	2627	2794	2783	2799	
680	520	362	183	45	73	254	421	475	341	132	24	106	266	450	590	471	448	335	281	297	123	101	8	9999	1	107	131	269	297	318	452	477	592	643	625	514	173	65	417	877	811	725	729	820	897	1320	1564	1586	1606	1461	937	960	885	750	774	770	831	860	927	930	917	895	886	781	798	802	801	916	956	982	991	1510	1615	1579	1635	1779	1532	1185	1030	961	974	1081	1295	1543	1279	1091	1038	1077	1204	1497	1731	1878	1855	1818	1601	1402	1375	1350	1200	1159	1144	1156	1211	1373	1375	1417	1629	1651	1610	1265	1269	1295	1357	1691	1750	2535	2499	2473	2475	2503	2546	2681	2736	2757	2774	2749	2733	2563	2595	2582	2561	2487	2514	2524	2513	2533	2555	2588	2577	2593	2584	2576	2542	2544	2541	2609	2618	2622	2783	2776	2788	
671	512	352	175	42	80	270	428	491	357	145	28	88	252	441	576	484	458	348	297	318	135	116	18	1	9999	86	119	253	281	297	444	466	578	625	607	508	163	71	426	880	812	722	723	810	881	1277	1531	1557	1578	1425	911	947	869	745	763	761	834	862	932	935	920	896	887	775	788	791	789	894	946	959	965	1478	1591	1551	1603	1749	1498	1163	1014	951	966	1082	1302	1549	1286	1087	1031	1056	1178	1469	1707	1855	1829	1789	1581	1375	1348	1317	1181	1144	1132	1141	1206	1375	1377	1421	1636	1657	1613	1256	1257	1264	1336	1668	1729	2530	2497	2469	2470	2494	2532	2668	2727	2745	2764	2738	2725	2557	2579	2567	2554	2483	2506	2519	2505	2527	2552	2586	2573	2589	2578	2572	2531	2533	2529	2596	2603	2607	2776	2765	2779	
513	388	180	59	77	227	423	554	633	487	308	140	19	98	293	445	625	595	480	444	452	297	271	133	107	86	9999	14	93	123	135	297	333	446	484	471	377	36	222	553	1078	952	758	733	743	776	1000	1161	1195	1224	1094	808	823	798	755	779	806	993	1025	1128	1122	1095	1063	1045	813	815	809	805	814	828	840	846	1135	1244	1205	1261	1508	1214	1018	958	970	1050	1300	1590	1775	1547	1231	1089	1031	1064	1220	1484	1643	1614	1590	1375	1212	1195	1186	1144	1190	1182	1209	1375	1587	1594	1634	1855	1861	1812	1417	1395	1213	1245	1483	1553	2608	2556	2479	2474	2476	2484	2570	2635	2663	2685	2667	2644	2511	2540	2540	2523	2488	2515	2539	2525	2590	2620	2662	2656	2660	2650	2642	2547	2545	2543	2552	2557	2558	2700	2692	2704	
498	366	164	60	115	258	443	575	664	508	344	166	33	79	272	431	655	625	500	466	477	333	297	157	131	119	14	9999	75	101	116	271	297	432	458	448	358	23	247	572	1076	946	742	710	705	739	928	1057	1093	1120	1013	757	778	752	735	751	776	980	1009	1118	1113	1083	1049	1035	782	784	776	773	766	792	803	804	1043	1138	1102	1159	1398	1119	957	900	933	1023	1266	1582	1770	1533	1199	1044	989	1004	1131	1368	1560	1535	1498	1253	1131	1115	1109	1079	1135	1130	1158	1333	1570	1574	1616	1847	1855	1799	1375	1347	1144	1173	1375	1460	2581	2536	2466	2464	2463	2465	2528	2575	2610	2633	2613	2593	2478	2492	2493	2482	2471	2482	2501	2491	2559	2592	2638	2630	2635	2625	2617	2508	2506	2502	2512	2516	2517	2654	2641	2657	
388	210	59	63	227	399	554	725	847	632	451	306	109	17	132	295	833	800	625	578	592	446	432	297	269	253	93	75	9999	8	18	133	157	297	348	335	195	51	396	726	1447	1199	849	789	721	729	829	929	955	986	906	749	772	764	817	840	891	1250	1311	1487	1471	1429	1380	1353	894	886	874	863	778	797	799	799	944	1001	983	1008	1214	1040	958	962	1050	1234	1590	1841	2016	1774	1492	1231	1070	1032	1084	1223	1434	1400	1375	1209	1152	1136	1144	1186	1330	1330	1375	1590	1795	1805	1855	2064	2062	2021	1607	1575	1243	1249	1305	1376	2706	2647	2518	2486	2470	2472	2509	2550	2571	2600	2590	2565	2485	2510	2522	2507	2520	2549	2569	2560	2679	2703	2738	2737	2734	2728	2719	2573	2566	2562	2537	2539	2538	2626	2614	2627	
362	183	45	73	254	421	573	760	899	663	475	341	132	24	106	266	888	838	659	607	625	471	448	335	297	281	123	101	8	9999	1	107	131	269	318	297	173	65	417	762	1515	1260	877	811	725	729	820	897	937	960	885	750	774	770	831	860	927	1334	1384	1548	1541	1493	1454	1423	930	917	895	886	781	798	802	801	916	982	956	991	1185	1030	961	974	1081	1295	1638	1898	2046	1827	1543	1279	1091	1038	1077	1204	1402	1375	1350	1200	1159	1144	1156	1211	1373	1375	1417	1629	1842	1855	1904	2086	2085	2050	1651	1610	1265	1269	1295	1357	2724	2669	2535	2499	2473	2475	2503	2546	2563	2595	2582	2561	2487	2514	2524	2513	2533	2555	2588	2577	2697	2715	2758	2755	2750	2740	2734	2593	2584	2576	2542	2544	2541	2618	2609	2622	
352	175	42	80	270	428	589	783	936	676	491	357	145	28	88	252	919	859	673	625	643	484	458	348	318	297	135	116	18	1	9999	86	119	253	297	281	163	71	426	785	1532	1285	880	812	722	723	810	881	911	947	869	745	763	761	834	862	932	1351	1400	1565	1550	1509	1465	1444	935	920	896	887	775	788	791	789	894	959	946	965	1163	1014	951	966	1082	1302	1649	1915	2061	1836	1549	1286	1087	1031	1056	1178	1375	1348	1317	1181	1144	1132	1141	1206	1375	1377	1421	1636	1855	1864	1918	2096	2095	2065	1657	1613	1256	1257	1264	1336	2726	2670	2530	2497	2469	2470	2494	2532	2557	2579	2567	2554	2483	2506	2519	2505	2527	2552	2586	2573	2698	2718	2759	2757	2752	2742	2735	2589	2578	2572	2531	2533	2529	2603	2596	2607	
180	59	77	227	423	554	776	1139	1426	921	633	487	308	140	19	98	1405	1307	909	825	851	625	595	480	452	444	297	271	133	107	86	9999	14	93	135	123	36	222	553	1147	1833	1648	1078	952	758	733	743	776	808	823	798	755	779	806	993	1025	1128	1691	1716	1852	1836	1793	1754	1737	1122	1095	1063	1045	813	815	809	805	814	840	828	846	1018	958	970	1050	1300	1590	1908	2111	2237	2053	1775	1547	1231	1089	1031	1064	1212	1195	1186	1144	1190	1182	1209	1375	1587	1594	1634	1855	2057	2071	2093	2282	2276	2219	1861	1812	1417	1395	1213	1245	2815	2762	2608	2556	2479	2474	2476	2484	2511	2540	2540	2523	2488	2515	2539	2525	2590	2620	2662	2656	2781	2802	2840	2839	2834	2821	2816	2660	2650	2642	2547	2545	2543	2557	2552	2558	
164	60	115	258	443	575	821	1229	1518	985	664	508	344	166	33	79	1495	1405	969	878	902	655	625	500	477	466	333	297	157	131	119	14	9999	75	116	101	23	247	572	1226	1844	1662	1076	946	742	710	705	739	757	778	752	735	751	776	980	1009	1118	1698	1723	1864	1846	1804	1762	1741	1113	1083	1049	1035	782	784	776	773	766	803	792	804	957	900	933	1023	1266	1582	1916	2116	2245	2063	1770	1533	1199	1044	989	1004	1131	1115	1109	1079	1135	1130	1158	1333	1570	1574	1616	1847	2061	2074	2097	2288	2282	2226	1855	1799	1375	1347	1144	1173	2807	2748	2581	2536	2466	2464	2463	2465	2478	2492	2493	2482	2471	2482	2501	2491	2559	2592	2638	2630	2773	2790	2831	2832	2822	2812	2806	2635	2625	2617	2508	2506	2502	2516	2512	2517	
59	63	227	399	554	725	1139	1684	1873	1421	847	632	451	306	109	17	1859	1790	1405	1247	1299	833	800	625	592	578	446	432	297	269	253	93	75	9999	18	8	51	396	726	1688	2084	1961	1447	1199	849	789	721	729	749	772	764	817	840	891	1250	1311	1487	1985	2003	2089	2081	2055	2029	2015	1471	1429	1380	1353	894	886	874	863	778	799	797	799	958	962	1050	1234	1590	1841	2111	2317	2423	2235	2016	1774	1492	1231	1070	1032	1152	1136	1144	1186	1330	1330	1375	1590	1795	1805	1855	2064	2227	2239	2282	2437	2434	2411	2062	2021	1607	1575	1243	1249	2888	2851	2706	2647	2518	2486	2470	2472	2485	2510	2522	2507	2520	2549	2569	2560	2679	2703	2738	2737	2861	2876	2905	2907	2896	2887	2882	2734	2728	2719	2573	2566	2562	2539	2537	2538	
42	80	270	428	589	783	1273	1772	1975	1552	936	676	491	357	145	28	1967	1899	1542	1405	1454	919	859	673	643	625	484	458	348	318	297	135	116	18	9999	1	71	426	785	1777	2129	2008	1532	1285	880	812	722	723	745	763	761	834	862	932	1351	1400	1565	2031	2046	2136	2126	2102	2078	2068	1550	1509	1465	1444	935	920	896	887	775	791	788	789	951	966	1082	1302	1649	1915	2151	2365	2441	2289	2061	1836	1549	1286	1087	1031	1144	1132	1141	1206	1375	1377	1421	1636	1855	1864	1918	2096	2282	2291	2332	2452	2450	2433	2095	2065	1657	1613	1256	1257	2909	2862	2726	2670	2530	2497	2469	2470	2483	2506	2519	2505	2527	2552	2586	2573	2698	2718	2759	2757	2878	2888	2924	2925	2917	2905	2898	2752	2742	2735	2589	2578	2572	2533	2531	2529	
45	73	254	421	573	760	1230	1740	1952	1519	899	663	475	341	132	24	1938	1866	1501	1359	1405	888	838	659	625	607	471	448	335	297	281	123	101	8	1	9999	65	417	762	1745	2122	1999	1515	1260	877	811	725	729	750	774	770	831	860	927	1334	1384	1548	2019	2037	2125	2118	2088	2072	2049	1541	1493	1454	1423	930	917	895	886	781	802	798	801	961	974	1081	1295	1638	1898	2138	2357	2440	2280	2046	1827	1543	1279	1091	1038	1159	1144	1156	1211	1373	1375	1417	1629	1842	1855	1904	2086	2269	2282	2322	2449	2444	2428	2085	2050	1651	1610	1265	1269	2904	2859	2724	2669	2535	2499	2473	2475	2487	2514	2524	2513	2533	2555	2588	2577	2697	2715	2758	2755	2877	2884	2921	2922	2913	2902	2895	2750	2740	2734	2593	2584	2576	2544	2542	2541	
129	56	153	317	488	630	915	1410	1645	1096	707	538	387	205	55	62	1626	1559	1080	989	1011	699	677	533	514	508	377	358	195	173	163	36	23	51	71	65	9999	297	625	1405	1934	1726	1140	987	748	712	693	713	736	749	737	738	754	787	1020	1051	1184	1758	1791	1947	1932	1881	1839	1817	1177	1139	1105	1085	796	795	780	775	746	768	759	771	922	884	938	1041	1344	1642	1978	2161	2303	2103	1834	1583	1235	1055	975	979	1088	1075	1073	1065	1141	1138	1172	1374	1611	1620	1669	1910	2097	2108	2134	2343	2333	2282	1914	1855	1409	1375	1125	1144	2824	2768	2597	2547	2465	2462	2461	2462	2467	2479	2481	2477	2468	2480	2499	2489	2568	2601	2651	2645	2789	2809	2847	2849	2839	2826	2820	2646	2636	2627	2504	2500	2498	2495	2490	2496	
457	325	129	56	153	317	488	630	707	538	387	205	55	62	225	397	699	677	533	508	514	377	358	195	173	163	36	23	51	65	71	222	247	396	426	417	297	9999	297	625	1140	987	748	712	693	713	857	988	1010	1033	948	736	749	737	738	754	787	1020	1051	1184	1177	1139	1105	1085	796	795	780	775	746	759	768	771	976	1045	1025	1062	1278	1045	922	884	938	1041	1344	1642	1834	1583	1235	1055	975	979	1068	1254	1472	1446	1406	1189	1088	1075	1073	1065	1141	1138	1172	1374	1611	1620	1669	1910	1914	1855	1409	1375	1125	1144	1291	1375	2597	2547	2465	2462	2461	2462	2496	2548	2564	2594	2572	2557	2467	2479	2481	2477	2468	2480	2499	2489	2568	2601	2651	2645	2646	2636	2627	2504	2500	2498	2490	2495	2496	2615	2602	2621	
852	641	457	325	129	56	153	317	387	205	55	62	225	397	551	724	377	358	195	163	173	36	23	51	65	71	222	247	396	417	426	553	572	726	785	762	625	297	9999	297	748	712	693	713	857	988	1539	1728	1746	1764	1632	1010	1033	948	736	749	737	738	754	787	796	795	780	775	746	759	768	771	976	1025	1045	1062	1677	1768	1734	1785	1934	1656	1278	1045	922	884	938	1041	1235	1055	975	979	1068	1254	1600	1857	1992	1980	1947	1697	1472	1446	1406	1189	1088	1075	1073	1065	1141	1138	1172	1374	1409	1375	1125	1144	1291	1375	1767	1855	2465	2462	2461	2462	2496	2548	2708	2769	2784	2800	2778	2760	2564	2594	2572	2557	2467	2479	2481	2477	2468	2480	2499	2489	2504	2500	2498	2490	2495	2496	2602	2615	2621	2810	2798	2813	
1879	1443	852	641	457	325	129	56	55	62	225	397	551	724	1137	1682	36	23	51	71	65	222	247	396	417	426	553	572	726	762	785	1147	1226	1688	1777	1745	1405	625	297	9999	693	713	857	988	1539	1728	2146	2287	2299	2307	2192	1746	1764	1632	1010	1033	948	736	749	737	746	759	768	771	976	1025	1045	1062	1677	1734	1768	1785	2216	2305	2275	2322	2384	2166	1934	1656	1278	1045	922	884	975	979	1068	1254	1600	1857	2114	2323	2404	2392	2368	2161	1992	1980	1947	1697	1472	1446	1406	1189	1088	1075	1073	1065	1125	1144	1291	1375	1767	1855	2204	2282	2461	2462	2496	2548	2708	2769	2899	2952	2960	2966	2947	2937	2784	2800	2778	2760	2564	2594	2572	2557	2467	2479	2481	2477	2490	2495	2496	2602	2615	2621	2798	2810	2813	2970	2962	2977	
2248	2048	1736	1455	1078	936	843	841	806	777	818	924	1176	1536	1893	2117	743	705	721	722	725	758	742	849	877	880	1078	1076	1447	1515	1532	1833	1844	2084	2129	2122	1934	1140	748	693	9999	54	297	408	625	740	1405	1705	1696	1690	1476	733	727	649	403	398	329	52	53	16	27	37	49	58	345	371	391	401	665	690	716	730	1526	1664	1600	1693	1689	1151	732	557	410	243	82	81	158	94	189	352	506	656	961	1481	1622	1589	1511	992	704	694	670	515	406	392	370	221	144	138	136	181	185	174	256	300	537	577	1053	1198	1144	1166	1375	1511	1855	1995	2282	2398	2407	2415	2369	2345	2013	2025	1981	1956	1554	1584	1543	1503	1215	1263	1281	1248	1315	1319	1319	1588	1608	1617	2014	2035	2039	2416	2400	2420	
2123	1921	1572	1232	984	872	836	868	840	786	794	848	1026	1306	1708	1998	776	739	729	723	729	733	710	789	811	812	952	946	1199	1260	1285	1648	1662	1961	2008	1999	1726	987	712	713	54	9999	188	297	525	625	1052	1405	1389	1378	1112	615	612	541	290	287	206	6	13	47	38	29	25	22	226	257	277	289	556	579	603	613	1159	1344	1249	1382	1380	893	617	480	310	156	68	152	235	120	126	246	427	550	765	1117	1289	1236	1153	789	601	584	568	439	315	294	273	162	143	142	153	255	248	224	187	223	464	502	835	940	1162	1144	1249	1375	1711	1855	2158	2282	2295	2312	2240	2206	1883	1915	1838	1802	1432	1475	1441	1395	1202	1247	1288	1255	1310	1308	1303	1490	1506	1518	1895	1931	1945	2318	2286	2328	
1736	1455	1078	936	843	841	925	1069	1090	908	806	777	818	924	1176	1536	1000	928	829	810	820	743	705	721	725	722	758	742	849	877	880	1078	1076	1447	1532	1515	1140	748	693	857	297	188	9999	54	297	408	625	740	733	727	649	403	398	329	52	53	16	193	196	276	265	237	211	197	27	37	49	58	345	371	391	401	665	716	690	730	732	557	410	243	82	81	236	402	463	336	158	94	189	352	506	656	704	694	670	515	406	392	370	221	144	138	136	181	313	325	353	468	456	429	185	174	256	300	537	577	1375	1252	1144	1166	1375	1511	1855	1995	2013	2025	1981	1956	1554	1584	1543	1503	1215	1263	1281	1248	1331	1388	1473	1464	1469	1452	1441	1315	1319	1319	1588	1608	1617	2035	2014	2039	
1572	1232	984	872	836	868	1005	1219	1272	1008	840	786	794	848	1026	1306	1161	1057	929	881	897	776	739	729	729	723	733	710	789	811	812	952	946	1199	1285	1260	987	712	713	988	408	297	54	9999	188	297	525	625	615	612	541	290	287	206	6	13	47	304	311	390	375	350	330	314	38	29	25	22	226	257	277	289	556	603	579	613	617	480	310	156	68	152	346	472	539	418	235	120	126	246	427	550	601	584	568	439	315	294	273	162	143	142	153	255	404	412	426	545	529	503	248	224	187	223	464	502	1505	1375	1162	1144	1249	1375	1711	1855	1883	1915	1838	1802	1432	1475	1441	1395	1202	1247	1288	1255	1445	1492	1575	1573	1566	1545	1534	1310	1308	1303	1490	1506	1518	1931	1895	1945	
1078	936	843	841	925	1069	1434	1721	1794	1499	1090	908	806	777	818	924	1720	1640	1386	1277	1320	1000	928	829	820	810	743	705	721	725	722	758	742	849	880	877	748	693	857	1539	625	525	297	188	9999	54	297	408	403	398	329	52	53	16	193	196	276	528	532	602	587	565	542	534	265	237	211	197	27	37	49	58	345	391	371	401	410	243	82	81	236	402	549	720	850	639	463	336	158	94	189	352	406	392	370	221	144	138	136	181	313	325	353	468	598	610	647	854	822	753	456	429	185	174	256	300	1855	1713	1375	1252	1144	1166	1375	1511	1554	1584	1543	1503	1215	1263	1281	1248	1331	1388	1473	1464	1752	1787	1890	1896	1865	1836	1821	1469	1452	1441	1315	1319	1319	1608	1588	1617	
984	872	836	868	1005	1219	1621	1905	1983	1695	1272	1008	840	786	794	848	1924	1831	1605	1531	1564	1161	1057	929	897	881	776	739	729	729	723	733	710	789	812	811	712	713	988	1728	740	625	408	297	54	9999	188	297	290	287	206	6	13	47	304	311	390	631	636	714	697	674	650	637	375	350	330	314	38	29	25	22	226	277	257	289	310	156	68	152	346	472	654	882	1079	747	539	418	235	120	126	246	315	294	273	162	143	142	153	255	404	412	426	545	703	719	754	1090	1034	945	529	503	248	224	187	223	1993	1855	1505	1375	1162	1144	1249	1375	1432	1475	1441	1395	1202	1247	1288	1255	1445	1492	1575	1573	1900	1940	2011	2015	1992	1977	1964	1566	1545	1534	1310	1308	1303	1506	1490	1518	
843	841	925	1069	1434	1721	2038	2236	2319	2099	1794	1499	1090	908	806	777	2270	2202	2059	2007	2024	1720	1640	1386	1320	1277	1000	928	829	820	810	743	705	721	722	725	693	857	1539	2146	1405	1052	625	525	297	188	9999	54	52	53	16	193	196	276	528	532	602	1068	1078	1339	1275	1179	1114	1078	587	565	542	534	265	237	211	197	27	49	37	58	82	81	236	402	549	720	1121	1666	1870	1422	850	639	463	336	158	94	144	138	136	181	313	325	353	468	598	610	647	854	1283	1327	1438	1874	1815	1708	822	753	456	429	185	174	2282	2160	1855	1713	1375	1252	1144	1166	1215	1263	1281	1248	1331	1388	1473	1464	1752	1787	1890	1896	2180	2197	2286	2296	2260	2230	2211	1865	1836	1821	1469	1452	1441	1319	1315	1319	
836	868	1005	1219	1621	1905	2157	2378	2424	2215	1983	1695	1272	1008	840	786	2403	2362	2177	2128	2148	1924	1831	1605	1564	1531	1161	1057	929	897	881	776	739	729	723	729	713	988	1728	2287	1705	1405	740	625	408	297	54	9999	6	13	47	304	311	390	631	636	714	1422	1443	1663	1619	1544	1477	1443	697	674	650	637	375	350	330	314	38	25	29	22	68	152	346	472	654	882	1488	1922	2072	1709	1079	747	539	418	235	120	143	142	153	255	404	412	426	545	703	719	754	1090	1616	1650	1715	2076	2033	1966	1034	945	529	503	248	224	2397	2282	1993	1855	1505	1375	1162	1144	1202	1247	1288	1255	1445	1492	1575	1573	1900	1940	2011	2015	2308	2331	2399	2405	2380	2359	2347	1992	1977	1964	1566	1545	1534	1308	1310	1303	
867	904	1036	1264	1652	1933	2167	2388	2427	2232	1994	1709	1321	1039	869	816	2409	2370	2185	2137	2159	1943	1849	1631	1586	1557	1195	1093	955	937	911	808	757	749	745	750	736	1010	1746	2299	1696	1389	733	615	403	290	52	6	9999	3	39	297	302	383	625	630	706	1405	1418	1647	1604	1531	1460	1417	691	667	646	630	372	347	322	303	32	11	21	9	61	139	334	465	648	865	1463	1902	2056	1699	1060	741	531	414	220	104	125	124	137	239	392	400	420	536	696	708	744	1067	1599	1628	1703	2058	2021	1950	1015	917	522	496	234	202	2381	2253	1972	1811	1453	1304	1104	1092	1144	1192	1218	1203	1375	1433	1528	1525	1855	1891	1987	1990	2282	2304	2382	2389	2360	2335	2321	1969	1942	1927	1515	1491	1475	1237	1239	1233	
898	946	1072	1313	1676	1954	2175	2392	2431	2243	2005	1727	1361	1071	895	837	2413	2376	2193	2149	2164	1958	1867	1658	1606	1578	1224	1120	986	960	947	823	778	772	763	774	749	1033	1764	2307	1690	1378	727	612	398	287	53	13	3	9999	34	291	297	379	616	625	701	1391	1405	1635	1597	1519	1449	1404	686	662	638	624	365	339	315	296	29	5	15	2	50	127	327	460	644	855	1451	1888	2043	1686	1044	731	526	409	204	84	113	112	121	228	381	393	415	530	688	699	738	1049	1583	1611	1691	2044	2012	1935	1003	897	519	493	219	190	2364	2228	1941	1772	1392	1242	1060	1049	1099	1144	1175	1154	1314	1375	1479	1474	1816	1855	1965	1970	2256	2282	2367	2373	2340	2315	2296	1937	1901	1881	1462	1443	1419	1191	1192	1187	
905	913	1007	1183	1552	1813	2094	2301	2372	2149	1889	1602	1208	994	858	826	2330	2271	2112	2067	2080	1810	1725	1516	1461	1425	1094	1013	906	885	869	798	752	764	761	770	737	948	1632	2192	1476	1112	649	541	329	206	16	47	39	34	9999	212	217	297	544	548	625	1123	1134	1405	1353	1236	1169	1133	604	574	559	547	279	249	229	216	4	31	20	35	64	72	240	411	562	741	1173	1704	1911	1473	876	652	469	342	151	70	111	102	105	170	312	326	356	476	608	623	657	881	1338	1379	1482	1913	1851	1738	839	769	461	433	169	154	2267	2144	1814	1677	1276	1170	1047	1058	1110	1155	1169	1144	1225	1284	1383	1375	1712	1743	1845	1855	2165	2183	2273	2282	2242	2207	2196	1822	1786	1771	1375	1352	1339	1197	1194	1196	
1021	914	867	904	1036	1264	1652	1933	1994	1709	1321	1039	869	816	818	883	1943	1849	1631	1557	1586	1195	1093	955	937	911	808	757	749	750	745	755	735	817	834	831	738	736	1010	1746	733	615	403	290	52	6	193	304	297	291	212	9999	3	39	297	302	383	625	630	706	691	667	646	630	372	347	322	303	32	21	11	9	230	280	259	293	309	150	61	139	334	465	648	865	1060	741	531	414	220	104	118	241	305	286	267	149	125	124	137	239	392	400	420	536	696	708	744	1067	1015	917	522	496	234	202	178	207	1972	1811	1453	1304	1104	1092	1201	1315	1375	1420	1379	1339	1144	1192	1218	1203	1375	1433	1528	1525	1855	1891	1987	1990	1969	1942	1927	1515	1491	1475	1239	1237	1233	1458	1439	1468	
1054	950	898	946	1072	1313	1676	1954	2005	1727	1361	1071	895	837	844	918	1958	1867	1658	1578	1606	1224	1120	986	960	947	823	778	772	774	763	779	751	840	862	860	754	749	1033	1764	727	612	398	287	53	13	196	311	302	297	217	3	9999	34	291	297	379	616	625	701	686	662	638	624	365	339	315	296	29	15	5	2	233	284	264	298	307	147	50	127	327	460	644	855	1044	731	526	409	204	84	110	238	299	282	260	141	113	112	121	228	381	393	415	530	688	699	738	1049	1003	897	519	493	219	190	168	198	1941	1772	1392	1242	1060	1049	1160	1259	1324	1375	1326	1282	1099	1144	1175	1154	1314	1375	1479	1474	1816	1855	1965	1970	1937	1901	1881	1462	1443	1419	1192	1191	1187	1411	1387	1421	
1142	993	905	913	1007	1183	1552	1813	1889	1602	1208	994	858	826	864	977	1810	1725	1516	1425	1461	1094	1013	906	885	869	798	752	764	770	761	806	776	891	932	927	787	737	948	1632	649	541	329	206	16	47	276	390	383	379	297	39	34	9999	212	217	297	544	548	625	604	574	559	547	279	249	229	216	4	20	31	35	321	372	354	380	382	209	64	72	240	411	562	741	876	652	469	342	151	70	161	320	373	364	338	184	111	102	105	170	312	326	356	476	608	623	657	881	839	769	461	433	169	154	218	261	1814	1677	1276	1170	1047	1058	1228	1381	1436	1475	1416	1375	1110	1155	1169	1144	1225	1284	1383	1375	1712	1743	1845	1855	1822	1786	1771	1375	1352	1339	1194	1197	1196	1502	1480	1517	
1612	1301	1021	914	867	904	1036	1264	1321	1039	869	816	818	883	1066	1371	1195	1093	955	911	937	808	757	749	750	745	755	735	817	831	834	993	980	1250	1351	1334	1020	738	736	1010	403	290	52	6	193	304	528	631	625	616	544	297	291	212	9999	3	39	297	302	383	372	347	322	303	32	21	11	9	230	259	280	293	560	606	581	619	622	481	309	150	61	139	334	465	531	414	220	104	118	241	425	550	599	583	567	437	305	286	267	149	125	124	137	239	392	400	420	536	522	496	234	202	178	207	462	501	1453	1304	1104	1092	1201	1315	1687	1825	1855	1877	1806	1768	1375	1420	1379	1339	1144	1192	1218	1203	1375	1433	1528	1525	1515	1491	1475	1239	1237	1233	1439	1458	1468	1894	1863	1912	
1653	1356	1054	950	898	946	1072	1313	1361	1071	895	837	844	918	1111	1425	1224	1120	986	947	960	823	778	772	774	763	779	751	840	860	862	1025	1009	1311	1400	1384	1051	754	749	1033	398	287	53	13	196	311	532	636	630	625	548	302	297	217	3	9999	34	291	297	379	365	339	315	296	29	15	5	2	233	264	284	298	564	611	588	626	624	482	307	147	50	127	327	460	526	409	204	84	110	238	424	552	599	582	566	436	299	282	260	141	113	112	121	228	381	393	415	530	519	493	219	190	168	198	459	499	1392	1242	1060	1049	1160	1259	1661	1796	1830	1855	1780	1742	1324	1375	1326	1282	1099	1144	1175	1154	1314	1375	1479	1474	1462	1443	1419	1192	1191	1187	1387	1411	1421	1869	1837	1882	
1762	1500	1142	993	905	913	1007	1183	1208	994	858	826	864	977	1227	1571	1094	1013	906	869	885	798	752	764	770	761	806	776	891	927	932	1128	1118	1487	1565	1548	1184	787	737	948	329	206	16	47	276	390	602	714	706	701	625	383	379	297	39	34	9999	212	217	297	279	249	229	216	4	20	31	35	321	354	372	380	645	692	675	702	700	535	382	209	64	72	240	411	469	342	151	70	161	320	485	629	681	672	644	495	373	364	338	184	111	102	105	170	312	326	356	476	461	433	169	154	218	261	517	555	1276	1170	1047	1058	1228	1381	1755	1928	1954	1971	1891	1855	1436	1475	1416	1375	1110	1155	1169	1144	1225	1284	1383	1375	1375	1352	1339	1194	1197	1196	1480	1502	1517	1979	1955	1988	
