NAME: pr226Preorder
TYPE: ATSP
DIMENSION: 226
EDGE_WEIGHT_TYPE: EXPLICIT
EDGE_WEIGHT_FORMAT: FULL_MATRIX 
EDGE_WEIGHT_SECTION
9999	93	109	126	176	192	207	205	258	281	290	297	304	309	331	358	462	697	877	1634	2418	3004	3070	3135	3341	3401	3470	3441	3681	3801	3810	3816	3824	3920	4027	4100	4414	4831	5147	5838	5925	5169	4949	4434	4129	4139	4201	3835	3476	2457	2120	2129	2138	2147	2159	2172	2191	2205	2221	2235	2253	2272	2294	1876	908	867	508	381	412	506	312	252	92	190	202	219	235	250	264	286	304	320	337	356	370	390	5222	5265	5244	5282	5305	5328	5348	5365	5175	5195	5223	5246	5268	5286	5309	5332	1752	1823	1788	1860	1892	1925	1961	1997	1733	1767	1804	1842	1875	1907	1945	1979	2558	2610	2662	2715	2765	2821	2876	2580	2685	2632	2735	2846	2788	2899	3546	3586	3625	3668	5612	5633	5652	5674	5693	5713	5735	5644	5683	5663	5701	5744	5721	5767	6349	6372	6397	6416	6640	6639	6638	6627	6622	6617	6610	6603	6594	6583	6573	6550	6537	6524	6510	6497	6458	6444	6431	6418	6402	6382	6363	6344	6322	6303	6231	6210	6190	6168	6148	6128	6108	6087	6059	6042	5360	5339	5317	5245	5222	5195	5176	5156	5137	5117	5094	5048	5031	5012	4991	4972	4909	4887	4870	4852	4836	4818	4804	4786	4768	4751	4684	4670	4652	4633	4618	4607	4593	4581	4570	4561	
93	9999	0	3	24	35	48	51	92	114	127	135	149	139	170	194	262	360	547	1111	1938	2418	2477	2537	2702	2756	2817	2790	3004	3104	3110	3115	3123	3205	3305	3363	3656	4147	4574	5452	5579	4608	4304	3679	3386	3396	3453	3129	2823	1966	1700	1710	1718	1729	1741	1752	1773	1784	1800	1813	1829	1847	1861	1463	617	598	285	224	255	314	167	124	160	293	303	313	324	339	351	370	387	404	428	450	478	516	4742	4802	4771	4826	4855	4880	4914	4944	4683	4716	4747	4779	4810	4837	4864	4893	1533	1626	1581	1671	1709	1745	1784	1823	1515	1561	1607	1652	1695	1734	1773	1810	2355	2404	2456	2515	2566	2619	2675	2368	2470	2415	2532	2637	2582	2691	3142	3177	3212	3250	5250	5275	5305	5333	5359	5384	5413	5285	5340	5313	5364	5420	5391	5440	6097	6121	6149	6173	6596	6584	6575	6539	6525	6511	6499	6484	6473	6460	6446	6411	6392	6373	6354	6332	6273	6255	6238	6219	6198	6178	6160	6137	6116	6096	6007	5992	5973	5956	5935	5912	5890	5869	5851	5830	5123	5104	5083	5017	4997	4977	4956	4934	4913	4890	4871	4825	4811	4795	4773	4756	4702	4685	4669	4650	4630	4615	4600	4587	4572	4563	4521	4512	4503	4495	4488	4481	4475	4467	4461	4457	
109	0	9999	0	15	24	35	39	78	99	111	123	134	125	150	178	246	345	512	1069	1899	2370	2418	2477	2648	2702	2756	2732	2942	3039	3043	3048	3055	3135	3238	3298	3588	4065	4514	5419	5539	4542	4233	3608	3325	3335	3388	3064	2763	1924	1658	1669	1681	1691	1703	1714	1734	1745	1761	1774	1792	1806	1822	1411	573	564	272	211	244	305	151	113	171	307	316	325	340	351	361	383	399	424	445	471	506	534	4683	4747	4716	4779	4810	4837	4864	4893	4617	4655	4689	4723	4758	4789	4817	4845	1515	1607	1561	1652	1695	1734	1773	1810	1499	1543	1591	1637	1683	1720	1756	1797	2341	2392	2443	2501	2553	2608	2661	2355	2456	2404	2515	2619	2566	2675	3108	3142	3177	3212	5209	5242	5270	5297	5325	5352	5376	5250	5305	5275	5333	5384	5359	5413	6062	6097	6121	6149	6584	6575	6567	6525	6511	6499	6484	6473	6460	6446	6432	6392	6373	6354	6332	6315	6255	6238	6219	6198	6178	6160	6137	6116	6096	6069	5992	5973	5956	5935	5912	5890	5869	5851	5830	5810	5104	5083	5065	4997	4977	4956	4934	4913	4890	4871	4853	4811	4795	4773	4756	4739	4685	4669	4650	4630	4615	4600	4587	4572	4563	4552	4512	4503	4495	4488	4481	4475	4467	4461	4457	4452	
126	3	0	9999	6	15	24	28	62	81	98	107	122	108	129	166	230	323	470	1025	1862	2321	2370	2418	2590	2648	2702	2678	2876	2971	2978	2984	2990	3070	3168	3233	3520	3990	4444	5374	5487	4481	4162	3544	3255	3269	3327	2999	2710	1887	1611	1623	1633	1646	1662	1675	1695	1709	1722	1738	1753	1770	1786	1363	535	533	256	196	232	296	135	106	180	320	327	343	354	362	376	397	422	441	467	497	528	557	4617	4689	4655	4723	4758	4789	4817	4845	4562	4592	4626	4667	4700	4735	4769	4802	1499	1591	1543	1637	1683	1720	1756	1797	1480	1528	1579	1623	1668	1708	1745	1785	2329	2380	2428	2484	2541	2593	2651	2341	2443	2392	2501	2608	2553	2661	3077	3108	3142	3177	5171	5200	5235	5264	5289	5319	5347	5209	5270	5242	5297	5352	5325	5376	6040	6062	6097	6121	6575	6567	6556	6511	6499	6484	6473	6460	6446	6432	6419	6373	6354	6332	6315	6294	6238	6219	6198	6178	6160	6137	6116	6096	6069	6049	5973	5956	5935	5912	5890	5869	5851	5830	5810	5789	5083	5065	5045	4977	4956	4934	4913	4890	4871	4853	4836	4795	4773	4756	4739	4718	4669	4650	4630	4615	4600	4587	4572	4563	4552	4539	4503	4495	4488	4481	4475	4467	4461	4457	4452	4447	
176	24	15	6	9999	0	3	9	24	42	57	71	83	62	81	116	181	276	384	929	1740	2167	2217	2268	2418	2477	2537	2512	2702	2787	2794	2799	2805	2876	2971	3031	3317	3763	4228	5244	5366	4265	3938	3340	3054	3067	3126	2812	2543	1769	1460	1476	1491	1506	1520	1538	1561	1581	1596	1617	1635	1654	1675	1223	436	450	215	163	198	268	102	94	222	363	374	386	396	416	435	465	489	519	544	574	610	637	4446	4516	4485	4548	4579	4616	4655	4693	4388	4420	4459	4494	4528	4560	4595	4632	1443	1546	1500	1594	1639	1686	1724	1763	1425	1485	1533	1582	1627	1674	1714	1753	2301	2345	2395	2449	2506	2559	2613	2310	2405	2356	2459	2570	2517	2625	2980	3010	3042	3077	5060	5086	5119	5149	5182	5210	5246	5096	5157	5128	5186	5249	5218	5276	5966	5988	6013	6040	6545	6532	6519	6473	6460	6446	6432	6419	6403	6383	6364	6315	6294	6273	6255	6238	6178	6160	6137	6116	6096	6069	6049	6028	6007	5992	5912	5890	5869	5851	5830	5810	5789	5770	5748	5722	5026	5008	4986	4913	4890	4871	4853	4836	4817	4803	4784	4739	4718	4702	4685	4669	4615	4600	4587	4572	4563	4552	4539	4530	4521	4512	4481	4475	4467	4461	4457	4452	4447	4444	4440	4438	
192	35	24	15	0	9999	0	7	15	30	46	60	75	48	70	101	169	259	365	894	1698	2125	2167	2217	2370	2418	2477	2451	2648	2730	2736	2741	2745	2817	2909	2966	3249	3682	4154	5191	5329	4195	3865	3272	2989	3002	3060	2754	2485	1728	1400	1416	1435	1450	1468	1490	1515	1533	1552	1572	1590	1612	1630	1176	408	431	200	146	189	260	95	93	236	379	392	405	423	439	457	493	522	545	572	607	633	664	4388	4459	4420	4494	4528	4560	4595	4632	4322	4357	4397	4431	4473	4508	4540	4575	1425	1533	1485	1582	1627	1674	1714	1753	1410	1467	1519	1569	1617	1663	1705	1744	2290	2333	2387	2437	2494	2549	2606	2301	2395	2345	2449	2559	2506	2613	2953	2980	3010	3042	5023	5052	5082	5113	5143	5174	5204	5060	5119	5086	5149	5210	5182	5246	5943	5966	5988	6013	6532	6519	6505	6460	6446	6432	6419	6403	6383	6364	6344	6294	6273	6255	6238	6219	6160	6137	6116	6096	6069	6049	6028	6007	5992	5973	5890	5869	5851	5830	5810	5789	5770	5748	5722	5704	5008	4986	4967	4890	4871	4853	4836	4817	4803	4784	4766	4718	4702	4685	4669	4650	4600	4587	4572	4563	4552	4539	4530	4521	4512	4503	4475	4467	4461	4457	4452	4447	4444	4440	4438	4436	
207	48	35	24	3	0	9999	7	6	20	37	50	67	35	55	90	154	242	349	871	1653	2077	2125	2167	2321	2370	2418	2398	2590	2674	2681	2687	2694	2756	2850	2903	3181	3611	4072	5146	5281	4117	3782	3206	2930	2941	2997	2699	2429	1689	1350	1365	1378	1392	1412	1432	1463	1487	1506	1524	1545	1567	1589	1137	385	411	187	132	179	254	86	93	249	398	415	430	446	466	487	527	549	575	608	632	663	689	4322	4397	4357	4431	4473	4508	4540	4575	4259	4300	4334	4372	4412	4450	4490	4524	1410	1519	1467	1569	1617	1663	1705	1744	1393	1452	1509	1555	1605	1651	1696	1735	2278	2326	2377	2425	2483	2540	2594	2290	2387	2333	2437	2549	2494	2606	2923	2953	2980	3010	4984	5017	5047	5076	5108	5140	5168	5023	5082	5052	5113	5174	5143	5204	5912	5943	5966	5988	6519	6505	6493	6446	6432	6419	6403	6383	6364	6344	6323	6273	6255	6238	6219	6198	6137	6116	6096	6069	6049	6028	6007	5992	5973	5956	5869	5851	5830	5810	5789	5770	5748	5722	5704	5685	4986	4967	4944	4871	4853	4836	4817	4803	4784	4766	4746	4702	4685	4669	4650	4630	4587	4572	4563	4552	4539	4530	4521	4512	4503	4495	4467	4461	4457	4452	4447	4444	4440	4438	4436	4436	
205	51	39	28	9	7	7	9999	22	34	25	31	40	51	72	80	144	253	353	884	1684	2103	2147	2197	2347	2398	2451	2418	2621	2705	2703	2704	2709	2790	2881	2930	3208	3648	4108	5165	5275	4134	3773	3220	2942	2949	2993	2714	2439	1692	1342	1352	1364	1375	1390	1404	1431	1449	1470	1491	1510	1528	1549	1090	373	369	171	105	142	214	54	48	221	362	371	378	390	402	418	442	460	483	511	533	559	591	4246	4316	4284	4351	4391	4427	4464	4501	4185	4218	4255	4294	4328	4363	4405	4439	1258	1365	1308	1416	1476	1526	1578	1623	1247	1294	1350	1400	1460	1513	1562	1611	2137	2184	2228	2284	2330	2382	2431	2144	2241	2191	2296	2390	2338	2443	2770	2802	2832	2862	4897	4935	4971	5005	5036	5066	5093	4945	5014	4980	5043	5100	5071	5132	5872	5898	5930	5959	6491	6478	6466	6415	6398	6376	6358	6337	6317	6295	6274	6229	6207	6187	6164	6142	6077	6052	6032	6012	5994	5974	5957	5936	5911	5889	5805	5785	5763	5738	5715	5694	5673	5650	5630	5608	4839	4818	4799	4717	4693	4673	4646	4620	4599	4577	4560	4516	4498	4483	4463	4445	4399	4385	4366	4352	4341	4329	4316	4305	4298	4288	4255	4248	4242	4236	4233	4230	4227	4226	4224	4223	
258	92	78	62	24	15	6	22	9999	2	19	32	51	6	20	53	104	193	299	791	1507	1938	1978	2022	2167	2217	2268	2245	2418	2508	2515	2519	2528	2590	2674	2725	2983	3402	3850	5004	5143	3892	3567	3006	2745	2758	2814	2534	2280	1547	1192	1209	1224	1241	1257	1274	1304	1326	1349	1372	1392	1419	1448	1028	334	366	147	104	162	237	73	100	294	484	505	524	541	561	588	621	647	670	694	712	729	752	4133	4210	4174	4251	4292	4330	4368	4411	4061	4105	4147	4192	4229	4271	4310	4348	1372	1488	1426	1537	1585	1630	1679	1718	1362	1415	1475	1527	1579	1625	1673	1712	2251	2308	2352	2403	2457	2516	2570	2257	2359	2312	2409	2525	2465	2578	2842	2867	2894	2923	4849	4884	4927	4966	5000	5034	5064	4893	4970	4932	5005	5067	5038	5097	5831	5857	5885	5912	6480	6468	6453	6403	6383	6364	6344	6323	6303	6282	6264	6219	6198	6178	6160	6137	6069	6049	6028	6007	5992	5973	5956	5935	5912	5890	5810	5789	5770	5748	5722	5704	5685	5665	5645	5622	4925	4899	4879	4817	4803	4784	4766	4746	4727	4711	4692	4650	4630	4615	4600	4587	4552	4539	4530	4521	4512	4503	4495	4488	4481	4475	4452	4447	4444	4440	4438	4436	4436	4436	4438	4440	
281	114	99	81	42	30	20	34	2	9999	15	30	48	2	6	41	84	171	273	742	1418	1878	1916	1957	2100	2144	2192	2171	2344	2418	2424	2431	2439	2508	2590	2644	2889	3306	3732	4918	5073	3771	3465	2912	2663	2677	2730	2448	2202	1468	1124	1137	1152	1167	1183	1199	1231	1252	1272	1296	1320	1348	1373	988	311	353	128	96	149	231	70	110	316	536	555	572	596	619	639	671	692	709	726	745	766	786	4029	4116	4070	4159	4201	4238	4281	4320	3967	4006	4044	4088	4136	4181	4220	4261	1357	1468	1411	1522	1573	1621	1667	1709	1348	1399	1459	1514	1563	1613	1660	1704	2243	2298	2343	2394	2448	2506	2561	2247	2348	2306	2401	2513	2454	2566	2804	2828	2854	2879	4788	4823	4859	4896	4936	4976	5013	4829	4901	4865	4942	5015	4979	5046	5789	5816	5847	5870	6460	6446	6432	6373	6354	6332	6315	6294	6273	6255	6238	6189	6167	6146	6126	6105	6041	6021	6001	5983	5965	5947	5924	5900	5881	5860	5782	5760	5735	5713	5693	5674	5652	5633	5612	5593	4890	4871	4853	4795	4773	4756	4739	4718	4702	4685	4669	4621	4608	4593	4579	4568	4534	4525	4516	4507	4498	4493	4486	4479	4470	4463	4445	4442	4439	4437	4436	4436	4437	4439	4442	4445	
290	127	111	98	57	46	37	25	19	15	9999	2	6	19	24	14	64	173	265	741	1431	1884	1921	1963	2104	2149	2199	2168	2349	2424	2418	2419	2422	2515	2597	2634	2877	3309	3724	4917	5036	3745	3406	2891	2646	2648	2689	2427	2182	1437	1085	1093	1103	1113	1124	1137	1161	1173	1190	1212	1231	1252	1272	916	284	298	88	43	87	168	20	61	295	478	492	509	525	536	555	586	609	627	650	671	692	709	3881	3953	3918	3990	4029	4070	4116	4159	3811	3853	3894	3930	3967	4006	4044	4088	1149	1250	1194	1301	1357	1411	1468	1522	1140	1187	1241	1289	1348	1399	1459	1514	2051	2101	2145	2192	2243	2298	2343	2056	2150	2107	2200	2306	2247	2348	2599	2621	2648	2669	4615	4662	4706	4747	4788	4823	4859	4675	4756	4715	4797	4865	4829	4901	5708	5741	5773	5799	6408	6391	6368	6296	6275	6257	6239	6219	6197	6175	6156	6100	6076	6050	6031	6010	5955	5933	5908	5887	5863	5846	5822	5801	5782	5759	5668	5646	5623	5599	5577	5552	5525	5494	5465	5445	4667	4638	4613	4537	4520	4501	4483	4461	4438	4421	4405	4357	4343	4326	4312	4300	4256	4245	4234	4225	4214	4205	4198	4192	4183	4177	4156	4152	4150	4148	4147	4147	4148	4150	4152	4156	
297	135	123	107	71	60	50	31	32	30	2	9999	2	32	39	12	62	177	267	744	1441	1888	1926	1969	2111	2153	2203	2170	2354	2431	2419	2418	2419	2519	2604	2633	2876	3313	3725	4919	5021	3738	3389	2885	2641	2641	2671	2422	2177	1428	1072	1081	1089	1097	1107	1121	1137	1152	1167	1183	1199	1222	1243	892	278	278	76	29	66	138	6	45	287	464	473	486	501	517	530	555	572	596	619	639	661	683	3821	3901	3863	3937	3973	4012	4048	4090	3753	3788	3831	3873	3910	3947	3986	4026	1085	1171	1125	1224	1273	1328	1381	1440	1076	1120	1166	1215	1265	1318	1374	1429	1980	2025	2078	2126	2168	2217	2267	1985	2084	2034	2130	2222	2176	2276	2524	2547	2571	2599	4555	4593	4637	4684	4726	4768	4808	4605	4693	4651	4736	4814	4775	4846	5682	5709	5743	5774	6381	6362	6343	6269	6250	6234	6211	6189	6166	6144	6122	6060	6044	6022	6001	5982	5917	5893	5871	5851	5828	5806	5786	5763	5737	5713	5626	5602	5578	5553	5524	5493	5462	5442	5422	5396	4567	4544	4523	4443	4420	4401	4379	4355	4336	4316	4301	4254	4236	4221	4205	4193	4147	4136	4123	4112	4099	4087	4078	4069	4061	4054	4036	4033	4030	4028	4027	4027	4028	4030	4033	4036	
304	149	134	122	83	75	67	40	51	48	6	2	9999	51	56	17	65	186	271	749	1450	1895	1931	1974	2117	2160	2207	2175	2360	2439	2422	2419	2418	2528	2609	2635	2878	3320	3729	4923	5010	3732	3374	2880	2637	2631	2659	2419	2171	1423	1062	1070	1076	1085	1093	1103	1121	1130	1144	1161	1173	1190	1212	878	273	261	69	21	47	117	2	34	283	451	458	469	478	492	509	530	546	564	586	609	627	650	3765	3843	3802	3881	3918	3953	3990	4029	3694	3736	3771	3811	3853	3894	3930	3967	1021	1105	1063	1149	1194	1250	1301	1357	1016	1055	1096	1140	1187	1241	1289	1348	1919	1959	2001	2051	2101	2145	2192	1924	2006	1966	2056	2150	2107	2200	2445	2469	2499	2526	4496	4533	4571	4615	4662	4706	4747	4545	4625	4584	4675	4756	4715	4797	5653	5684	5712	5745	6356	6336	6315	6244	6223	6201	6180	6160	6135	6114	6092	6030	6008	5988	5970	5951	5880	5858	5837	5815	5792	5770	5745	5718	5696	5675	5582	5555	5528	5495	5463	5441	5421	5393	5368	5345	4480	4453	4427	4342	4317	4299	4276	4253	4232	4211	4196	4145	4129	4109	4089	4073	4030	4017	4006	3994	3983	3975	3966	3960	3950	3945	3927	3925	3922	3921	3920	3920	3921	3922	3925	3927	
309	139	125	108	62	48	35	51	6	2	19	32	51	9999	2	33	68	141	248	700	1339	1817	1862	1899	2022	2077	2125	2103	2268	2344	2349	2354	2360	2418	2508	2558	2798	3206	3617	4833	5006	3655	3365	2819	2581	2594	2651	2368	2133	1381	1062	1075	1089	1103	1119	1133	1163	1180	1200	1226	1250	1272	1300	954	289	338	115	89	143	228	73	124	342	595	615	629	651	668	688	711	727	743	763	781	802	819	3939	4015	3975	4055	4102	4146	4193	4232	3876	3915	3954	3993	4036	4079	4129	4174	1344	1455	1394	1511	1560	1609	1657	1701	1336	1389	1447	1504	1553	1602	1648	1695	2233	2289	2334	2388	2439	2498	2552	2239	2339	2295	2392	2504	2445	2557	2767	2791	2814	2842	4716	4759	4800	4835	4871	4911	4954	4765	4838	4805	4874	4955	4915	4992	5747	5778	5803	5831	6439	6427	6411	6344	6323	6303	6282	6264	6248	6230	6209	6160	6137	6116	6096	6069	6007	5992	5973	5956	5935	5912	5890	5869	5851	5830	5748	5722	5704	5685	5665	5645	5622	5602	5580	5558	4861	4842	4825	4766	4746	4727	4711	4692	4678	4659	4640	4600	4587	4572	4563	4552	4521	4512	4503	4495	4488	4481	4475	4467	4461	4457	4440	4438	4436	4436	4436	4438	4440	4444	4447	4452	
331	170	150	129	81	70	55	72	20	6	24	39	56	2	9999	27	52	117	223	646	1255	1758	1801	1843	1957	1999	2049	2028	2192	2268	2275	2281	2289	2344	2418	2472	2712	3105	3516	4745	4925	3554	3271	2732	2499	2514	2567	2298	2059	1301	1005	1017	1027	1041	1059	1073	1099	1118	1136	1160	1179	1204	1231	905	270	321	103	82	140	226	79	136	364	654	667	684	696	711	723	748	765	782	801	818	835	849	3842	3926	3885	3964	4005	4046	4092	4141	3772	3816	3864	3904	3945	3986	4029	4075	1331	1444	1385	1502	1551	1598	1647	1692	1325	1379	1437	1497	1544	1595	1642	1689	2225	2281	2329	2381	2431	2488	2546	2230	2332	2285	2386	2494	2436	2550	2735	2755	2777	2804	4634	4685	4728	4771	4813	4848	4885	4689	4776	4734	4815	4888	4851	4930	5701	5731	5762	5789	6419	6403	6383	6315	6294	6273	6255	6238	6219	6198	6178	6126	6105	6084	6058	6041	5983	5965	5947	5924	5900	5881	5860	5843	5819	5799	5713	5693	5674	5652	5633	5612	5593	5569	5545	5523	4836	4817	4803	4739	4718	4702	4685	4669	4650	4630	4615	4579	4568	4557	4544	4534	4507	4498	4493	4486	4479	4470	4463	4459	4454	4449	4437	4436	4436	4437	4439	4442	4445	4449	4454	4459	
358	194	178	166	116	101	90	80	53	41	14	12	17	33	27	9999	18	118	203	618	1234	1738	1778	1816	1935	1977	2019	1989	2164	2239	2228	2227	2229	2318	2393	2418	2659	3058	3454	4694	4819	3467	3149	2664	2426	2428	2466	2232	1994	1226	943	955	959	965	974	981	994	1005	1019	1032	1050	1065	1084	814	220	243	36	18	58	135	23	91	355	615	623	634	648	662	675	695	705	720	732	748	764	780	3587	3655	3619	3694	3740	3776	3822	3868	3526	3560	3595	3630	3671	3712	3757	3799	1070	1159	1112	1207	1259	1312	1368	1422	1064	1106	1153	1198	1253	1305	1363	1417	1976	2016	2071	2120	2163	2210	2261	1978	2076	2021	2124	2215	2166	2266	2447	2467	2493	2518	4362	4412	4459	4502	4543	4586	4630	4419	4510	4467	4551	4637	4591	4686	5573	5606	5638	5667	6310	6289	6268	6199	6177	6157	6134	6113	6090	6060	6044	5990	5972	5953	5930	5906	5842	5818	5794	5776	5754	5726	5705	5683	5661	5642	5541	5514	5482	5454	5434	5411	5386	5361	5339	5313	4501	4480	4457	4381	4357	4339	4319	4303	4285	4267	4251	4210	4200	4186	4172	4159	4123	4113	4102	4091	4084	4076	4070	4063	4058	4054	4045	4045	4046	4047	4049	4052	4056	4060	4066	4073	
462	262	246	230	181	169	154	144	104	84	64	62	65	68	52	18	9999	59	131	449	1036	1542	1594	1641	1768	1809	1851	1820	1968	2035	2023	2022	2024	2109	2179	2204	2418	2795	3169	4408	4546	3184	2875	2426	2208	2211	2247	2029	1828	1030	827	833	840	846	852	861	876	885	890	901	915	932	949	707	159	208	18	36	77	152	73	161	454	755	761	769	776	787	797	813	822	835	845	858	868	881	3337	3403	3368	3440	3478	3521	3559	3596	3282	3315	3350	3384	3419	3461	3502	3544	1056	1142	1098	1189	1246	1295	1355	1406	1054	1096	1141	1188	1245	1293	1353	1405	1970	2010	2061	2113	2155	2204	2254	1972	2063	2011	2114	2205	2157	2255	2362	2383	2400	2416	4128	4180	4227	4277	4323	4373	4423	4187	4283	4232	4329	4426	4378	4477	5420	5449	5484	5527	6225	6204	6183	6107	6083	6057	6035	6015	5996	5977	5959	5898	5877	5856	5835	5814	5746	5719	5697	5677	5654	5632	5610	5588	5561	5535	5429	5405	5378	5357	5333	5308	5280	5258	5234	5202	4408	4388	4361	4300	4281	4263	4246	4231	4215	4203	4190	4155	4142	4132	4122	4110	4081	4075	4068	4062	4057	4053	4050	4048	4046	4045	4050	4053	4057	4062	4068	4075	4081	4088	4099	4110	
697	360	345	323	276	259	242	253	193	171	173	177	186	141	117	118	59	9999	44	310	832	1176	1230	1279	1450	1508	1557	1536	1699	1759	1762	1765	1772	1818	1879	1912	2106	2418	2760	3921	4167	2794	2566	2126	1929	1942	1985	1777	1568	854	673	687	698	710	721	736	759	774	792	808	823	839	855	635	119	257	102	157	195	263	197	279	724	967	977	985	995	1007	1020	1042	1061	1079	1096	1118	1138	1164	3129	3211	3168	3254	3294	3336	3374	3415	3079	3118	3158	3199	3241	3285	3327	3365	1267	1376	1322	1436	1495	1541	1592	1640	1272	1327	1380	1441	1500	1548	1596	1645	2182	2227	2283	2331	2384	2433	2492	2178	2279	2223	2327	2429	2380	2486	2476	2493	2510	2527	3983	4038	4094	4153	4206	4260	4315	4037	4151	4092	4205	4310	4256	4360	5300	5337	5368	5404	6176	6158	6135	6056	6036	6016	5999	5980	5962	5942	5918	5865	5849	5825	5804	5785	5716	5695	5676	5656	5637	5614	5595	5570	5545	5522	5426	5403	5377	5359	5338	5314	5292	5270	5247	5228	4566	4554	4536	4495	4485	4472	4460	4448	4435	4428	4419	4403	4396	4390	4387	4381	4369	4367	4365	4365	4365	4367	4369	4372	4376	4381	4403	4409	4415	4424	4431	4442	4455	4465	4479	4490	
877	547	512	470	384	365	349	353	299	273	265	267	271	248	223	203	131	44	9999	209	655	952	980	1012	1137	1184	1239	1202	1398	1490	1482	1483	1487	1564	1637	1667	1844	2128	2418	3471	3659	2439	2218	1852	1678	1687	1723	1491	1222	660	420	429	440	453	468	485	517	534	556	580	608	629	657	407	48	227	156	218	247	292	274	362	880	1171	1182	1191	1205	1220	1235	1256	1271	1287	1308	1330	1355	1374	2720	2788	2752	2826	2864	2901	2945	2984	2674	2710	2743	2776	2816	2856	2896	2939	1166	1264	1214	1317	1372	1426	1488	1537	1173	1225	1275	1329	1381	1440	1498	1545	2079	2127	2168	2217	2267	2320	2367	2068	2161	2118	2207	2312	2257	2359	2254	2264	2277	2291	3516	3564	3614	3667	3728	3783	3846	3562	3663	3610	3721	3839	3776	3899	4988	5027	5065	5100	5984	5964	5945	5863	5846	5822	5801	5782	5759	5733	5708	5657	5636	5611	5591	5565	5480	5453	5434	5413	5387	5362	5341	5316	5293	5269	5166	5145	5121	5096	5073	5051	5032	5008	4983	4959	4279	4264	4252	4214	4205	4198	4192	4183	4177	4171	4166	4154	4151	4149	4147	4147	4151	4154	4158	4163	4169	4173	4180	4187	4195	4202	4239	4252	4264	4279	4292	4304	4317	4334	4348	4365	
1634	1111	1069	1025	929	894	871	884	791	742	741	744	749	700	646	618	449	310	209	9999	222	392	419	448	561	607	646	621	742	791	789	792	795	834	871	889	1026	1341	1655	2418	2629	1684	1512	1045	902	918	966	803	656	238	174	185	198	212	227	239	261	277	288	306	319	335	354	322	241	445	472	641	685	737	757	897	1648	1975	1982	1988	1995	2006	2015	2039	2051	2064	2081	2096	2109	2127	2101	2165	2135	2203	2241	2281	2319	2356	2065	2103	2137	2170	2206	2244	2287	2322	1570	1653	1613	1694	1730	1765	1803	1841	1593	1636	1677	1713	1748	1783	1818	1858	2385	2430	2484	2539	2589	2643	2695	2363	2462	2411	2519	2621	2569	2673	2274	2270	2269	2268	2885	2939	2988	3043	3100	3157	3212	2922	3025	2970	3081	3193	3133	3250	4229	4282	4332	4387	5655	5634	5611	5529	5499	5469	5448	5428	5407	5381	5360	5302	5277	5256	5234	5206	5139	5115	5089	5068	5049	5028	5007	4984	4963	4935	4841	4822	4804	4782	4760	4737	4714	4690	4671	4645	4259	4257	4257	4263	4266	4271	4275	4280	4285	4292	4300	4316	4326	4336	4347	4356	4398	4411	4424	4437	4457	4474	4490	4504	4521	4535	4612	4632	4657	4680	4703	4724	4747	4770	4794	4814	
2418	1938	1899	1862	1740	1698	1653	1684	1507	1418	1431	1441	1450	1339	1255	1234	1036	832	655	222	9999	93	109	126	176	192	207	205	258	281	290	297	304	309	331	358	462	697	877	1634	1876	908	867	508	381	412	506	312	252	92	190	202	219	235	250	264	286	304	320	337	356	370	390	544	708	985	1068	1266	1322	1402	1465	1716	2457	2922	2934	2943	2955	2966	2980	3001	3021	3036	3052	3070	3090	3109	1752	1823	1788	1860	1892	1925	1961	1997	1733	1767	1804	1842	1875	1907	1945	1979	2112	2183	2144	2219	2256	2306	2337	2381	2139	2177	2210	2250	2297	2330	2371	2410	3008	3063	3121	3177	3236	3293	3350	2973	3085	3028	3142	3259	3200	3319	2582	2566	2553	2541	2558	2610	2662	2715	2765	2821	2876	2580	2685	2632	2735	2846	2788	2899	3546	3586	3625	3668	5360	5339	5317	5245	5222	5195	5176	5156	5137	5117	5094	5048	5031	5012	4991	4972	4909	4887	4870	4852	4836	4818	4804	4786	4768	4751	4684	4670	4652	4633	4618	4607	4593	4581	4570	4561	4547	4556	4566	4607	4618	4633	4652	4670	4684	4699	4717	4761	4777	4796	4812	4825	4876	4898	4921	4940	4964	4982	5002	5019	5039	5056	5137	5156	5176	5195	5222	5245	5267	5283	5307	5330	
3004	2418	2370	2321	2167	2125	2077	2103	1938	1878	1884	1888	1895	1817	1758	1738	1542	1176	952	392	93	9999	0	3	24	35	48	51	92	114	127	135	149	139	170	194	262	360	547	1111	1463	617	598	285	224	255	314	167	124	160	293	303	313	324	339	351	370	387	404	428	450	478	516	762	984	1400	1573	1756	1794	1847	1902	2133	3040	3574	3587	3595	3605	3620	3630	3653	3670	3685	3703	3726	3747	3765	1533	1626	1581	1671	1709	1745	1784	1823	1515	1561	1607	1652	1695	1734	1773	1810	2434	2516	2473	2554	2593	2636	2674	2717	2475	2517	2555	2592	2634	2671	2714	2753	3364	3416	3470	3530	3586	3638	3699	3328	3427	3377	3487	3597	3546	3656	2735	2715	2695	2673	2355	2404	2456	2515	2566	2619	2675	2368	2470	2415	2532	2637	2582	2691	3142	3177	3212	3250	5123	5104	5083	5017	4997	4977	4956	4934	4913	4890	4871	4825	4811	4795	4773	4756	4702	4685	4669	4650	4630	4615	4600	4587	4572	4563	4521	4512	4503	4495	4488	4481	4475	4467	4461	4457	4640	4659	4678	4739	4756	4773	4795	4811	4825	4842	4861	4913	4934	4956	4977	4997	5053	5072	5091	5114	5135	5155	5175	5195	5223	5246	5332	5351	5371	5392	5418	5435	5454	5478	5508	5532	
3070	2477	2418	2370	2217	2167	2125	2147	1978	1916	1921	1926	1931	1862	1801	1778	1594	1230	980	419	109	0	9999	0	15	24	35	39	78	99	111	123	134	125	150	178	246	345	512	1069	1411	573	564	272	211	244	305	151	113	171	307	316	325	340	351	361	383	399	424	445	471	506	534	785	1018	1457	1621	1800	1837	1881	1940	2180	3105	3642	3653	3666	3675	3689	3704	3732	3749	3763	3779	3799	3820	3843	1515	1607	1561	1652	1695	1734	1773	1810	1499	1543	1591	1637	1683	1720	1756	1797	2475	2555	2517	2592	2634	2671	2714	2753	2520	2556	2594	2634	2670	2712	2750	2794	3404	3460	3517	3571	3625	3681	3750	3364	3470	3416	3530	3638	3586	3699	2755	2735	2715	2695	2341	2392	2443	2501	2553	2608	2661	2355	2456	2404	2515	2619	2566	2675	3108	3142	3177	3212	5104	5083	5065	4997	4977	4956	4934	4913	4890	4871	4853	4811	4795	4773	4756	4739	4685	4669	4650	4630	4615	4600	4587	4572	4563	4552	4512	4503	4495	4488	4481	4475	4467	4461	4457	4452	4659	4678	4692	4756	4773	4795	4811	4825	4842	4861	4879	4934	4956	4977	4997	5017	5072	5091	5114	5135	5155	5175	5195	5223	5246	5268	5351	5371	5392	5418	5435	5454	5478	5508	5532	5558	
3135	2537	2477	2418	2268	2217	2167	2197	2022	1957	1963	1969	1974	1899	1843	1816	1641	1279	1012	448	126	3	0	9999	6	15	24	28	62	81	98	107	122	108	129	166	230	323	470	1025	1363	535	533	256	196	232	296	135	106	180	320	327	343	354	362	376	397	422	441	467	497	528	557	807	1057	1510	1667	1841	1873	1916	1980	2224	3169	3719	3733	3744	3756	3768	3781	3806	3823	3843	3862	3879	3899	3917	1499	1591	1543	1637	1683	1720	1756	1797	1480	1528	1579	1623	1668	1708	1745	1785	2520	2594	2556	2634	2670	2712	2750	2794	2559	2598	2637	2672	2713	2750	2793	2837	3448	3505	3558	3611	3668	3734	3792	3404	3517	3460	3571	3681	3625	3750	2777	2755	2735	2715	2329	2380	2428	2484	2541	2593	2651	2341	2443	2392	2501	2608	2553	2661	3077	3108	3142	3177	5083	5065	5045	4977	4956	4934	4913	4890	4871	4853	4836	4795	4773	4756	4739	4718	4669	4650	4630	4615	4600	4587	4572	4563	4552	4539	4503	4495	4488	4481	4475	4467	4461	4457	4452	4447	4678	4692	4711	4773	4795	4811	4825	4842	4861	4879	4899	4956	4977	4997	5017	5037	5091	5114	5135	5155	5175	5195	5223	5246	5268	5286	5371	5392	5418	5435	5454	5478	5508	5532	5558	5580	
3341	2702	2648	2590	2418	2370	2321	2347	2167	2100	2104	2111	2117	2022	1957	1935	1768	1450	1137	561	176	24	15	6	9999	0	3	9	24	42	57	71	83	62	81	116	181	276	384	929	1223	436	450	215	163	198	268	102	94	222	363	374	386	396	416	435	465	489	519	544	574	610	637	867	1186	1646	1790	1955	1988	2043	2126	2379	3369	3948	3961	3971	3981	3992	4007	4027	4042	4058	4077	4096	4119	4138	1443	1546	1500	1594	1639	1686	1724	1763	1425	1485	1533	1582	1627	1674	1714	1753	2645	2718	2680	2754	2796	2838	2877	2924	2687	2723	2757	2799	2840	2880	2925	2967	3583	3634	3689	3754	3814	3878	3936	3540	3643	3591	3701	3827	3765	3892	2854	2828	2804	2777	2301	2345	2395	2449	2506	2559	2613	2310	2405	2356	2459	2570	2517	2625	2980	3010	3042	3077	5026	5008	4986	4913	4890	4871	4853	4836	4817	4803	4784	4739	4718	4702	4685	4669	4615	4600	4587	4572	4563	4552	4539	4530	4521	4512	4481	4475	4467	4461	4457	4452	4447	4444	4440	4438	4727	4746	4766	4825	4842	4861	4879	4899	4925	4944	4967	5017	5037	5053	5072	5091	5155	5175	5195	5223	5246	5268	5286	5309	5332	5351	5435	5454	5478	5508	5532	5558	5580	5602	5622	5645	
3401	2756	2702	2648	2477	2418	2370	2398	2217	2144	2149	2153	2160	2077	1999	1977	1809	1508	1184	607	192	35	24	15	0	9999	0	7	15	30	46	60	75	48	70	101	169	259	365	894	1176	408	431	200	146	189	260	95	93	236	379	392	405	423	439	457	493	522	545	572	607	633	664	886	1240	1690	1831	1994	2038	2095	2168	2429	3433	4021	4032	4041	4053	4067	4082	4106	4123	4139	4157	4176	4194	4208	1425	1533	1485	1582	1627	1674	1714	1753	1410	1467	1519	1569	1617	1663	1705	1744	2687	2757	2723	2799	2840	2880	2925	2967	2727	2762	2803	2845	2885	2929	2968	3015	3626	3680	3744	3802	3866	3925	3980	3583	3689	3634	3754	3878	3814	3936	2879	2854	2828	2804	2290	2333	2387	2437	2494	2549	2606	2301	2395	2345	2449	2559	2506	2613	2953	2980	3010	3042	5008	4986	4967	4890	4871	4853	4836	4817	4803	4784	4766	4718	4702	4685	4669	4650	4600	4587	4572	4563	4552	4539	4530	4521	4512	4503	4475	4467	4461	4457	4452	4447	4444	4440	4438	4436	4746	4766	4784	4842	4861	4879	4899	4925	4944	4967	4986	5037	5053	5072	5091	5114	5175	5195	5223	5246	5268	5286	5309	5332	5351	5371	5454	5478	5508	5532	5558	5580	5602	5622	5645	5665	
3470	2817	2756	2702	2537	2477	2418	2451	2268	2192	2199	2203	2207	2125	2049	2019	1851	1557	1239	646	207	48	35	24	3	0	9999	7	6	20	37	50	67	35	55	90	154	242	349	871	1137	385	411	187	132	179	254	86	93	249	398	415	430	446	466	487	527	549	575	608	632	663	689	905	1286	1727	1870	2045	2087	2138	2217	2485	3508	4099	4112	4123	4136	4147	4163	4185	4200	4212	4229	4244	4262	4281	1410	1519	1467	1569	1617	1663	1705	1744	1393	1452	1509	1555	1605	1651	1696	1735	2727	2803	2762	2845	2885	2929	2968	3015	2768	2810	2851	2890	2934	2971	3019	3059	3672	3736	3791	3856	3913	3969	4026	3626	3744	3680	3802	3925	3866	3980	2907	2879	2854	2828	2278	2326	2377	2425	2483	2540	2594	2290	2387	2333	2437	2549	2494	2606	2923	2953	2980	3010	4986	4967	4944	4871	4853	4836	4817	4803	4784	4766	4746	4702	4685	4669	4650	4630	4587	4572	4563	4552	4539	4530	4521	4512	4503	4495	4467	4461	4457	4452	4447	4444	4440	4438	4436	4436	4766	4784	4803	4861	4879	4899	4925	4944	4967	4986	5008	5053	5072	5091	5114	5135	5195	5223	5246	5268	5286	5309	5332	5351	5371	5392	5478	5508	5532	5558	5580	5602	5622	5645	5665	5685	
3441	2790	2732	2678	2512	2451	2398	2418	2245	2171	2168	2170	2175	2103	2028	1989	1820	1536	1202	621	205	51	39	28	9	7	7	9999	22	34	25	31	40	51	72	80	144	253	353	884	1090	373	369	171	105	142	214	54	48	221	362	371	378	390	402	418	442	460	483	511	533	559	591	851	1237	1668	1836	2002	2037	2083	2181	2439	3451	4032	4040	4047	4057	4069	4081	4102	4118	4132	4145	4162	4179	4196	1258	1365	1308	1416	1476	1526	1578	1623	1247	1294	1350	1400	1460	1513	1562	1611	2601	2668	2636	2706	2742	2778	2820	2862	2645	2678	2714	2748	2785	2826	2865	2906	3493	3548	3596	3650	3707	3767	3828	3446	3554	3500	3603	3717	3658	3775	2734	2711	2686	2658	2137	2184	2228	2284	2330	2382	2431	2144	2241	2191	2296	2390	2338	2443	2770	2802	2832	2862	4839	4818	4799	4717	4693	4673	4646	4620	4599	4577	4560	4516	4498	4483	4463	4445	4399	4385	4366	4352	4341	4329	4316	4305	4298	4288	4255	4248	4242	4236	4233	4230	4227	4226	4224	4223	4560	4577	4599	4682	4706	4727	4752	4774	4799	4818	4839	4895	4923	4946	4971	4993	5060	5081	5105	5129	5150	5173	5195	5227	5248	5272	5363	5387	5412	5433	5451	5477	5509	5536	5562	5587	
3681	3004	2942	2876	2702	2648	2590	2621	2418	2344	2349	2354	2360	2268	2192	2164	1968	1699	1398	742	258	92	78	62	24	15	6	22	9999	2	19	32	51	6	20	53	104	193	299	791	1028	334	366	147	104	162	237	73	100	294	484	505	524	541	561	588	621	647	670	694	712	729	752	988	1456	1846	1985	2189	2223	2282	2368	2654	3721	4321	4332	4342	4350	4361	4377	4398	4411	4424	4437	4457	4474	4490	1372	1488	1426	1537	1585	1630	1679	1718	1362	1415	1475	1527	1579	1625	1673	1712	2864	2945	2901	2984	3026	3069	3114	3160	2913	2954	2992	3034	3078	3120	3163	3210	3833	3893	3945	3999	4054	4120	4179	3776	3899	3839	3950	4063	4007	4129	2995	2965	2939	2907	2251	2308	2352	2403	2457	2516	2570	2257	2359	2312	2409	2525	2465	2578	2842	2867	2894	2923	4925	4899	4879	4817	4803	4784	4766	4746	4727	4711	4692	4650	4630	4615	4600	4587	4552	4539	4530	4521	4512	4503	4495	4488	4481	4475	4452	4447	4444	4440	4438	4436	4436	4436	4438	4440	4817	4836	4853	4925	4944	4967	4986	5008	5026	5045	5065	5114	5135	5155	5175	5195	5268	5286	5309	5332	5351	5371	5392	5418	5435	5454	5558	5580	5602	5622	5645	5665	5685	5704	5722	5748	
3801	3104	3039	2971	2787	2730	2674	2705	2508	2418	2424	2431	2439	2344	2268	2239	2035	1759	1490	791	281	114	99	81	42	30	20	34	2	9999	15	30	48	2	6	41	84	171	273	742	988	311	353	128	96	149	231	70	110	316	536	555	572	596	619	639	671	692	709	726	745	766	786	1028	1537	1898	2056	2259	2307	2353	2448	2737	3840	4428	4435	4448	4460	4472	4485	4501	4514	4525	4536	4554	4566	4580	1357	1468	1411	1522	1573	1621	1667	1709	1348	1399	1459	1514	1563	1613	1660	1704	2940	3019	2975	3057	3102	3146	3190	3235	2987	3026	3066	3110	3153	3198	3241	3286	3911	3965	4018	4075	4137	4196	4249	3862	3970	3916	4024	4143	4081	4202	3042	3010	2980	2953	2243	2298	2343	2394	2448	2506	2561	2247	2348	2306	2401	2513	2454	2566	2804	2828	2854	2879	4890	4871	4853	4795	4773	4756	4739	4718	4702	4685	4669	4621	4608	4593	4579	4568	4534	4525	4516	4507	4498	4493	4486	4479	4470	4463	4445	4442	4439	4437	4436	4436	4437	4439	4442	4445	4842	4861	4879	4956	4977	4997	5017	5037	5053	5072	5091	5145	5163	5187	5208	5235	5298	5321	5341	5361	5382	5406	5427	5446	5464	5491	5593	5612	5633	5652	5674	5693	5713	5735	5760	5782	
3810	3110	3043	2978	2794	2736	2681	2703	2515	2424	2418	2419	2422	2349	2275	2228	2023	1762	1482	789	290	127	111	98	57	46	37	25	19	15	9999	2	6	19	24	14	64	173	265	741	916	284	298	88	43	87	168	20	61	295	478	492	509	525	536	555	586	609	627	650	671	692	709	962	1504	1854	2036	2241	2271	2313	2427	2716	3813	4400	4406	4413	4419	4428	4435	4455	4465	4479	4490	4501	4514	4525	1149	1250	1194	1301	1357	1411	1468	1522	1140	1187	1241	1289	1348	1399	1459	1514	2788	2860	2823	2898	2940	2975	3019	3057	2839	2871	2909	2950	2987	3026	3066	3110	3683	3743	3796	3858	3911	3965	4018	3632	3746	3685	3800	3916	3862	3970	2824	2794	2763	2738	2051	2101	2145	2192	2243	2298	2343	2056	2150	2107	2200	2306	2247	2348	2599	2621	2648	2669	4667	4638	4613	4537	4520	4501	4483	4461	4438	4421	4405	4357	4343	4326	4312	4300	4256	4245	4234	4225	4214	4205	4198	4192	4183	4177	4156	4152	4150	4148	4147	4147	4148	4150	4152	4156	4601	4624	4653	4741	4766	4790	4813	4834	4856	4877	4905	4971	4994	5018	5041	5063	5133	5157	5183	5203	5233	5257	5278	5305	5331	5353	5445	5465	5494	5525	5552	5577	5599	5623	5646	5668	
3816	3115	3048	2984	2799	2741	2687	2704	2519	2431	2419	2418	2419	2354	2281	2227	2022	1765	1483	792	297	135	123	107	71	60	50	31	32	30	2	9999	2	32	39	12	62	177	267	744	892	278	278	76	29	66	138	6	45	287	464	473	486	501	517	530	555	572	596	619	639	661	683	936	1497	1838	2032	2234	2260	2302	2422	2711	3808	4390	4396	4403	4409	4415	4424	4435	4448	4460	4472	4485	4495	4506	1085	1171	1125	1224	1273	1328	1381	1440	1076	1120	1166	1215	1265	1318	1374	1429	2739	2806	2768	2843	2877	2920	2957	2996	2782	2818	2855	2892	2932	2966	3006	3046	3607	3659	3713	3769	3826	3887	3940	3560	3660	3607	3715	3830	3771	3891	2747	2721	2694	2663	1980	2025	2078	2126	2168	2217	2267	1985	2084	2034	2130	2222	2176	2276	2524	2547	2571	2599	4567	4544	4523	4443	4420	4401	4379	4355	4336	4316	4301	4254	4236	4221	4205	4193	4147	4136	4123	4112	4099	4087	4078	4069	4061	4054	4036	4033	4030	4028	4027	4027	4028	4030	4033	4036	4513	4532	4557	4646	4677	4701	4727	4755	4782	4808	4829	4891	4921	4948	4975	5001	5070	5094	5119	5144	5167	5193	5225	5248	5273	5299	5396	5422	5442	5462	5493	5524	5553	5578	5602	5626	
3824	3123	3055	2990	2805	2745	2694	2709	2528	2439	2422	2419	2418	2360	2289	2229	2024	1772	1487	795	304	149	134	122	83	75	67	40	51	48	6	2	9999	51	56	17	65	186	271	749	878	273	261	69	21	47	117	2	34	283	451	458	469	478	492	509	530	546	564	586	609	627	650	911	1490	1822	2026	2230	2254	2288	2419	2705	3803	4384	4389	4393	4400	4406	4413	4424	4431	4442	4455	4465	4479	4490	1021	1105	1063	1149	1194	1250	1301	1357	1016	1055	1096	1140	1187	1241	1289	1348	2692	2753	2723	2788	2823	2860	2898	2940	2736	2767	2801	2839	2871	2909	2950	2987	3539	3587	3631	3683	3743	3796	3858	3487	3587	3537	3632	3746	3685	3800	2676	2650	2616	2591	1919	1959	2001	2051	2101	2145	2192	1924	2006	1966	2056	2150	2107	2200	2445	2469	2499	2526	4480	4453	4427	4342	4317	4299	4276	4253	4232	4211	4196	4145	4129	4109	4089	4073	4030	4017	4006	3994	3983	3975	3966	3960	3950	3945	3927	3925	3922	3921	3920	3920	3921	3922	3925	3927	4414	4437	4466	4554	4576	4603	4631	4665	4693	4721	4751	4818	4842	4869	4896	4928	5011	5035	5057	5084	5110	5136	5160	5186	5213	5243	5345	5368	5393	5421	5441	5463	5495	5528	5555	5582	
3920	3205	3135	3070	2876	2817	2756	2790	2590	2508	2515	2519	2528	2418	2344	2318	2109	1818	1564	834	309	139	125	108	62	48	35	51	6	2	19	32	51	9999	2	33	68	141	248	700	954	289	338	115	89	143	228	73	124	342	595	615	629	651	668	688	711	727	743	763	781	802	819	1082	1608	1954	2130	2336	2377	2428	2534	2823	3950	4530	4536	4547	4556	4566	4576	4593	4607	4618	4633	4652	4670	4684	1344	1455	1394	1511	1560	1609	1657	1701	1336	1389	1447	1504	1553	1602	1648	1695	3012	3094	3052	3133	3178	3222	3266	3310	3063	3105	3147	3189	3231	3274	3319	3357	3985	4040	4097	4158	4211	4266	4319	3938	4043	3988	4103	4217	4164	4273	3092	3057	3026	2995	2233	2289	2334	2388	2439	2498	2552	2239	2339	2295	2392	2504	2445	2557	2767	2791	2814	2842	4861	4842	4825	4766	4746	4727	4711	4692	4678	4659	4640	4600	4587	4572	4563	4552	4521	4512	4503	4495	4488	4481	4475	4467	4461	4457	4440	4438	4436	4436	4436	4438	4440	4444	4447	4452	4871	4890	4913	4986	5008	5026	5045	5065	5083	5104	5123	5175	5195	5223	5246	5268	5332	5351	5371	5392	5418	5435	5454	5478	5508	5532	5622	5645	5665	5685	5704	5722	5748	5770	5789	5810	
4027	3305	3238	3168	2971	2909	2850	2881	2674	2590	2597	2604	2609	2508	2418	2393	2179	1879	1637	871	331	170	150	129	81	70	55	72	20	6	24	39	56	2	9999	27	52	117	223	646	905	270	321	103	82	140	226	79	136	364	654	667	684	696	711	723	748	765	782	801	818	835	849	1137	1679	2012	2200	2413	2455	2515	2614	2917	4061	4626	4635	4648	4659	4672	4681	4697	4711	4723	4738	4750	4765	4779	1331	1444	1385	1502	1551	1598	1647	1692	1325	1379	1437	1497	1544	1595	1642	1689	3091	3170	3129	3214	3256	3299	3344	3383	3144	3185	3226	3268	3309	3351	3389	3430	4064	4124	4182	4232	4287	4338	4394	4014	4128	4065	4185	4292	4235	4344	3142	3108	3077	3042	2225	2281	2329	2381	2431	2488	2546	2230	2332	2285	2386	2494	2436	2550	2735	2755	2777	2804	4836	4817	4803	4739	4718	4702	4685	4669	4650	4630	4615	4579	4568	4557	4544	4534	4507	4498	4493	4486	4479	4470	4463	4459	4454	4449	4437	4436	4436	4437	4439	4442	4445	4449	4454	4459	4899	4925	4944	5017	5037	5053	5072	5091	5114	5135	5155	5208	5235	5253	5274	5298	5361	5382	5406	5427	5446	5464	5491	5523	5545	5569	5652	5674	5693	5713	5735	5760	5782	5799	5819	5843	
4100	3363	3298	3233	3031	2966	2903	2930	2725	2644	2634	2633	2635	2558	2472	2418	2204	1912	1667	889	358	194	178	166	116	101	90	80	53	41	14	12	17	33	27	9999	18	118	203	618	814	220	243	36	18	58	135	23	91	355	615	623	634	648	662	675	695	705	720	732	748	764	780	1053	1680	1984	2208	2426	2456	2496	2639	2937	4093	4644	4651	4657	4665	4674	4680	4691	4702	4712	4720	4733	4744	4756	1070	1159	1112	1207	1259	1312	1368	1422	1064	1106	1153	1198	1253	1305	1363	1417	2936	3003	2967	3041	3082	3121	3161	3202	2985	3023	3056	3096	3132	3173	3215	3255	3829	3886	3936	3983	4037	4091	4151	3770	3883	3825	3934	4037	3983	4093	2879	2849	2813	2781	1976	2016	2071	2120	2163	2210	2261	1978	2076	2021	2124	2215	2166	2266	2447	2467	2493	2518	4501	4480	4457	4381	4357	4339	4319	4303	4285	4267	4251	4210	4200	4186	4172	4159	4123	4113	4102	4091	4084	4076	4070	4063	4058	4054	4045	4045	4046	4047	4049	4052	4056	4060	4066	4073	4613	4641	4673	4763	4789	4814	4837	4859	4882	4913	4939	5006	5030	5051	5075	5098	5172	5197	5230	5251	5274	5301	5328	5350	5373	5399	5497	5528	5554	5579	5605	5628	5648	5672	5692	5714	
4414	3656	3588	3520	3317	3249	3181	3208	2983	2889	2877	2876	2878	2798	2712	2659	2418	2106	1844	1026	462	262	246	230	181	169	154	144	104	84	64	62	65	68	52	18	9999	59	131	449	707	159	208	18	36	77	152	73	161	454	755	761	769	776	787	797	813	822	835	845	858	868	881	1235	1853	2182	2426	2664	2696	2730	2882	3213	4410	4903	4908	4914	4921	4927	4932	4943	4953	4961	4968	4977	4985	4993	1056	1142	1098	1189	1246	1295	1355	1406	1054	1096	1141	1188	1245	1293	1353	1405	3164	3238	3201	3278	3314	3352	3388	3425	3222	3258	3296	3333	3366	3402	3442	3484	4064	4122	4174	4222	4273	4320	4370	4010	4116	4058	4170	4270	4218	4318	3032	2995	2959	2925	1970	2010	2061	2113	2155	2204	2254	1972	2063	2011	2114	2205	2157	2255	2362	2383	2400	2416	4408	4388	4361	4300	4281	4263	4246	4231	4215	4203	4190	4155	4142	4132	4122	4110	4081	4075	4068	4062	4057	4053	4050	4048	4046	4045	4050	4053	4057	4062	4068	4075	4081	4088	4099	4110	4729	4757	4783	4867	4890	4920	4947	4974	4999	5022	5046	5106	5131	5154	5181	5202	5280	5308	5333	5357	5378	5405	5429	5450	5473	5505	5610	5632	5654	5677	5697	5719	5746	5769	5791	5814	
