NAME: pr76Preorder
TYPE: ATSP
DIMENSION: 76
EDGE_WEIGHT_TYPE: EXPLICIT
EDGE_WEIGHT_FORMAT: FULL_MATRIX 
EDGE_WEIGHT_SECTION
9999	12	144	181	299	265	243	275	426	438	647	622	710	737	835	849	789	834	421	339	176	100	46	252	226	486	565	677	567	466	453	708	782	951	856	884	864	1041	1086	1107	1177	892	795	713	621	461	847	793	1049	1142	1213	1091	989	949	1192	1249	1306	1259	1240	1216	1321	1347	1377	1408	1318	1287	1282	1223	1072	1428	1471	1482	1485	970	141	160	
12	9999	90	126	238	194	151	186	317	350	539	502	582	601	712	736	679	750	359	285	212	152	87	314	252	490	573	665	543	437	420	663	751	909	801	804	785	972	1028	1056	1137	890	794	778	689	546	926	847	1079	1173	1229	1108	999	952	1190	1252	1301	1246	1217	1185	1307	1338	1370	1405	1329	1294	1299	1270	1156	1449	1472	1480	1484	824	147	175	
144	90	9999	5	34	20	33	58	81	84	229	222	295	323	387	390	321	370	97	63	137	187	215	278	190	252	325	373	251	178	132	327	407	530	428	425	406	592	648	693	784	578	491	615	588	496	795	672	847	938	976	831	707	650	907	984	1064	943	894	843	1055	1138	1220	1273	1183	1103	1201	1160	1036	1411	1404	1430	1433	633	448	470	
181	126	5	9999	21	33	57	83	84	81	223	228	316	352	390	387	298	336	67	38	105	149	206	235	130	195	252	292	200	113	89	263	327	457	361	377	358	536	592	627	697	492	413	526	504	431	696	595	762	847	895	743	620	559	809	907	996	860	810	768	992	1055	1150	1221	1100	1018	1121	1067	959	1385	1367	1402	1407	674	512	538	
299	238	34	21	9999	11	51	70	31	18	93	109	214	239	241	236	177	213	36	8	209	270	332	334	230	199	250	252	146	83	60	198	249	345	244	240	232	393	440	500	579	443	365	576	583	533	772	639	742	830	847	692	577	514	741	829	914	770	688	643	879	955	1054	1146	1058	982	1144	1114	1017	1397	1340	1365	1373	569	656	681	
265	194	20	33	11	9999	7	23	19	32	110	93	172	201	237	242	221	254	85	56	248	311	340	418	283	291	372	380	252	180	126	290	371	458	343	313	287	475	548	626	706	590	503	704	695	634	906	779	894	974	994	847	728	659	893	974	1038	912	826	780	1008	1075	1189	1254	1197	1120	1253	1230	1136	1439	1399	1417	1421	468	561	598	
243	151	33	57	51	7	9999	3	43	64	153	118	179	192	260	279	268	324	159	100	297	339	351	466	347	397	467	483	351	252	219	402	474	571	442	412	375	580	655	742	822	700	621	809	795	702	989	877	1000	1077	1102	964	847	785	1005	1083	1155	1021	946	904	1115	1191	1271	1302	1277	1223	1298	1287	1218	1458	1437	1452	1455	427	484	518	
275	186	58	83	70	23	3	9999	50	73	166	106	138	154	246	274	277	346	212	135	359	408	410	542	420	454	540	548	415	309	252	446	534	618	479	434	399	609	682	788	875	778	681	890	867	790	1051	952	1059	1151	1165	1025	921	847	1053	1149	1199	1062	993	935	1157	1228	1292	1327	1299	1265	1329	1309	1268	1470	1450	1459	1461	357	487	523	
426	317	81	84	31	19	43	50	9999	5	42	29	74	95	115	122	101	142	88	68	362	445	501	535	401	327	407	372	250	185	127	252	325	385	259	225	191	355	432	527	617	572	499	781	798	758	965	840	907	984	975	830	717	645	847	938	981	839	748	675	923	1004	1125	1202	1182	1110	1272	1263	1195	1451	1381	1395	1398	378	730	767	
438	350	84	81	18	32	64	73	5	9999	30	41	94	128	122	115	77	107	60	48	329	429	496	493	354	263	327	291	199	124	82	195	252	303	210	167	133	294	355	443	528	482	422	694	726	686	905	765	809	907	894	742	628	550	762	847	902	756	653	597	825	923	1034	1122	1092	1023	1219	1208	1128	1431	1339	1357	1361	439	784	815	
647	539	229	223	93	110	153	166	42	30	9999	12	55	78	40	28	17	45	121	121	510	625	701	669	532	360	427	342	245	205	139	208	258	252	145	86	66	207	257	376	451	516	459	821	872	858	1014	878	859	942	911	769	658	586	754	837	847	691	584	521	753	836	988	1061	1107	1033	1267	1269	1225	1453	1326	1331	1334	374	968	1006	
622	502	222	228	109	93	118	106	29	41	12	9999	13	35	28	40	62	92	188	168	552	651	711	735	589	456	529	457	344	272	227	301	383	381	252	184	131	300	382	508	596	654	591	930	962	934	1113	984	995	1063	1037	913	802	725	900	979	995	847	733	661	900	978	1124	1200	1233	1175	1315	1312	1288	1469	1388	1393	1394	256	910	937	
710	582	295	316	214	172	179	138	74	94	55	13	9999	1	22	49	100	156	289	268	690	789	827	884	731	611	672	606	477	412	337	430	509	489	353	252	218	388	463	621	699	805	742	1070	1107	1069	1240	1129	1133	1207	1176	1042	946	871	1024	1109	1105	967	847	783	998	1073	1223	1276	1297	1271	1382	1377	1346	1486	1424	1425	1426	150	950	987	
737	601	323	352	239	201	192	154	95	128	78	35	1	9999	39	65	134	212	346	315	750	823	863	929	785	666	759	667	545	462	399	494	575	553	424	308	252	435	525	680	778	875	812	1137	1161	1127	1279	1185	1193	1254	1231	1111	1011	935	1080	1174	1171	1029	920	847	1047	1145	1264	1299	1327	1296	1405	1401	1371	1489	1444	1444	1446	111	947	985	
835	712	387	390	241	237	260	246	115	122	40	28	22	39	9999	5	53	79	288	284	757	852	927	925	775	592	648	548	441	391	320	355	432	384	258	164	117	252	325	481	563	721	664	1048	1101	1088	1227	1099	1055	1138	1076	956	862	792	923	1004	980	838	698	636	847	938	1098	1180	1252	1207	1348	1356	1332	1477	1383	1374	1375	234	1093	1134	
849	736	390	387	236	242	279	274	122	115	28	40	49	65	5	9999	26	52	255	262	720	841	926	896	744	536	592	475	394	338	280	294	355	302	208	103	71	195	252	404	469	642	597	1002	1044	1046	1179	1040	992	1055	1008	880	787	696	825	923	901	755	614	544	762	847	1015	1087	1188	1131	1320	1328	1304	1473	1341	1335	1336	305	1135	1168	
789	679	321	298	177	221	268	277	101	77	17	62	100	134	53	26	9999	4	143	179	585	710	818	738	593	363	414	306	233	215	163	148	216	169	80	37	15	90	140	252	318	446	412	814	884	903	1001	855	796	870	813	668	581	506	635	724	709	562	444	392	594	678	847	932	1010	946	1232	1240	1203	1438	1274	1275	1280	462	1119	1152	
834	750	370	336	213	254	324	346	142	107	45	92	156	212	79	52	4	9999	154	196	601	739	851	747	602	349	389	269	224	204	162	123	170	114	54	9	2	61	91	202	252	399	356	785	853	889	966	820	733	811	745	608	520	447	556	646	631	480	367	312	507	599	764	847	935	877	1185	1206	1172	1420	1222	1222	1226	541	1181	1209	
421	359	97	67	36	85	159	212	88	60	121	188	289	346	288	255	143	154	9999	6	186	276	396	282	189	76	116	102	47	10	2	69	104	206	129	155	162	266	307	322	399	252	203	420	440	433	598	464	522	614	624	471	368	312	515	603	679	547	488	447	664	761	850	935	847	766	952	931	844	1317	1245	1284	1289	734	833	857	
339	285	63	38	8	56	100	135	68	48	121	168	268	315	284	262	179	196	6	9999	157	243	331	273	178	99	154	158	75	37	16	112	173	261	193	215	211	328	379	412	474	319	252	452	466	436	637	513	600	687	703	558	444	395	605	692	786	641	581	537	771	846	946	1026	933	847	1016	989	898	1343	1291	1316	1323	683	746	774	
176	212	137	105	209	248	297	359	362	329	510	552	690	750	757	720	585	601	186	157	9999	14	72	25	2	120	165	264	220	171	189	341	386	568	517	591	602	732	763	719	785	420	329	252	217	125	386	312	554	644	740	604	497	464	729	806	954	848	845	820	1019	1068	1117	1185	952	854	847	773	619	1240	1325	1380	1389	1081	570	584	
100	152	187	149	270	311	339	408	445	429	625	651	789	823	852	841	710	739	276	243	14	9999	24	37	27	231	270	405	326	273	286	482	524	727	662	738	752	887	919	884	936	555	466	330	252	136	444	400	680	777	882	760	637	613	885	953	1096	1003	1001	977	1167	1212	1240	1283	1069	989	937	847	673	1281	1386	1429	1436	1143	455	465	
46	87	215	206	332	340	351	410	501	496	701	711	827	863	927	926	818	851	396	331	72	24	9999	98	96	366	431	566	473	411	417	638	686	894	817	866	868	1020	1046	1032	1095	749	649	498	403	252	612	564	883	959	1052	939	828	803	1050	1128	1251	1173	1162	1140	1286	1304	1322	1354	1238	1164	1104	1012	847	1337	1443	1465	1468	1141	304	310	
252	314	278	235	334	418	466	542	535	493	669	735	884	929	925	896	738	747	282	273	25	37	98	9999	12	144	181	299	265	243	275	426	438	647	622	710	737	835	849	789	834	421	339	176	100	46	252	226	486	565	677	567	466	453	708	782	951	856	884	864	1041	1086	1107	1177	892	795	713	621	461	1110	1303	1363	1376	1247	670	676	
226	252	190	130	230	283	347	420	401	354	532	589	731	785	775	744	593	602	189	178	2	27	96	12	9999	90	126	238	194	151	186	317	350	539	502	582	601	712	736	679	750	359	285	212	152	87	314	252	490	573	665	543	437	420	663	751	909	801	804	785	972	1028	1056	1137	890	794	778	689	546	1186	1299	1353	1362	1132	640	652	
486	490	252	195	199	291	397	454	327	263	360	456	611	666	592	536	363	349	76	99	120	231	366	144	90	9999	5	34	20	33	58	81	84	229	222	295	323	387	390	321	370	97	63	137	187	215	278	190	252	325	373	251	178	132	327	407	530	428	425	406	592	648	693	784	578	491	615	588	496	1094	1057	1170	1184	1065	957	973	
565	573	325	252	250	372	467	540	407	327	427	529	672	759	648	592	414	389	116	154	165	270	431	181	126	5	9999	21	33	57	83	84	81	223	228	316	352	390	387	298	336	67	38	105	149	206	235	130	195	252	292	200	113	89	263	327	457	361	377	358	536	592	627	697	492	413	526	504	431	1022	983	1089	1118	1148	1031	1045	
677	665	373	292	252	380	483	548	372	291	342	457	606	667	548	475	306	269	102	158	264	405	566	299	238	34	21	9999	11	51	70	31	18	93	109	214	239	241	236	177	213	36	8	209	270	332	334	230	199	250	252	146	83	60	198	249	345	244	240	232	393	440	500	579	443	365	576	583	533	1074	907	991	1009	1078	1139	1159	
567	543	251	200	146	252	351	415	250	199	245	344	477	545	441	394	233	224	47	75	220	326	473	265	194	20	33	11	9999	7	23	19	32	110	93	172	201	237	242	221	254	85	56	248	311	340	418	283	291	372	380	252	180	126	290	371	458	343	313	287	475	548	626	706	590	503	704	695	634	1196	1030	1116	1130	961	1023	1039	
466	437	178	113	83	180	252	309	185	124	205	272	412	462	391	338	215	204	10	37	171	273	411	243	151	33	57	51	7	9999	3	43	64	153	118	179	192	260	279	268	324	159	100	297	339	351	466	347	397	467	483	351	252	219	402	474	571	442	412	375	580	655	742	822	700	621	809	795	702	1263	1147	1215	1229	876	924	941	
453	420	132	89	60	126	219	252	127	82	139	227	337	399	320	280	163	162	2	16	189	286	417	275	186	58	83	70	23	3	9999	50	73	166	106	138	154	246	274	277	346	212	135	359	408	410	542	420	454	540	548	415	309	252	446	534	618	479	434	399	609	682	788	875	778	681	890	867	790	1295	1194	1247	1256	800	897	922	
708	663	327	263	198	290	402	446	252	195	208	301	430	494	355	294	148	123	69	112	341	482	638	426	317	81	84	31	19	43	50	9999	5	42	29	74	95	115	122	101	142	88	68	362	445	501	535	401	327	407	372	250	185	127	252	325	385	259	225	191	355	432	527	617	572	499	781	798	758	1250	969	1026	1035	917	1142	1163	
782	751	407	327	249	371	474	534	325	252	258	383	509	575	432	355	216	170	104	173	386	524	686	438	350	84	81	18	32	64	73	5	9999	30	41	94	128	122	115	77	107	60	48	329	429	496	493	354	263	327	291	199	124	82	195	252	303	210	167	133	294	355	443	528	482	422	694	726	686	1198	888	945	957	997	1205	1224	
951	909	530	457	345	458	571	618	385	303	252	381	489	553	384	302	169	114	206	261	568	727	894	647	539	229	223	93	110	153	166	42	30	9999	12	55	78	40	28	17	45	121	121	510	625	701	669	532	360	427	342	245	205	139	208	258	252	145	86	66	207	257	376	451	516	459	821	872	858	1278	842	861	873	963	1293	1300	
856	801	428	361	244	343	442	479	259	210	145	252	353	424	258	208	80	54	129	193	517	662	817	622	502	222	228	109	93	118	106	29	41	12	9999	13	35	28	40	62	92	188	168	552	651	711	735	589	456	529	457	344	272	227	301	383	381	252	184	131	300	382	508	596	654	591	930	962	934	1315	986	1007	1013	819	1239	1257	
884	804	425	377	240	313	412	434	225	167	86	184	252	308	164	103	37	9	155	215	591	738	866	710	582	295	316	214	172	179	138	74	94	55	13	9999	1	22	49	100	156	289	268	690	789	827	884	731	611	672	606	477	412	337	430	509	489	353	252	218	388	463	621	699	805	742	1070	1107	1069	1384	1097	1101	1106	671	1236	1255	
864	785	406	358	232	287	375	399	191	133	66	131	218	252	117	71	15	2	162	211	602	752	868	737	601	323	352	239	201	192	154	95	128	78	35	1	9999	39	65	134	212	346	315	750	823	863	929	785	666	759	667	545	462	399	494	575	553	424	308	252	435	525	680	778	875	812	1137	1161	1127	1403	1161	1161	1166	616	1214	1237	
1041	972	592	536	393	475	580	609	355	294	207	300	388	435	252	195	90	61	266	328	732	887	1020	835	712	387	390	241	237	260	246	115	122	40	28	22	39	9999	5	53	79	288	284	757	852	927	925	775	592	648	548	441	391	320	355	432	384	258	164	117	252	325	481	563	721	664	1048	1101	1088	1366	971	957	958	816	1314	1329	
1086	1028	648	592	440	548	655	682	432	355	257	382	463	525	325	252	140	91	307	379	763	919	1046	849	736	390	387	236	242	279	274	122	115	28	40	49	65	5	9999	26	52	255	262	720	841	926	896	744	536	592	475	394	338	280	294	355	302	208	103	71	195	252	404	469	642	597	1002	1044	1046	1344	891	865	868	916	1342	1352	
1107	1056	693	627	500	626	742	788	527	443	376	508	621	680	481	404	252	202	322	412	719	884	1032	789	679	321	298	177	221	268	277	101	77	17	62	100	134	53	26	9999	4	143	179	585	710	818	738	593	363	414	306	233	215	163	148	216	169	80	37	15	90	140	252	318	446	412	814	884	903	1266	696	705	715	1066	1358	1368	
1177	1137	784	697	579	706	822	875	617	528	451	596	699	778	563	469	318	252	399	474	785	936	1095	834	750	370	336	213	254	324	346	142	107	45	92	156	212	79	52	4	9999	154	196	601	739	851	747	602	349	389	269	224	204	162	123	170	114	54	9	2	61	91	202	252	399	356	785	853	889	1242	623	623	629	1154	1390	1400	
892	890	578	492	443	590	700	778	572	482	516	654	805	875	721	642	446	399	252	319	420	555	749	421	359	97	67	36	85	159	212	88	60	121	188	289	346	288	255	143	154	9999	6	186	276	396	282	189	76	116	102	47	10	2	69	104	206	129	155	162	266	307	322	399	252	203	420	440	433	928	669	791	807	1248	1285	1290	
795	794	491	413	365	503	621	681	499	422	459	591	742	812	664	597	412	356	203	252	329	466	649	339	285	63	38	8	56	100	135	68	48	121	168	268	315	284	262	179	196	6	9999	157	243	331	273	178	99	154	158	75	37	16	112	173	261	193	215	211	328	379	412	474	319	252	452	466	436	965	776	886	908	1204	1234	1243	
713	778	615	526	576	704	809	890	781	694	821	930	1070	1137	1048	1002	814	785	420	452	252	330	498	176	212	137	105	209	248	297	359	362	329	510	552	690	750	757	720	585	601	186	157	9999	14	72	25	2	120	165	264	220	171	189	341	386	568	517	591	602	732	763	719	785	420	329	252	217	125	660	944	1112	1140	1359	1173	1178	
621	689	588	504	583	695	795	867	798	726	872	962	1107	1161	1101	1044	884	853	440	466	217	252	403	100	152	187	149	270	311	339	408	445	429	625	651	789	823	852	841	710	739	276	243	14	9999	24	37	27	231	270	405	326	273	286	482	524	727	662	738	752	887	919	884	936	555	466	330	252	136	717	1082	1241	1261	1364	1064	1071	
461	546	496	431	533	634	702	790	758	686	858	934	1069	1127	1088	1046	903	889	433	436	125	136	252	46	87	215	206	332	340	351	410	501	496	701	711	827	863	927	926	818	851	396	331	72	24	9999	98	96	366	431	566	473	411	417	638	686	894	817	866	868	1020	1046	1032	1095	749	649	498	403	252	874	1244	1319	1333	1345	915	918	
847	926	795	696	772	906	989	1051	965	905	1014	1113	1240	1279	1227	1179	1001	966	598	637	386	444	612	252	314	278	235	334	418	466	542	535	493	669	735	884	929	925	896	738	747	282	273	25	37	98	9999	12	144	181	299	265	243	275	426	438	647	622	710	737	835	849	789	834	421	339	176	100	46	499	940	1126	1158	1427	1258	1262	
793	847	672	595	639	779	877	952	840	765	878	984	1129	1185	1099	1040	855	820	464	513	312	400	564	226	252	190	130	230	283	347	420	401	354	532	589	731	785	775	744	593	602	189	178	2	27	96	12	9999	90	126	238	194	151	186	317	350	539	502	582	601	712	736	679	750	359	285	212	152	87	597	899	1060	1090	1387	1228	1235	
1049	1079	847	762	742	894	1000	1059	907	809	859	995	1133	1193	1055	992	796	733	522	600	554	680	883	486	490	252	195	199	291	397	454	327	263	360	456	611	666	592	536	363	349	76	99	120	231	366	144	90	9999	5	34	20	33	58	81	84	229	222	295	323	387	390	321	370	97	63	137	187	215	574	519	684	718	1391	1355	1360	
1142	1173	938	847	830	974	1077	1151	984	907	942	1063	1207	1254	1138	1055	870	811	614	687	644	777	959	565	573	325	252	250	372	467	540	407	327	427	529	672	759	648	592	414	389	116	154	165	270	431	181	126	5	9999	21	33	57	83	84	81	223	228	316	352	390	387	298	336	67	38	105	149	206	511	449	632	657	1418	1392	1396	
1213	1229	976	895	847	994	1102	1165	975	894	911	1037	1176	1231	1076	1008	813	745	624	703	740	882	1052	677	665	373	292	252	380	483	548	372	291	342	457	606	667	548	475	306	269	102	158	264	405	566	299	238	34	21	9999	11	51	70	31	18	93	109	214	239	241	236	177	213	36	8	209	270	332	630	333	472	505	1406	1419	1423	
1091	1108	831	743	692	847	964	1025	830	742	769	913	1042	1111	956	880	668	608	471	558	604	760	939	567	543	251	200	146	252	351	415	250	199	245	344	477	545	441	394	233	224	47	75	220	326	473	265	194	20	33	11	9999	7	23	19	32	110	93	172	201	237	242	221	254	85	56	248	311	340	722	450	587	610	1349	1369	1378	
989	999	707	620	577	728	847	921	717	628	658	802	946	1011	862	787	581	520	368	444	497	637	828	466	437	178	113	83	180	252	309	185	124	205	272	412	462	391	338	215	204	10	37	171	273	411	243	151	33	57	51	7	9999	3	43	64	153	118	179	192	260	279	268	324	159	100	297	339	351	798	560	685	714	1308	1324	1330	
949	952	650	559	514	659	785	847	645	550	586	725	871	935	792	696	506	447	312	395	464	613	803	453	420	132	89	60	126	219	252	127	82	139	227	337	399	320	280	163	162	2	16	189	286	417	275	186	58	83	70	23	3	9999	50	73	166	106	138	154	246	274	277	346	212	135	359	408	410	869	607	723	753	1285	1305	1311	
1192	1190	907	809	741	893	1005	1053	847	762	754	900	1024	1080	923	825	635	556	515	605	729	885	1050	708	663	327	263	198	290	402	446	252	195	208	301	430	494	355	294	148	123	69	112	341	482	638	426	317	81	84	31	19	43	50	9999	5	42	29	74	95	115	122	101	142	88	68	362	445	501	845	369	460	476	1341	1409	1412	
1249	1252	984	907	829	974	1083	1149	938	847	837	979	1109	1174	1004	923	724	646	603	692	806	953	1128	782	751	407	327	249	371	474	534	325	252	258	383	509	575	432	355	216	170	104	173	386	524	686	438	350	84	81	18	32	64	73	5	9999	30	41	94	128	122	115	77	107	60	48	329	429	496	797	292	398	419	1379	1434	1440	
1306	1301	1064	996	914	1038	1155	1199	981	902	847	995	1105	1171	980	901	709	631	679	786	954	1096	1251	951	909	530	457	345	458	571	618	385	303	252	381	489	553	384	302	169	114	206	261	568	727	894	647	539	229	223	93	110	153	166	42	30	9999	12	55	78	40	28	17	45	121	121	510	625	701	960	247	281	293	1372	1460	1463	
1259	1246	943	860	770	912	1021	1062	839	756	691	847	967	1029	838	755	562	480	547	641	848	1003	1173	856	801	428	361	244	343	442	479	259	210	145	252	353	424	258	208	80	54	129	193	517	662	817	622	502	222	228	109	93	118	106	29	41	12	9999	13	35	28	40	62	92	188	168	552	651	711	1027	368	409	423	1310	1435	1441	
1240	1217	894	810	688	826	946	993	748	653	584	733	847	920	698	614	444	367	488	581	845	1001	1162	884	804	425	377	240	313	412	434	225	167	86	184	252	308	164	103	37	9	155	215	591	738	866	710	582	295	316	214	172	179	138	74	94	55	13	9999	1	22	49	100	156	289	268	690	789	827	1169	478	485	495	1260	1422	1432	
1216	1185	843	768	643	780	904	935	675	597	521	661	783	847	636	544	392	312	447	537	820	977	1140	864	785	406	358	232	287	375	399	191	133	66	131	218	252	117	71	15	2	162	211	602	752	868	737	601	323	352	239	201	192	154	95	128	78	35	1	9999	39	65	134	212	346	315	750	823	863	1210	549	549	551	1211	1410	1416	
1321	1307	1055	992	879	1008	1115	1157	923	825	753	900	998	1047	847	762	594	507	664	771	1019	1167	1286	1041	972	592	536	393	475	580	609	355	294	207	300	388	435	252	195	90	61	266	328	732	887	1020	835	712	387	390	241	237	260	246	115	122	40	28	22	39	9999	5	53	79	288	284	757	852	927	1187	376	348	349	1313	1462	1466	
1347	1338	1138	1055	955	1075	1191	1228	1004	923	836	978	1073	1145	938	847	678	599	761	846	1068	1212	1304	1086	1028	648	592	440	548	655	682	432	355	257	382	463	525	325	252	140	91	307	379	763	919	1046	849	736	390	387	236	242	279	274	122	115	28	40	49	65	5	9999	26	52	255	262	720	841	926	1153	296	267	271	1351	1474	1476	
1377	1370	1220	1150	1054	1189	1271	1292	1125	1034	988	1124	1223	1264	1098	1015	847	764	850	946	1117	1240	1322	1107	1056	693	627	500	626	742	788	527	443	376	508	621	680	481	404	252	202	322	412	719	884	1032	789	679	321	298	177	221	268	277	101	77	17	62	100	134	53	26	9999	4	143	179	585	710	818	999	161	174	183	1414	1478	1481	
1408	1405	1273	1221	1146	1254	1302	1327	1202	1122	1061	1200	1276	1299	1180	1087	932	847	935	1026	1185	1283	1354	1177	1137	784	697	579	706	822	875	617	528	451	596	699	778	563	469	318	252	399	474	785	936	1095	834	750	370	336	213	254	324	346	142	107	45	92	156	212	79	52	4	9999	154	196	601	739	851	990	108	108	119	1442	1487	1488	
1318	1329	1183	1100	1058	1197	1277	1299	1182	1092	1107	1233	1297	1327	1252	1188	1010	935	847	933	952	1069	1238	892	890	578	492	443	590	700	778	572	482	516	654	805	875	721	642	446	399	252	319	420	555	749	421	359	97	67	36	85	159	212	88	60	121	188	289	346	288	255	143	154	9999	6	186	276	396	531	197	335	364	1457	1464	1467	
1287	1294	1103	1018	982	1120	1223	1265	1110	1023	1033	1175	1271	1296	1207	1131	946	877	766	847	854	989	1164	795	794	491	413	365	503	621	681	499	422	459	591	742	812	664	597	412	356	203	252	329	466	649	339	285	63	38	8	56	100	135	68	48	121	168	268	315	284	262	179	196	6	9999	157	243	331	535	253	416	437	1448	1454	1456	
1282	1299	1201	1121	1144	1253	1298	1329	1272	1219	1267	1315	1382	1405	1348	1320	1232	1185	952	1016	847	937	1104	713	778	615	526	576	704	809	890	781	694	821	930	1070	1137	1048	1002	814	785	420	452	252	330	498	176	212	137	105	209	248	297	359	362	329	510	552	690	750	757	720	585	601	186	157	9999	14	72	182	557	799	832	1483	1445	1447	
1223	1270	1160	1067	1114	1230	1287	1309	1263	1208	1269	1312	1377	1401	1356	1328	1240	1206	931	989	773	847	1012	621	689	588	504	583	695	795	867	798	726	872	962	1107	1161	1101	1044	884	853	440	466	217	252	403	100	152	187	149	270	311	339	408	445	429	625	651	789	823	852	841	710	739	276	243	14	9999	24	185	716	948	984	1479	1413	1415	
1072	1156	1036	959	1017	1136	1218	1268	1195	1128	1225	1288	1346	1371	1332	1304	1203	1172	844	898	619	673	847	461	546	496	431	533	634	702	790	758	686	858	934	1069	1127	1088	1046	903	889	433	436	125	136	252	46	87	215	206	332	340	351	410	501	496	701	711	827	863	927	926	818	851	396	331	72	24	9999	274	881	1085	1123	1475	1350	1352	
1428	1449	1411	1385	1397	1439	1458	1470	1451	1431	1453	1469	1486	1489	1477	1473	1438	1420	1317	1343	1240	1281	1337	1110	1186	1094	1022	1074	1196	1263	1295	1250	1198	1278	1315	1384	1403	1366	1344	1266	1242	928	965	660	717	874	499	597	574	511	630	722	798	869	845	797	960	1027	1169	1210	1187	1153	999	990	531	535	182	185	274	9999	808	1043	1084	1497	1491	1490	
1471	1472	1404	1367	1340	1399	1437	1450	1381	1339	1326	1388	1424	1444	1383	1341	1274	1222	1245	1291	1325	1386	1443	1303	1299	1057	983	907	1030	1147	1194	969	888	842	986	1097	1161	971	891	696	623	669	776	944	1082	1244	940	899	519	449	333	450	560	607	369	292	247	368	478	549	376	296	161	108	197	253	557	716	881	808	9999	44	59	1492	1493	1494	
1482	1480	1430	1402	1365	1417	1452	1459	1395	1357	1331	1393	1425	1444	1374	1335	1275	1222	1284	1316	1380	1429	1465	1363	1353	1170	1089	991	1116	1215	1247	1026	945	861	1007	1101	1161	957	865	705	623	791	886	1112	1241	1319	1126	1060	684	632	472	587	685	723	460	398	281	409	485	549	348	267	174	108	335	416	799	948	1085	1043	44	9999	0	1491	1495	1496	
1485	1484	1433	1407	1373	1421	1455	1461	1398	1361	1334	1394	1426	1446	1375	1336	1280	1226	1289	1323	1389	1436	1468	1376	1362	1184	1118	1009	1130	1229	1256	1035	957	873	1013	1106	1166	958	868	715	629	807	908	1140	1261	1333	1158	1090	718	657	505	610	714	753	476	419	293	423	495	551	349	271	183	119	364	437	832	984	1123	1084	59	0	9999	1490	1496	1497	
970	824	633	674	569	468	427	357	378	439	374	256	150	111	234	305	462	541	734	683	1081	1143	1141	1247	1132	1065	1148	1078	961	876	800	917	997	963	819	671	616	816	916	1066	1154	1248	1204	1359	1364	1345	1427	1387	1391	1418	1406	1349	1308	1285	1341	1379	1372	1310	1260	1211	1313	1351	1414	1442	1457	1448	1483	1479	1475	1497	1492	1491	1490	9999	1043	1084	
141	147	448	512	656	561	484	487	730	784	968	910	950	947	1093	1135	1119	1181	833	746	570	455	304	670	640	957	1031	1139	1023	924	897	1142	1205	1293	1239	1236	1214	1314	1342	1358	1390	1285	1234	1173	1064	915	1258	1228	1355	1392	1419	1369	1324	1305	1409	1434	1460	1435	1422	1410	1462	1474	1478	1487	1464	1454	1445	1413	1350	1491	1493	1495	1496	1043	9999	0	
160	175	470	538	681	598	518	523	767	815	1006	937	987	985	1134	1168	1152	1209	857	774	584	465	310	676	652	973	1045	1159	1039	941	922	1163	1224	1300	1257	1255	1237	1329	1352	1368	1400	1290	1243	1178	1071	918	1262	1235	1360	1396	1423	1378	1330	1311	1412	1440	1463	1441	1432	1416	1466	1476	1481	1488	1467	1456	1447	1415	1352	1490	1494	1496	1497	1084	0	9999	
EOF