NAME: u159Preorder
TYPE: ATSP
DIMENSION: 159
EDGE_WEIGHT_TYPE: EXPLICIT
EDGE_WEIGHT_FORMAT: FULL_MATRIX 
EDGE_WEIGHT_SECTION
9999	25	22	37	52	67	87	110	121	133	158	156	186	217	233	247	265	363	407	424	421	376	397	436	481	571	551	604	611	536	426	378	413	361	350	312	302	295	319	331	282	287	339	350	407	443	478	519	585	651	679	754	856	889	883	909	930	940	955	958	952	943	925	928	923	920	914	907	903	898	892	888	848	773	719	785	780	870	864	857	853	845	841	838	832	828	749	702	662	611	566	521	514	624	688	717	813	811	807	804	802	800	799	798	797	726	621	415	375	336	298	264	232	246	279	312	350	389	426	386	349	313	282	155	77	48	94	135	136	169	154	204	200	212	245	235	233	276	202	231	191	211	176	162	166	137	125	113	127	109	91	78	69	73	75	48	52	42	4	
25	9999	2	2	8	19	28	42	50	57	76	78	96	119	131	146	156	234	269	284	282	247	263	299	335	417	395	440	445	378	283	246	278	237	228	201	192	190	214	228	189	202	243	261	306	342	378	417	470	533	551	615	734	781	757	804	848	875	913	927	911	894	853	866	858	850	843	838	830	822	815	809	747	654	603	678	682	788	783	778	772	768	765	760	758	755	677	623	580	534	486	459	459	553	620	648	750	749	748	749	750	751	752	755	758	691	589	389	346	309	275	242	211	198	231	263	297	335	346	309	275	242	211	120	81	32	57	87	96	121	95	128	120	129	153	142	134	167	107	128	99	113	87	78	80	60	52	44	54	40	30	22	17	19	21	7	10	9	12	
22	2	9999	4	11	17	30	44	52	60	78	76	98	121	133	144	158	239	275	288	286	249	265	297	337	415	397	444	457	393	294	258	297	257	248	222	212	213	241	254	216	231	275	294	342	378	417	457	512	574	592	661	777	818	790	836	877	896	929	938	928	914	881	892	888	882	877	870	864	857	853	845	791	705	652	728	732	832	828	823	817	813	811	807	804	802	729	677	629	580	534	503	503	599	673	699	798	797	796	797	798	799	800	802	804	739	641	429	385	346	309	275	242	231	263	297	335	374	385	346	309	275	242	145	98	46	76	110	119	146	116	153	140	152	175	163	151	181	120	140	107	120	91	82	84	64	56	48	59	49	34	25	19	24	27	12	16	18	14	
37	2	4	9999	2	11	17	28	35	42	57	60	76	96	107	121	131	203	236	250	249	214	231	265	297	376	354	399	405	342	251	217	251	213	204	179	169	172	197	210	176	191	231	251	294	328	365	405	453	516	533	590	711	755	728	772	826	852	899	917	899	879	834	850	843	838	830	822	815	809	801	794	733	636	588	662	671	778	772	768	765	760	758	755	752	751	674	621	575	529	482	459	462	550	622	648	748	749	750	751	752	755	758	760	765	702	600	400	353	317	283	251	220	201	233	265	299	337	340	303	269	236	205	122	93	38	60	85	98	119	90	120	107	118	137	126	115	144	89	107	80	91	69	60	62	44	37	30	39	29	19	12	8	11	12	3	6	9	22	
52	8	11	2	9999	4	8	17	22	28	42	44	57	76	85	98	107	175	205	218	217	184	198	233	263	337	315	359	365	306	220	188	225	190	180	161	151	154	182	195	165	181	220	242	283	317	353	393	436	499	516	570	684	732	694	741	797	829	885	906	887	866	813	838	830	822	815	809	801	794	788	783	720	618	576	650	661	768	765	760	758	755	752	751	750	749	674	621	572	526	480	462	467	550	625	650	750	751	752	755	758	760	765	768	772	715	611	410	365	328	294	261	231	205	236	269	303	340	337	299	265	233	201	127	106	47	64	87	102	121	86	113	99	109	123	114	100	125	73	89	63	73	52	44	46	30	25	19	26	20	11	5	2	4	7	3	6	12	35	
67	19	17	11	4	9999	4	11	14	19	30	28	44	60	69	76	87	153	181	193	190	158	173	198	233	297	282	326	342	289	202	177	222	192	180	167	154	164	196	210	181	205	242	269	309	346	385	427	467	533	543	597	710	751	707	748	806	837	890	914	898	882	834	857	853	845	841	838	832	828	823	817	754	656	614	691	707	807	804	802	800	799	798	797	796	797	729	677	621	572	526	512	518	599	683	707	800	802	804	807	811	813	817	823	828	771	678	465	417	378	342	306	275	242	275	309	346	385	374	335	297	263	231	159	141	72	88	113	130	150	108	133	113	125	136	124	104	125	72	84	58	63	40	34	38	24	20	15	23	21	11	3	2	8	12	12	16	27	52	
87	28	30	17	8	4	9999	2	5	8	17	19	28	42	50	60	67	122	150	160	158	131	144	173	198	265	247	284	294	243	165	140	179	153	142	129	120	128	159	174	150	173	205	233	269	303	340	380	414	475	485	536	640	685	635	680	739	774	844	879	858	838	775	809	801	794	788	783	778	772	768	765	695	594	559	633	650	755	752	751	750	749	748	749	750	751	681	629	575	529	482	474	481	557	641	661	758	760	765	768	772	778	783	788	794	739	644	441	393	357	323	289	259	220	251	283	317	353	337	299	265	233	201	147	144	73	81	99	118	130	90	107	87	98	105	95	74	93	47	58	37	40	25	19	21	11	7	4	10	9	2	0	2	4	7	14	16	29	67	
110	42	44	28	17	11	2	9999	0	2	8	11	17	28	35	44	50	100	125	135	133	107	119	146	171	233	214	250	261	216	139	120	161	137	126	118	107	120	153	166	146	171	201	231	265	299	337	376	407	469	475	522	619	663	608	649	716	746	827	866	843	822	757	794	788	783	778	772	768	765	760	758	688	585	555	625	648	751	750	749	748	749	750	751	752	755	688	636	580	534	486	481	492	565	650	671	765	768	772	778	783	788	794	801	809	757	663	459	411	374	340	308	278	231	261	294	328	365	340	303	269	236	205	158	167	89	93	107	129	139	95	110	85	96	100	90	67	81	38	47	27	29	14	11	12	4	3	2	6	9	4	5	8	11	12	25	26	40	85	
121	50	52	35	22	14	5	0	9999	0	5	7	12	22	28	37	42	90	113	122	121	96	107	133	156	217	198	234	246	203	128	111	153	129	120	113	103	116	150	162	145	172	199	232	264	298	336	375	403	467	474	517	610	654	593	635	700	734	816	858	838	815	747	788	783	778	772	768	765	760	758	755	683	583	553	623	647	750	749	748	749	750	751	752	755	758	691	641	583	536	491	485	499	567	656	676	768	772	778	783	788	794	801	809	815	766	674	469	422	384	350	318	287	237	268	300	334	370	343	305	272	239	208	167	177	98	100	114	137	147	99	112	86	97	98	87	64	74	34	42	24	24	11	7	10	3	2	3	5	11	7	8	12	14	16	30	32	48	96	
133	57	60	42	28	19	8	2	0	9999	2	4	8	17	22	30	35	80	102	112	110	85	96	121	144	201	184	218	231	189	118	101	144	123	114	109	99	113	148	160	144	173	198	233	263	297	335	374	401	464	469	511	603	644	583	619	687	725	804	850	830	809	739	783	778	772	768	765	760	758	755	752	681	580	551	622	648	749	748	749	750	751	752	755	758	760	695	645	585	538	494	492	507	570	662	682	772	778	783	788	794	801	809	815	822	775	685	478	431	394	361	328	297	243	275	306	342	378	346	309	275	242	211	175	189	107	106	120	144	152	103	113	87	98	97	86	62	71	32	38	21	20	7	4	7	2	3	4	6	12	11	12	17	19	21	37	39	56	107	
158	76	78	57	42	30	17	8	5	2	9999	2	2	8	12	19	22	62	82	90	87	67	76	98	119	173	156	187	202	167	98	84	129	113	103	102	91	110	145	157	146	176	201	236	265	299	337	376	397	460	464	497	588	627	562	593	661	696	784	838	815	794	728	772	768	765	760	758	755	752	751	750	677	575	549	620	650	749	750	751	752	755	758	760	765	768	708	656	594	548	504	507	524	583	678	694	783	788	794	801	809	815	822	830	838	793	709	501	454	417	382	351	321	259	289	323	357	393	353	317	283	251	220	192	216	128	125	134	161	167	114	120	91	102	97	86	58	64	29	32	18	12	3	2	5	4	7	11	10	20	19	22	28	30	32	52	54	73	131	
156	78	76	60	44	28	19	11	7	4	2	9999	4	11	14	17	25	67	88	95	91	69	78	96	121	171	158	193	216	181	111	100	152	136	124	125	113	133	172	185	173	205	233	269	299	337	376	417	438	505	508	544	637	678	604	639	709	739	824	870	853	838	771	817	813	811	807	804	802	800	799	798	729	623	596	673	704	797	798	799	800	802	804	807	811	813	754	708	645	594	548	552	566	632	728	742	828	832	838	841	845	853	857	864	870	834	751	541	490	454	417	382	351	289	323	357	393	432	393	353	317	283	251	214	233	140	141	154	181	189	135	143	113	125	120	108	77	82	43	46	29	21	9	8	12	11	12	15	16	27	24	25	30	34	38	56	59	80	133	
186	96	98	76	57	44	28	17	12	8	2	4	9999	2	5	11	12	46	64	70	69	50	57	78	96	146	131	160	176	144	81	72	118	105	95	98	87	107	145	157	150	181	205	242	269	303	340	380	395	458	460	491	576	611	540	569	638	672	762	822	801	783	715	765	760	758	755	752	751	750	749	748	674	572	551	622	655	751	752	755	758	760	765	768	772	778	720	669	606	561	517	524	540	595	693	712	794	801	809	815	822	830	838	843	850	813	732	528	475	442	408	376	346	278	308	340	374	411	365	328	294	261	231	212	243	153	144	151	179	181	126	128	99	109	100	90	58	60	29	29	18	9	3	4	7	11	14	19	16	29	30	35	42	44	46	69	70	91	156	
217	119	121	96	76	60	42	28	22	17	8	11	2	9999	0	4	5	32	48	54	52	35	42	60	76	121	107	135	152	125	66	61	109	100	90	96	85	110	148	160	155	191	211	251	275	309	346	385	397	460	458	483	567	600	524	551	615	650	744	809	788	772	702	758	755	752	751	750	749	748	749	750	674	572	555	625	661	755	758	760	765	768	772	778	783	788	733	686	618	572	529	540	562	610	714	728	809	815	822	830	838	843	850	858	866	834	755	556	502	468	434	404	371	297	328	361	394	431	378	342	306	275	243	234	275	177	167	169	201	201	142	140	107	118	105	95	62	57	32	29	21	9	7	11	12	19	25	30	26	40	44	50	57	60	62	87	90	113	184	
233	131	133	107	85	69	50	35	28	22	12	14	5	0	9999	3	2	26	40	46	44	28	35	52	67	110	96	122	140	115	58	55	105	98	87	97	86	112	150	162	159	196	214	255	279	312	350	389	399	462	459	482	565	594	516	540	606	640	734	801	783	768	695	755	752	751	750	749	748	749	750	751	675	573	557	629	666	758	760	765	768	772	778	783	788	794	739	693	627	581	536	551	569	619	724	734	815	822	830	838	843	850	858	866	873	842	767	568	518	481	448	418	387	310	339	370	407	443	386	349	313	282	252	245	290	191	177	180	213	212	151	149	114	123	109	99	64	58	34	30	24	11	11	14	16	25	30	37	32	48	52	57	67	69	70	98	100	125	198	
247	146	144	121	98	76	60	44	37	30	19	17	11	4	3	9999	3	27	42	45	40	25	30	42	60	96	87	116	144	125	66	67	125	120	108	121	110	137	178	193	191	231	251	294	317	353	393	434	443	508	505	528	607	641	552	574	644	679	769	838	823	811	739	800	799	798	797	796	797	798	799	800	729	623	607	683	723	807	811	813	817	823	828	832	838	841	791	747	686	636	587	604	625	679	775	787	857	864	870	877	882	888	892	898	903	881	818	620	568	533	496	464	432	351	382	417	454	490	432	393	357	323	289	280	323	217	207	212	245	245	180	177	140	152	136	124	84	78	52	46	38	21	20	24	27	34	40	48	45	63	64	69	78	82	84	113	116	143	217	
265	156	158	131	107	87	67	50	42	35	22	25	12	5	2	3	9999	16	29	32	30	17	22	37	50	87	76	100	120	100	47	48	100	96	85	100	90	116	155	168	169	209	226	268	287	324	360	400	403	467	462	480	557	585	499	524	587	619	718	788	772	760	688	751	750	749	748	749	750	751	752	755	679	577	565	636	676	765	768	772	778	783	788	794	801	809	757	714	644	597	554	569	593	640	740	752	830	838	843	850	858	866	873	879	887	862	791	598	546	513	476	447	419	332	364	395	428	465	402	366	329	298	270	271	325	220	203	204	237	234	169	163	126	137	118	107	71	62	42	34	31	15	19	25	26	37	44	52	46	64	69	76	85	87	90	121	122	150	231	
363	234	239	203	175	153	122	100	90	80	62	67	46	32	26	27	16	9999	3	5	6	6	7	20	21	52	39	50	61	49	14	23	69	75	67	89	81	111	149	158	172	213	219	264	276	305	339	375	365	426	414	421	479	505	409	426	485	517	606	691	681	675	598	675	677	679	681	683	688	691	695	702	617	525	522	588	636	720	728	733	739	747	757	766	775	785	739	696	625	583	541	572	602	629	734	743	813	825	834	842	853	862	871	878	888	869	809	629	577	546	518	489	465	364	389	418	447	478	401	367	336	307	280	314	400	288	255	243	282	270	203	181	144	153	124	115	79	58	59	45	54	36	51	58	57	77	86	97	85	108	120	135	148	145	144	185	184	215	320	
407	269	275	236	205	181	150	125	113	102	82	88	64	48	40	42	29	3	9999	1	3	9	8	19	15	42	29	36	42	34	8	21	64	74	68	93	84	115	153	163	179	222	225	271	278	308	340	374	360	417	405	407	460	479	381	393	456	481	570	657	650	647	571	652	655	657	661	666	671	676	682	689	606	517	516	581	630	712	718	728	734	744	752	762	772	784	743	700	629	585	547	583	613	635	739	746	816	827	838	844	855	867	876	885	891	877	821	650	598	568	539	516	490	382	408	434	464	493	408	376	346	319	294	339	434	322	283	268	306	289	223	197	158	167	134	126	89	66	73	56	69	50	69	78	77	98	110	121	108	131	146	162	176	173	172	217	215	247	360	
424	284	288	250	218	193	160	135	122	112	90	95	70	54	46	45	32	5	1	9999	0	7	6	13	10	33	21	28	41	39	13	29	75	89	81	108	100	133	172	181	200	244	248	295	302	333	368	403	386	444	430	429	482	503	401	409	474	497	589	681	675	674	597	681	683	688	691	695	702	708	715	720	637	543	545	610	663	739	747	757	766	775	785	793	803	813	777	734	664	619	578	616	650	671	774	781	842	853	862	871	878	888	895	902	908	896	847	687	634	602	572	547	523	412	437	466	494	526	437	406	373	345	320	366	461	343	304	290	330	314	243	219	177	185	153	144	104	79	84	67	80	58	77	86	85	108	120	132	119	145	157	175	187	185	184	232	231	264	377	
421	282	286	249	217	190	158	133	121	110	87	91	69	52	44	40	30	6	3	0	9999	4	3	9	7	29	19	29	47	46	18	34	84	98	89	117	108	142	181	194	212	256	260	310	318	350	384	422	406	465	451	452	506	526	421	429	494	521	614	707	701	699	621	707	711	715	717	723	727	732	736	742	662	566	566	636	689	763	769	780	787	796	805	814	824	833	795	755	687	642	599	637	670	692	791	800	859	868	877	884	890	897	904	910	919	905	862	706	650	616	586	560	535	426	451	478	512	542	455	422	389	360	331	374	467	346	311	296	339	325	252	228	185	194	161	153	111	84	88	71	82	60	76	85	86	107	119	131	120	146	156	173	186	184	185	231	232	265	376	
376	247	249	214	184	158	131	107	96	85	67	69	50	35	28	25	17	6	9	7	4	9999	0	7	12	37	28	46	72	67	29	44	100	109	99	123	114	149	189	203	214	260	270	318	329	366	402	441	430	492	481	486	550	572	469	481	548	576	676	760	752	749	674	751	752	755	758	760	765	768	772	778	702	600	595	669	718	794	801	809	815	822	830	838	843	850	813	773	709	661	615	649	680	711	808	816	873	879	887	894	899	906	911	917	922	908	865	703	646	610	579	550	522	419	447	476	513	546	465	428	395	364	332	361	436	317	290	284	325	312	241	223	180	190	161	151	106	85	81	66	71	48	60	69	70	87	98	110	100	125	133	144	156	158	160	201	203	236	335	
397	263	265	231	198	173	144	119	107	96	76	78	57	42	35	30	22	7	8	6	3	0	9999	4	8	30	22	39	66	64	28	46	102	113	103	129	120	154	197	210	225	271	278	328	340	374	411	449	436	499	485	491	551	571	467	475	544	570	671	758	751	748	673	752	755	758	760	765	768	772	778	783	708	606	603	678	728	801	809	815	822	830	838	843	850	858	825	785	720	674	629	663	694	725	818	827	879	887	894	899	906	911	917	922	927	916	877	721	666	631	598	568	539	434	464	493	527	563	475	442	408	376	346	377	457	336	306	298	340	328	254	235	192	201	169	160	115	93	89	73	80	56	69	78	80	98	110	121	112	137	146	156	171	173	175	217	218	252	354	
436	299	297	265	233	198	173	146	133	121	98	96	78	60	52	42	37	20	19	13	9	7	4	9999	4	17	14	33	71	78	44	67	130	147	135	167	154	194	241	254	271	321	328	382	394	431	469	510	492	558	543	544	601	622	506	514	583	609	715	800	797	798	728	804	807	811	813	817	823	828	832	838	766	669	668	739	787	853	857	864	870	877	882	888	892	898	874	842	785	743	700	735	764	787	871	877	914	920	923	928	932	934	938	943	947	937	912	787	737	706	670	637	607	496	527	559	592	631	539	502	468	434	404	435	516	384	357	350	394	382	302	282	235	245	212	200	151	125	120	101	107	80	91	102	105	125	137	150	138	168	176	186	201	205	208	252	254	291	397	
481	335	337	297	263	233	198	171	156	144	119	121	96	76	67	60	50	21	15	10	7	12	8	4	9999	11	5	16	48	57	34	61	118	137	126	161	151	190	235	248	269	319	321	376	382	417	454	490	470	533	516	511	559	577	459	464	532	557	655	750	749	752	679	765	768	772	778	783	788	794	801	809	733	636	640	714	762	830	838	843	850	858	866	873	879	887	862	831	767	729	686	728	757	774	861	867	906	911	917	922	927	931	935	939	944	936	909	789	741	713	680	649	619	502	533	563	592	628	533	496	464	432	404	450	543	414	378	366	411	394	314	287	241	251	213	204	154	125	128	107	120	91	110	121	122	146	158	173	160	190	201	214	231	233	234	282	284	322	436	
571	417	415	376	337	297	265	233	217	201	173	171	146	121	110	96	87	52	42	33	29	37	30	17	11	9999	3	13	57	82	66	100	167	192	180	222	212	256	305	320	346	404	404	464	468	502	539	578	552	614	592	581	624	641	506	502	571	597	699	798	802	811	739	828	832	838	841	845	853	857	864	870	810	724	730	793	841	888	892	898	903	907	914	920	923	928	915	895	851	819	782	823	847	856	916	919	938	943	947	950	952	954	956	958	959	957	945	877	839	814	786	759	734	607	637	670	706	737	631	592	559	527	496	552	652	511	473	459	510	490	403	370	318	328	285	274	219	181	188	164	177	143	162	176	178	205	221	236	223	257	269	282	299	303	305	360	363	407	528	
551	395	397	354	315	282	247	214	198	184	156	158	131	107	96	87	76	39	29	21	19	28	22	14	5	3	9999	7	43	62	47	78	137	161	151	190	180	223	269	280	307	362	360	418	422	455	489	528	498	562	540	529	570	585	460	459	526	551	649	749	752	760	688	778	783	788	794	801	809	815	822	830	757	663	672	740	792	850	858	866	873	879	887	894	899	906	888	861	806	768	731	772	804	814	889	891	922	927	931	935	939	944	948	951	953	949	930	839	797	768	739	716	687	560	586	616	650	685	577	542	512	478	451	510	611	475	436	423	470	450	366	333	284	292	251	241	189	154	165	139	155	125	146	158	160	186	201	217	203	236	249	263	280	282	284	337	338	380	502	
604	440	444	399	359	326	284	250	234	218	187	193	160	135	122	116	100	50	36	28	29	46	39	33	16	13	7	9999	23	45	45	74	124	153	144	185	177	219	260	271	302	355	348	406	403	433	466	498	465	523	498	479	517	525	401	396	459	479	571	677	683	695	617	720	728	733	739	747	757	766	775	785	710	614	629	696	755	813	825	834	842	853	862	871	878	888	869	839	779	741	706	753	788	789	875	877	908	916	921	926	933	936	942	946	949	945	924	837	791	767	743	720	695	564	585	612	643	674	561	529	498	472	446	524	645	512	461	436	484	461	378	339	290	296	252	243	196	157	178	153	175	145	172	185	184	215	232	248	231	264	281	301	320	316	315	375	374	416	553	
611	445	457	405	365	342	294	261	246	231	202	216	176	152	140	144	120	61	42	41	47	72	66	71	48	57	43	23	9999	11	30	50	71	99	95	130	127	159	188	195	231	275	259	308	297	321	346	371	336	382	361	339	365	372	266	263	315	336	416	505	512	521	456	543	552	558	566	574	584	592	604	614	538	461	475	535	590	651	664	679	692	707	722	735	748	764	738	705	629	591	561	616	658	646	753	753	809	823	836	847	860	872	883	893	901	896	856	732	684	660	640	619	603	473	488	510	531	555	442	417	394	374	357	456	598	481	417	381	427	393	326	279	239	242	196	193	158	121	158	133	162	143	177	191	186	220	235	251	230	257	283	311	328	317	312	372	369	407	556	
536	378	393	342	306	289	243	216	203	189	167	181	144	125	115	125	100	49	34	39	46	67	64	78	57	82	62	45	11	9999	15	25	34	56	54	82	80	105	128	135	165	202	189	233	225	245	269	294	264	308	289	277	309	322	232	236	286	305	381	460	459	464	401	475	481	485	492	499	507	516	524	533	461	383	394	450	501	562	569	583	593	608	619	635	649	663	634	594	529	494	463	515	550	542	646	648	713	728	741	757	772	788	804	820	835	823	764	615	569	551	533	516	499	378	393	411	431	454	351	328	308	289	275	366	502	401	335	301	340	309	250	208	175	176	137	135	107	76	113	91	120	107	140	152	147	176	188	202	183	206	231	258	275	261	255	311	304	336	476	
426	283	294	251	220	202	165	139	128	118	98	111	81	66	58	66	47	14	8	13	18	29	28	44	34	66	47	45	30	15	9999	7	34	47	41	66	61	85	115	124	144	181	179	222	225	251	278	308	290	342	328	327	376	395	305	317	372	400	481	559	553	549	479	555	557	559	565	567	570	576	583	588	517	430	432	492	540	610	619	630	640	650	660	672	684	696	656	612	547	509	472	513	542	556	658	663	734	746	759	774	786	801	814	829	839	821	753	586	539	516	490	469	449	340	361	382	408	434	346	319	294	271	251	311	421	315	269	246	283	261	200	169	136	139	107	103	73	48	67	50	69	56	80	88	84	109	120	130	116	137	155	177	191	181	178	227	223	252	372	
378	246	258	217	188	177	140	120	111	101	84	100	72	61	55	67	48	23	21	29	34	44	46	67	61	100	78	74	50	25	7	9999	18	24	20	37	33	54	78	84	101	134	133	169	175	197	224	252	240	287	279	284	336	359	283	300	352	378	457	525	514	506	440	503	505	506	508	512	514	518	521	525	456	372	370	430	473	543	552	558	566	574	584	592	604	614	573	535	471	435	401	434	464	475	572	578	651	664	679	692	707	722	735	748	764	738	665	502	459	435	413	392	375	276	292	312	336	362	282	256	234	213	194	251	356	265	217	193	227	206	153	124	95	99	71	67	44	25	44	30	48	42	66	73	68	89	98	107	94	109	128	152	164	153	149	191	186	211	328	
413	278	297	251	225	222	179	161	153	144	129	152	118	109	105	125	100	69	64	75	84	100	102	130	118	167	137	124	71	34	34	18	9999	5	6	17	18	29	40	45	64	88	81	111	106	125	144	167	153	191	181	186	233	252	196	216	258	282	349	405	389	380	322	374	375	376	377	380	381	385	389	393	330	262	261	311	349	410	417	426	432	441	449	459	469	478	446	412	355	326	295	331	362	364	451	455	516	528	539	556	568	583	598	613	631	609	546	413	374	357	342	328	317	220	231	243	259	278	201	181	167	152	139	217	340	266	205	172	198	173	132	97	77	76	50	51	40	24	58	47	72	74	104	111	101	125	133	141	124	134	161	190	201	181	175	219	210	229	358	
361	237	257	213	190	192	153	137	129	123	113	136	105	100	98	120	96	75	74	89	98	109	113	147	137	192	161	153	99	56	47	24	5	9999	0	5	6	13	24	27	40	63	58	84	85	104	123	147	138	178	175	185	239	262	216	241	284	308	374	426	405	389	330	377	376	375	374	375	376	377	380	381	322	252	246	295	328	393	400	405	410	417	426	432	441	449	413	377	325	292	264	294	319	328	412	417	478	490	501	516	528	539	556	568	583	561	494	361	325	305	290	277	266	177	188	203	219	237	169	151	134	120	107	173	286	220	162	132	156	133	97	68	51	50	28	29	24	12	42	34	55	64	88	94	83	104	111	117	101	106	133	161	169	151	142	181	175	189	308	
350	228	248	204	180	180	142	126	120	114	103	124	95	90	87	108	85	67	68	81	89	99	103	135	126	180	151	144	95	54	41	20	6	0	9999	6	5	14	27	31	45	68	65	92	95	114	135	157	153	193	187	199	254	279	229	254	298	325	392	444	426	409	350	399	397	396	395	396	397	399	401	403	340	269	262	312	347	414	420	426	430	436	444	453	461	470	431	394	340	308	278	307	331	344	428	435	498	512	523	535	547	560	572	586	602	577	512	370	333	314	296	284	273	183	195	210	228	248	180	160	142	126	114	175	284	214	160	131	157	135	96	69	50	51	29	28	21	10	37	29	49	56	80	83	74	95	101	108	93	100	124	151	160	142	134	175	167	182	298	
312	201	222	179	161	167	129	118	113	109	102	125	98	96	97	121	100	89	93	108	117	123	129	167	161	222	190	185	130	82	66	37	17	5	6	9999	0	3	12	16	24	42	42	66	71	88	109	130	133	173	171	190	251	277	241	271	312	339	407	449	426	405	347	385	381	380	377	376	375	374	375	376	316	248	236	286	312	381	385	389	393	400	405	410	417	426	383	348	296	267	238	260	282	298	377	384	449	459	469	478	490	501	516	528	539	515	447	312	278	259	243	231	220	139	152	167	181	201	144	125	106	93	81	133	236	177	125	97	119	98	68	43	29	28	12	13	12	8	32	29	46	58	80	82	73	88	94	98	83	85	111	137	144	125	115	151	142	154	264	
302	192	212	169	151	154	120	107	103	99	91	113	87	85	86	110	90	81	84	100	108	114	120	154	151	212	180	177	127	80	61	33	18	6	5	0	9999	4	16	21	27	47	49	73	80	99	120	143	146	186	184	205	266	294	254	285	328	355	425	470	444	426	365	407	403	401	399	397	396	395	396	397	336	264	252	303	330	403	407	409	414	420	426	430	436	444	402	366	313	282	252	274	295	314	394	403	470	477	487	498	512	523	535	547	560	533	464	326	287	270	252	237	226	147	158	175	192	212	154	134	115	100	85	135	234	174	122	96	120	100	67	44	28	29	13	12	10	5	26	23	39	51	70	73	64	80	83	89	74	79	101	126	134	115	106	142	134	149	254	
295	190	213	172	154	164	128	120	116	113	110	133	107	110	112	137	116	111	115	133	142	149	154	194	190	256	223	219	159	105	85	54	29	13	14	3	4	9999	6	9	12	27	29	49	56	73	91	113	119	156	158	181	246	275	248	280	321	348	412	450	423	398	342	372	369	366	363	360	359	356	355	354	298	232	217	265	288	359	360	363	366	369	372	379	384	390	349	313	268	237	209	228	248	267	340	348	413	423	429	440	450	461	471	482	495	468	404	274	241	224	209	196	186	113	123	137	153	169	120	101	84	72	61	108	208	157	105	78	97	77	52	28	19	18	6	7	13	14	36	36	51	68	86	87	78	91	95	99	84	83	107	135	140	120	111	142	133	142	248	
319	214	241	197	182	196	159	153	150	148	145	172	145	148	150	178	155	149	153	172	181	189	197	241	235	305	269	260	188	128	115	78	40	24	27	12	16	6	9999	0	5	14	12	27	32	46	62	80	86	120	122	149	209	238	222	257	293	319	376	407	374	349	296	324	317	312	309	305	303	301	299	298	249	186	172	215	236	299	301	303	305	309	312	317	324	328	290	258	217	188	164	181	201	216	284	289	349	357	366	374	384	394	407	417	428	406	345	233	203	188	177	168	162	91	99	107	120	134	85	72	58	49	40	98	206	167	107	75	91	69	52	26	23	20	11	14	28	32	57	60	76	98	119	120	108	122	125	127	113	109	136	165	169	147	135	167	154	161	269	
331	228	254	210	195	210	174	166	162	160	157	185	157	160	162	193	168	158	163	181	194	203	210	254	248	320	280	271	195	135	124	84	45	27	31	16	21	9	0	9999	6	13	10	23	26	39	54	70	77	108	112	136	195	224	212	248	280	305	362	388	358	330	282	304	300	295	291	288	286	284	282	281	233	173	157	199	221	282	284	286	288	291	295	300	304	311	275	243	202	176	152	172	190	203	270	276	330	339	348	358	368	377	388	401	412	389	331	224	195	183	174	166	160	90	95	103	114	126	79	65	54	45	39	100	210	175	114	80	95	70	55	29	27	23	14	19	35	39	67	69	85	110	131	132	120	135	137	138	125	120	149	177	183	157	147	177	167	172	280	
282	189	216	176	165	181	150	146	145	144	146	173	150	155	159	191	169	172	179	200	212	214	225	271	269	346	307	302	231	165	144	101	64	40	45	24	27	12	5	6	9999	4	8	19	28	42	57	76	91	125	130	164	233	264	257	297	332	362	418	442	407	374	325	342	334	328	324	317	312	309	305	303	254	193	173	217	232	298	297	298	299	301	303	305	309	312	273	240	200	174	149	158	175	196	258	268	328	334	342	349	357	366	374	384	394	367	307	194	167	152	139	130	125	64	71	81	93	106	71	55	42	31	24	69	165	134	81	52	64	44	33	12	14	11	9	13	32	42	62	67	80	105	122	121	110	119	120	121	108	100	125	153	155	130	120	147	135	137	235	
287	202	231	191	181	205	173	171	172	173	176	205	181	191	196	231	209	213	222	244	256	260	271	321	319	404	362	355	275	202	181	134	88	63	68	42	47	27	14	13	4	9999	4	8	19	30	44	60	80	109	118	154	225	257	264	308	339	367	419	434	395	361	312	323	313	306	300	294	287	283	279	275	230	174	150	190	199	266	265	264	263	264	265	266	269	272	230	200	166	138	116	123	137	159	217	226	283	287	294	300	306	313	323	329	340	312	257	154	129	118	109	102	98	44	48	55	66	78	48	34	24	15	11	56	152	133	78	47	55	34	33	14	22	17	21	26	52	66	84	94	105	136	153	150	137	146	145	144	132	120	146	175	176	150	137	159	149	147	241	
339	243	275	231	220	242	205	201	199	198	201	233	205	211	214	251	226	219	225	248	260	270	278	328	321	404	360	348	259	189	179	133	81	58	65	42	49	29	12	10	8	4	9999	4	8	17	28	42	56	82	88	120	181	213	219	259	287	312	362	376	339	308	264	275	268	261	255	251	246	242	239	236	193	138	121	158	172	232	231	232	233	234	236	239	242	246	210	183	149	124	103	117	133	147	203	209	261	268	275	282	289	298	308	318	328	307	256	164	139	130	125	121	119	57	60	64	71	81	42	31	24	19	17	80	189	169	106	72	81	55	54	29	37	30	29	36	62	71	100	105	122	153	175	173	158	171	172	173	157	148	176	208	211	181	168	196	183	182	287	
350	261	294	251	242	269	233	231	232	233	236	269	242	251	255	294	268	264	271	295	310	318	328	382	376	464	418	406	308	233	222	169	111	84	92	66	73	49	27	23	19	8	4	9999	4	11	19	30	49	71	81	115	179	212	229	275	298	325	367	371	332	297	257	259	252	243	237	231	226	220	214	211	174	124	102	137	145	203	201	199	198	199	201	203	205	208	174	149	116	95	75	85	100	113	164	169	220	226	231	237	243	252	259	270	278	257	212	128	109	102	98	96	98	44	42	44	48	55	24	15	11	8	11	73	181	175	111	73	78	53	59	37	50	42	46	54	84	98	127	136	153	186	208	205	190	201	199	198	185	172	201	234	236	205	190	214	200	196	298	
407	306	342	294	283	309	269	265	264	263	265	299	269	275	279	317	287	276	278	302	318	329	340	394	382	468	422	403	297	225	225	175	106	85	95	71	80	56	32	26	28	19	8	4	9999	2	8	17	29	48	55	84	141	169	188	231	252	276	312	319	282	251	213	216	209	202	196	191	186	181	178	176	138	95	78	110	120	172	171	172	173	175	176	178	181	186	157	135	103	83	68	84	101	104	154	158	202	209	216	224	233	241	251	260	271	256	214	143	125	121	119	121	125	64	60	57	60	64	24	19	17	19	24	101	225	214	144	101	106	78	83	56	69	60	58	68	100	109	148	153	175	208	234	233	217	231	232	233	215	203	236	272	275	242	227	255	240	237	350	
443	342	378	328	317	346	303	299	298	297	299	337	303	309	312	353	324	305	308	333	350	366	374	431	417	502	455	433	321	245	251	197	125	104	114	88	99	73	46	39	42	30	17	11	2	9999	2	8	20	34	42	72	125	153	177	220	237	258	292	294	256	225	190	189	182	176	169	165	159	155	153	150	116	75	60	87	97	145	144	145	146	148	150	153	155	159	135	114	83	68	54	73	89	85	134	137	176	182	189	197	207	214	225	235	245	235	197	137	121	119	121	125	130	71	64	60	57	60	19	17	19	24	31	115	245	241	167	120	125	93	103	73	87	78	77	86	122	130	175	178	203	239	266	265	249	263	264	265	248	234	269	305	309	275	257	287	273	268	384	
478	378	417	365	353	385	340	337	336	335	337	376	340	346	350	393	360	339	340	368	384	402	411	469	454	539	489	466	346	269	278	224	144	123	135	109	120	91	62	54	57	44	28	19	8	2	9999	2	12	24	31	61	111	137	168	211	226	246	276	271	234	201	169	167	158	152	147	139	136	130	127	125	95	59	44	69	77	120	119	120	121	122	125	127	130	136	114	95	68	54	41	63	80	72	115	117	152	158	167	175	181	192	201	212	222	214	182	133	119	121	125	130	139	81	71	64	60	57	17	19	24	31	42	133	269	270	189	140	144	111	124	91	110	98	97	108	148	155	203	208	234	272	301	299	282	297	298	299	281	266	303	343	346	309	291	324	304	300	422	
519	417	457	405	393	427	380	376	375	374	376	417	380	385	389	434	400	375	374	403	422	441	449	510	490	578	528	498	371	294	308	252	167	147	157	130	143	113	80	70	76	60	42	30	17	8	2	9999	9	15	24	52	98	123	162	205	214	235	258	251	213	179	153	144	137	129	123	118	113	109	105	102	75	45	30	52	58	97	96	97	98	100	102	105	109	113	95	79	54	41	33	56	73	58	100	100	129	137	144	153	161	169	179	190	201	197	169	131	121	125	130	139	152	93	81	71	64	60	19	24	31	42	55	153	294	298	216	164	167	129	149	113	133	121	120	132	175	181	234	239	266	305	338	337	318	335	336	337	316	301	340	381	385	346	327	360	341	334	459	
585	470	512	453	436	467	414	407	403	401	397	438	395	397	399	443	403	365	360	386	406	430	436	492	470	552	498	465	336	264	290	240	153	138	153	133	146	119	86	77	91	80	56	49	29	20	12	9	9999	5	7	24	61	81	112	148	155	174	195	192	160	134	106	107	103	99	95	91	90	87	86	85	58	29	25	44	59	90	91	95	99	103	107	114	120	126	115	101	73	63	56	90	112	83	129	126	151	160	169	180	192	204	214	228	241	243	220	185	175	178	186	196	209	137	123	113	105	100	46	52	61	72	84	200	360	355	264	207	213	172	182	139	155	143	135	148	185	186	248	248	281	316	355	356	337	360	363	366	343	330	372	420	426	384	365	406	386	383	523	
651	533	574	516	499	533	475	469	467	464	460	505	458	460	462	508	467	426	417	444	465	492	499	558	533	614	562	523	382	308	342	287	191	178	193	173	186	156	120	108	125	109	82	71	48	34	24	15	5	9999	2	18	48	67	107	144	148	162	177	167	134	106	85	81	74	71	67	64	62	60	58	57	36	13	11	25	38	62	64	67	71	74	81	85	93	100	95	83	59	54	51	85	107	73	113	107	125	134	144	154	167	177	189	203	216	226	208	190	181	191	202	216	233	161	144	129	118	109	55	66	78	93	111	235	404	407	308	246	251	207	223	177	196	181	175	187	232	233	298	298	336	375	416	417	397	421	424	427	403	389	434	481	485	445	426	465	444	441	583	
679	551	592	533	516	543	485	475	474	469	464	508	460	458	459	505	462	414	405	430	451	481	485	543	516	592	540	498	361	289	328	279	181	175	187	171	184	158	122	112	130	118	88	81	55	42	31	24	7	2	9999	9	34	52	85	119	122	137	153	144	115	93	72	71	67	64	62	60	58	57	58	60	36	13	15	29	47	67	71	74	81	85	93	100	106	115	114	103	75	70	68	107	131	91	136	128	144	154	167	177	189	203	216	229	243	255	239	221	211	220	231	243	259	181	167	152	139	130	71	81	93	106	125	256	432	428	328	264	271	225	238	188	206	191	178	193	234	231	301	298	338	375	419	421	401	427	429	434	409	400	445	492	499	457	436	479	461	459	608	
754	615	661	590	570	597	536	522	517	511	497	544	491	483	482	528	480	421	407	429	452	486	491	544	511	581	529	479	339	277	327	284	186	185	199	190	205	181	149	136	164	154	120	115	84	72	61	52	24	18	9	9999	12	24	51	77	78	90	103	100	79	63	42	52	51	50	51	52	54	56	59	63	38	20	32	42	68	79	84	92	100	108	117	126	137	149	153	143	113	110	107	157	185	135	181	174	182	195	209	223	237	253	268	284	300	317	303	288	279	287	300	313	329	241	224	209	196	186	113	123	137	153	169	320	513	498	391	321	331	280	287	233	243	229	210	226	262	252	330	326	369	403	452	456	434	467	472	476	451	444	492	545	554	512	488	538	519	523	686	
856	734	777	711	684	710	640	619	610	603	588	637	576	567	565	607	557	479	460	482	506	550	551	601	559	624	570	517	365	309	376	336	233	239	254	251	266	246	209	195	233	225	181	179	141	125	111	98	61	48	34	12	9999	3	29	48	43	50	56	53	38	30	14	30	32	34	38	42	47	53	58	66	45	36	57	62	91	89	98	107	118	128	139	153	165	177	193	187	157	157	160	221	252	184	234	221	220	235	251	266	283	300	317	336	353	381	375	372	365	378	393	411	431	328	308	289	275	261	176	189	207	225	245	419	631	613	496	419	432	371	379	312	325	308	282	296	334	317	410	400	451	481	537	543	522	558	566	574	545	540	592	650	660	614	590	651	629	635	801	
889	781	818	755	732	751	685	663	654	644	627	678	611	600	594	641	585	505	479	503	526	572	571	622	577	641	585	525	372	322	395	359	252	262	279	277	294	275	238	224	264	257	213	212	169	153	137	123	81	67	52	24	3	9999	23	38	30	36	39	37	26	22	8	29	33	37	41	47	54	61	68	74	56	50	77	78	112	103	113	124	136	149	159	174	186	200	221	217	184	186	190	254	288	215	265	250	246	262	279	295	312	330	350	369	389	421	415	420	410	426	441	459	478	370	350	329	313	300	209	224	241	260	282	466	687	667	544	464	476	418	422	351	361	344	314	329	368	347	444	430	484	517	572	581	558	597	606	615	584	582	638	695	709	661	639	700	679	686	842	
883	757	790	728	694	707	635	608	593	583	562	604	540	524	516	552	499	409	381	401	421	469	467	506	459	506	460	401	266	232	305	283	196	216	229	241	254	248	222	212	257	264	219	229	188	177	168	162	112	107	85	51	29	23	9999	5	10	15	34	58	60	67	45	85	93	100	106	115	125	134	144	154	123	105	137	149	191	189	203	216	229	243	258	275	290	306	324	312	272	266	264	335	374	303	369	353	360	378	398	417	436	457	476	499	522	548	534	508	491	497	511	522	536	413	398	384	372	366	257	266	277	290	305	490	716	670	550	472	495	435	422	348	345	331	294	307	328	298	394	374	431	449	510	519	498	541	555	566	535	539	590	649	663	620	602	670	650	666	835	
909	804	836	772	741	748	680	649	635	619	593	639	569	551	540	574	524	426	393	409	429	481	475	514	464	502	459	396	263	236	317	300	216	241	254	271	285	280	257	248	297	308	259	275	231	220	211	205	148	144	119	77	48	38	5	9999	5	9	29	60	67	81	58	106	115	125	134	144	154	167	177	189	157	138	176	186	235	229	243	258	275	290	306	325	342	360	379	369	326	320	316	395	436	360	429	414	417	436	457	476	499	522	543	566	588	617	604	577	559	567	576	588	603	473	457	445	434	427	309	317	328	342	357	552	777	731	607	528	555	490	472	395	389	376	331	345	364	328	428	407	465	478	541	555	535	578	590	607	572	583	637	694	713	670	650	723	705	721	873	
930	848	877	826	797	806	739	716	700	687	661	709	638	615	606	644	587	485	456	474	494	548	544	583	532	571	526	459	315	286	372	352	258	284	298	312	328	321	293	280	332	339	287	298	252	237	226	214	155	148	122	78	43	30	10	5	9999	1	13	37	45	58	42	85	95	104	114	123	135	147	157	169	143	133	172	176	223	210	226	240	255	273	287	304	324	341	366	360	318	315	318	399	440	355	421	403	400	420	439	461	481	504	525	548	570	607	598	585	570	583	595	610	630	497	479	465	451	439	324	334	349	366	384	585	812	776	653	568	590	528	515	434	432	418	373	389	412	377	482	461	523	538	605	615	593	642	656	671	635	643	699	754	768	731	713	776	757	770	900	
940	875	896	852	829	837	774	746	734	725	696	739	672	650	640	679	619	517	481	497	521	576	570	609	557	597	551	479	336	305	400	378	282	308	325	339	355	348	319	305	362	367	312	325	276	258	246	235	174	162	137	90	50	36	15	9	1	9999	8	32	42	58	45	89	98	107	118	128	139	153	165	177	153	145	184	187	236	220	235	251	266	283	300	317	336	353	381	377	336	336	338	421	464	374	440	421	414	434	456	475	497	521	544	567	589	629	621	614	600	611	627	644	663	530	512	492	476	467	347	360	375	392	413	619	840	809	690	602	627	560	546	466	463	447	404	419	442	407	516	490	555	569	639	651	629	679	692	707	671	680	735	786	801	764	745	809	789	804	918	
955	913	929	899	885	890	844	827	816	804	784	824	762	744	734	769	718	606	570	589	614	676	671	715	655	699	649	571	416	381	481	457	349	374	392	407	425	412	376	362	418	419	362	367	312	292	276	258	195	177	153	103	56	39	34	29	13	8	9999	12	24	40	36	73	82	91	102	113	125	137	150	162	145	148	190	185	231	205	221	236	252	269	286	303	322	340	375	375	338	343	350	434	475	380	437	415	401	421	443	464	483	508	532	555	577	621	623	637	627	644	663	685	709	573	552	530	512	492	375	392	413	435	459	680	880	860	755	667	690	616	609	526	529	513	468	483	516	478	593	569	639	660	730	739	720	764	777	787	755	759	812	855	867	837	819	869	854	863	941	
958	927	938	917	906	914	879	866	858	850	838	870	822	809	801	838	788	691	657	681	707	760	758	800	750	798	749	677	505	460	559	525	405	426	444	449	470	450	407	388	442	434	376	371	319	294	271	251	192	167	144	100	53	37	58	60	37	32	12	9999	5	17	21	42	50	57	67	76	85	96	107	119	112	124	165	153	190	156	171	184	198	214	231	247	263	280	320	326	295	304	316	398	436	336	381	360	335	354	374	395	415	436	458	479	502	553	565	597	592	614	639	664	692	568	539	516	490	469	361	382	408	434	464	685	886	875	772	685	703	628	634	550	560	539	501	523	562	533	650	630	697	728	787	796	775	814	824	833	803	804	849	887	894	868	853	890	878	885	948	
952	911	928	899	887	898	858	843	838	830	815	853	801	788	783	823	772	681	650	675	701	752	751	797	749	802	752	683	512	459	553	514	389	405	426	426	444	423	374	358	407	395	339	332	282	256	234	213	160	134	115	79	38	26	60	67	45	42	24	5	9999	5	10	22	28	35	42	50	57	67	76	85	80	94	128	116	150	119	131	144	156	171	184	198	214	231	266	272	246	255	268	342	378	283	326	303	280	297	315	335	354	374	395	415	436	482	494	533	530	552	573	599	627	515	483	459	435	413	312	336	362	387	418	628	846	839	728	634	648	577	586	509	523	501	469	487	533	507	619	603	668	703	763	769	747	787	796	805	775	772	824	866	873	841	825	868	853	855	935	
943	894	914	879	866	882	838	822	815	809	794	838	783	772	768	811	760	675	647	674	699	749	748	798	752	811	760	695	521	464	549	506	380	389	409	405	426	398	349	330	374	361	308	297	251	225	201	179	134	106	93	63	30	22	67	81	58	58	40	17	5	9999	5	8	12	17	22	28	35	42	50	57	54	68	98	84	113	85	96	107	119	131	144	156	171	184	218	223	200	210	223	290	325	235	272	252	231	247	263	280	297	315	335	354	374	419	429	470	469	490	516	539	568	464	434	408	382	361	271	294	319	346	376	577	804	801	680	586	598	533	547	471	487	469	441	461	507	485	595	583	644	682	742	748	728	763	769	780	747	744	796	843	850	814	793	841	825	827	922	
925	853	881	834	813	834	775	757	747	739	728	771	715	702	695	739	688	598	571	597	621	674	673	728	679	739	688	617	456	401	479	440	322	330	350	347	365	342	296	282	325	312	264	257	213	190	169	153	106	85	72	42	14	8	45	58	42	45	36	21	10	5	9999	12	16	21	26	32	39	46	54	62	50	56	84	78	108	90	100	112	122	135	148	160	175	187	214	217	190	196	206	273	304	223	265	248	234	250	266	284	301	320	338	359	377	415	421	444	441	459	478	501	528	422	395	370	350	329	241	260	282	305	331	526	753	745	616	533	544	478	489	417	431	413	383	402	444	426	529	517	572	606	669	678	652	693	705	714	679	674	732	785	793	751	730	785	764	767	895	
928	866	892	850	838	857	809	794	788	783	772	817	765	758	755	800	751	675	652	681	707	751	752	804	765	828	778	720	543	475	555	503	374	377	399	385	407	372	324	304	342	323	275	259	216	189	167	144	107	81	71	52	30	29	85	106	85	89	73	42	22	8	12	9999	0	2	5	8	12	17	22	28	26	41	66	52	73	50	57	67	76	85	96	107	119	131	160	166	149	157	170	229	258	177	208	190	171	184	198	214	231	247	263	280	297	338	350	392	394	417	442	468	496	404	371	346	321	297	222	245	271	297	328	518	741	746	619	535	539	475	498	429	453	432	410	430	481	469	570	565	617	661	723	727	702	736	742	748	720	712	763	815	822	780	757	805	785	784	899	
923	858	888	843	830	853	801	788	783	778	768	813	760	755	752	799	750	677	655	683	711	752	755	807	768	832	783	728	552	481	557	505	375	376	397	381	403	369	317	300	334	313	268	252	209	182	158	137	103	74	67	51	32	33	93	115	95	98	82	50	28	12	16	0	9999	0	2	5	8	12	17	22	21	37	58	45	64	42	50	57	67	76	85	96	107	119	148	153	136	147	158	216	243	165	193	176	156	171	184	198	214	231	247	263	280	320	330	374	377	401	426	451	478	389	360	331	307	285	212	235	260	287	318	502	728	734	608	523	528	465	487	423	444	426	405	426	475	467	567	559	614	657	717	723	695	732	736	742	715	703	756	809	815	769	747	796	775	772	894	
920	850	882	838	822	845	794	783	778	772	765	811	758	752	751	798	749	679	657	688	715	755	758	811	772	838	788	733	558	485	559	506	376	375	396	380	401	366	312	295	328	306	261	243	202	176	152	129	99	71	64	50	34	37	100	125	104	107	91	57	35	17	21	2	0	9999	0	2	5	8	12	17	16	33	53	38	56	35	42	50	57	67	76	85	96	107	135	138	124	135	149	203	229	153	178	162	144	156	171	184	198	214	231	247	263	301	312	358	361	382	408	434	464	376	346	319	294	271	201	225	251	278	308	489	713	725	593	512	516	454	477	413	436	417	400	420	474	464	565	557	609	655	715	717	691	727	732	736	708	694	748	801	809	763	739	787	766	762	887	
