NAME: ulysses22.tspPreorder
TYPE: ATSP
DIMENSION: 22
EDGE_WEIGHT_TYPE: EXPLICIT
EDGE_WEIGHT_FORMAT: FULL_MATRIX 
EDGE_WEIGHT_SECTION
9999	78	72	40	174	121	106	10	171	119	208	75	68	81	102	16	46	41	111	100	97	17	
78	9999	7	59	196	187	181	89	193	182	215	156	153	161	179	99	18	69	180	169	165	58	
72	7	9999	74	195	185	175	90	191	173	214	144	142	155	176	91	28	83	170	157	154	63	
40	59	74	9999	186	159	149	26	188	167	212	122	115	117	127	79	24	1	160	145	143	7	
174	196	195	186	9999	60	101	166	137	139	194	118	112	96	70	168	190	184	132	135	136	183	
121	187	185	159	60	9999	14	120	87	69	197	38	39	30	29	107	177	158	55	57	58	141	
106	181	175	149	101	14	9999	110	71	36	198	14	20	28	47	88	163	148	23	22	27	131	
10	89	90	26	166	120	110	9999	178	130	209	84	73	76	94	37	50	25	123	109	108	11	
171	193	191	188	137	87	71	178	9999	42	192	95	105	116	125	140	189	188	49	64	67	186	
119	182	173	167	139	69	36	130	42	9999	199	43	56	80	103	92	172	168	2	8	9	147	
208	215	214	212	194	197	198	209	192	199	9999	204	206	205	203	207	213	211	200	201	202	210	
75	156	144	122	118	38	14	84	95	43	204	9999	3	15	44	51	133	121	32	19	21	104	
68	153	142	115	112	39	20	73	105	56	206	3	9999	6	35	48	129	113	45	33	34	98	
81	161	155	117	96	30	28	76	116	80	205	15	6	9999	13	65	134	114	62	53	54	102	
102	179	176	127	70	29	47	94	125	103	203	44	35	13	9999	96	152	124	93	86	88	117	
16	99	91	79	168	107	88	37	140	92	207	51	48	65	96	9999	77	82	85	66	61	52	
46	18	28	24	190	177	163	50	189	172	213	133	129	134	152	77	9999	31	164	151	150	23	
41	69	83	1	184	158	148	25	188	168	211	121	113	114	124	82	31	9999	162	146	144	12	
111	180	170	160	132	55	23	123	49	2	200	32	45	62	93	85	164	162	9999	4	5	138	
100	169	157	145	135	57	22	109	64	8	201	19	33	53	86	66	151	146	4	9999	0	128	
97	165	154	143	136	58	27	108	67	9	202	21	34	54	88	61	150	144	5	0	9999	126	
17	58	63	7	183	141	131	11	186	147	210	104	98	102	117	52	23	12	138	128	126	9999	
EOF