NAME: ulysses16.tspPreorder
TYPE: ATSP
DIMENSION: 16
EDGE_WEIGHT_TYPE: EXPLICIT
EDGE_WEIGHT_FORMAT: FULL_MATRIX 
EDGE_WEIGHT_SECTION
9999	38	33	18	88	67	57	3	86	65	113	36	29	41	54	7	
38	9999	2	26	104	97	93	45	101	94	117	80	78	82	92	52	
33	2	9999	35	103	95	89	46	99	87	116	76	75	79	90	47	
18	26	35	9999	96	81	77	9	98	84	115	68	61	63	70	39	
88	104	103	96	9999	27	53	83	72	73	102	64	60	51	31	85	
67	97	95	81	27	9999	5	66	43	30	105	16	17	12	11	58	
57	93	89	77	53	5	9999	59	32	14	106	5	8	10	22	44	
3	45	46	9	83	66	59	9999	91	71	114	42	34	37	49	15	
86	101	99	98	72	43	32	91	9999	19	100	50	56	62	69	74	
65	94	87	84	73	30	14	71	19	9999	107	20	25	40	55	48	
113	117	116	115	102	105	106	114	100	107	9999	109	111	110	108	112	
36	80	76	68	64	16	5	42	50	20	109	9999	0	6	21	24	
29	78	75	61	60	17	8	34	56	25	111	0	9999	1	13	23	
41	82	79	63	51	12	10	37	62	40	110	6	1	9999	4	28	
54	92	90	70	31	11	22	49	69	55	108	21	13	4	9999	51	
7	52	47	39	85	58	44	15	74	48	112	24	23	28	51	9999	
EOF